1000
5920148.397077678 6559812.657881118 12
6636977.718498672842303877450 6712179.433746619798347731120 165
5732031.717124313295816997374 6954658.984008653357753258921 110
5435451.552723251205319716721 7769506.288758711147185130340 22
6252259.520695000664943884267 8099518.129290420699447888086 120
6015663.243333152220013738134 8509314.902562800590203736596 330
6849879.162293887331765888455 8027680.117188548562426114050 261
6819119.961335779142690649600 7833474.165549099166567212536 185
6235580.261799627880992164128 7782421.057122362171760933566 41
488505.607156553 6026184.396692783 223
3853077.2865571417 5310533.448807592 354
6084131.451481879 7118124.961271143 237
7825422.64229215 2811662.569376868 235
4350679.269217237 1129105.0236068356 329
3157233.8141703904 580737.3756753242 237
1017863.418862951 8485719.030400401 229
2543007.858962134 6462912.479638111 17
4826754.049552459 4790061.427441751 269
1600656.9064254994 747794.6303267035 306
1853384.7604099584 5258563.95520212 140
9254305.081047973 6197404.381653073 207
6678383.782021201 1193178.2816983482 354
720880.0495705447 6427100.39420053 79
7154976.675028242 4585244.340488254 197
5403429.874080483 4301634.732177211 295
1701802.8455950173 5613528.019554005 139
5826372.54043465 5881216.796166854 104
378087.68277418194 7260586.512499336 114
4803908.1757485205 9593570.94566401 177
90925.6444072426 949171.9270271137 180
8613156.711033944 9746710.316332323 10
6183519.185764319 5392891.509977211 21
9076103.527160486 390731.5561240576 267
1317160.4928034674 5549675.507910691 148
4647370.781540042 5005021.521601002 292
3706122.452220608 2569018.485947214 159
7891658.778296517 6504804.765437546 65
7469880.239150569 5116706.41286458 134
2735469.2361399448 6367596.489639214 318
2738525.7796145757 1252672.7722458132 46
5032121.109514207 2624667.1963052424 223
9664256.256925596 5378164.4387804335 204
741830.2011127764 4548478.524947417 281
4237533.8095014505 1540693.0761737626 277
8557212.524482852 2727594.6765960944 220
8318860.322105985 3393067.1274583135 109
2062638.3374769352 9407931.223585516 49
4547068.5717287185 393438.1070912796 308
8607796.351880586 5455330.892323659 66
7346931.173697374 7127953.580650668 254
7898753.524803468 670946.9168367499 155
1027557.2559717693 4340275.704154268 14
2512377.2299729353 8508084.654195063 202
5888335.713851592 5481940.8041425925 88
8473983.883198524 5116133.271567019 6
8183471.627868408 2205966.8844509018 238
9859300.083130557 3663171.984563286 3
6611685.227766644 1494257.2914088059 8
9290749.413744496 1467194.8384450527 158
4107381.9177190606 406182.56635598815 127
5639713.5940546235 9681260.16089012 160
6083774.170642147 2438341.6519422075 318
9169782.491724635 725057.3615055301 203
2560850.983363806 2471014.9451562213 333
4619523.0153146805 8784019.399298307 232
9956834.171849342 6085673.256860917 61
5091176.108866158 167598.51678915805 50
3041436.5502279485 730417.2030819756 4
9643275.850340003 1479781.4812571285 53
9059583.394733151 6299449.224550412 11
7485751.870961717 1552150.1355966127 179
1417022.9226340859 1750708.3448688698 195
9239490.162572837 9700674.78887597 293
863131.2912098665 1641467.3625688525 76
5613359.473172251 334626.2857931515 108
5781468.155415053 3108148.6170121753 25
1122171.1502695286 8341913.8385249935 92
6335007.099005232 5151690.947565802 148
3227606.320347892 3215119.0307461717 4
3728512.857249614 2415566.4946197807 280
4120590.438701689 4248910.097766362 139
9091517.823965274 7920633.414850826 47
6921139.765541413 2973464.2084543705 88
103733.29177870371 5921773.181546984 334
6221849.42694018 4909417.597023275 310
7868111.626034039 4902776.51179641 306
294266.0708438039 3986718.31628983 130
6657967.991756721 9914997.669336809 59
3225171.4574394384 5856749.634593997 201
9565200.787023291 8105217.612605873 36
6137957.51325954 2009230.5135808531 84
5791906.155697671 5993964.137139925 225
3161706.9036332057 4574004.54010161 50
4146216.4588341042 6955634.457423433 349
3880629.398913086 4508817.896085165 54
3354623.058901037 7818736.435285927 156
9829220.071161378 2446503.581136823 167
7772981.84559088 9468566.755609518 293
2218543.003558564 4815678.815506201 107
4004126.97937208 9552568.062582929 99
7867510.598810061 3078881.137693381 250
4979902.733307768 9653396.818237504 352
2609690.7268177015 1088221.449971909 285
1510269.0272418917 4075553.868356303 39
885043.2808079978 5213131.994833804 117
3872708.987475033 9198905.013789158 278
5115485.855879324 7712376.676245037 259
8053646.712380013 283662.94539039495 273
6511746.476097037 9455234.103823107 347
5355905.232763816 6570362.507084409 283
2239269.290204906 506494.0479008695 105
8771908.64913961 9319625.038654871 186
1213681.8039674424 7305273.1826995155 23
8935163.819166716 5364651.183644342 284
7170032.373602479 8572557.25881397 270
3818946.6666177996 5804482.929515939 193
1989629.418348906 3545563.468080715 45
7672620.910653645 4746293.071469051 275
9827890.482848432 7754556.94541 258
427293.4267897488 7802925.679484934 118
3497803.841453767 7875752.093528731 96
2983631.4744014293 1361150.9386019905 203
9432260.992708568 1591374.13589855 223
4430771.758271008 2700797.092705304 80
6038556.177275704 3574000.420050624 10
7510092.1845139405 1932587.7774863264 169
4048147.0505378046 6207719.747598992 44
1304494.4040743478 2772597.086997387 271
1663351.6975729223 752519.877147615 199
9491378.727900624 2448226.7249616543 97
9967366.185749002 1172964.0986881163 311
7317797.4230631525 37222.434948742666 320
4703066.017000196 8076451.966616969 316
5678292.854976507 2756473.810026353 5
7448137.1156130275 672675.8931295851 337
2810410.097608108 4684338.327061351 4
2827219.852627073 9027593.618149603 237
4855175.094592261 9064612.374012223 261
3230552.720099067 9383088.68192373 93
5283852.622929571 7733923.669277211 76
4086411.849478002 7744749.711632763 262
8417595.811131686 5840308.500165777 41
9035660.89293744 7000496.189791411 16
5501457.565791719 4732081.535683257 30
814540.9715854779 8173419.616749061 154
7059615.942116277 7988497.043385574 89
2776594.210578012 5184748.076517497 179
8823456.001980515 5041922.84077432 115
7421974.868539209 8496681.647093883 52
8503545.864681764 5856324.622872742 126
4918023.261280058 5812826.001318469 190
1934200.3832493403 4305392.641667407 2
5978573.634667717 8228943.046816595 264
1174266.620974972 9476468.135204516 296
552684.8066443945 2325636.666203992 113
124025.12504901209 8202099.266684774 177
5514330.76724286 7552888.818880975 4
8976087.42662418 1669231.2040766887 300
2644865.7098138495 4472770.292221314 71
9070499.824233737 1142087.7767075843 285
76543.70410888789 6029960.009429938 208
2845298.3304476365 8333941.489720314 221
8030517.460460441 3595852.5650143935 194
8333998.7459189575 3570845.2256997726 97
6560468.577722657 4280972.627249837 134
6395372.704105108 6214873.857097537 51
6638990.654794605 8061111.048618616 233
2063491.8835525883 9972536.149610605 325
9444643.460094122 8637870.28712008 233
4208523.9085504245 3602969.207783383 75
5044364.053885498 4016014.572916744 38
1059408.4231594258 130911.71985190164 6
1898888.3442792736 3644319.984591351 81
5712501.8902774975 9289242.308430571 165
9537282.547434753 6103847.166737877 295
4268903.010724512 9028981.278691825 195
7862440.350317019 9727896.364120796 65
3077305.295218248 6867594.632602751 273
2962097.3842219557 1407561.7057952904 130
9136712.453040658 1677805.8340691759 227
1419656.8432832323 1194222.4225393427 64
1060409.4303889421 6963071.340171851 87
9851570.00725987 3728141.0992200803 27
1392372.7261723795 9644228.049804306 268
5426948.996732212 2052294.4633795547 313
3351224.4021781357 5766679.050046553 78
1373717.8787623383 8996240.027598538 235
1175818.0455354815 1330392.5882566792 42
1373302.5968615753 1660476.100571835 175
2591692.4738348015 6601750.285713236 214
2679404.8992110966 3849496.0648436104 115
5589039.899447694 5319476.908209208 194
9053901.535854187 2159402.3856498036 202
7044336.451870174 1610941.149355122 139
9353690.86249241 375973.0509233117 215
856022.8094960277 3311023.2922913698 138
7588390.74045494 1291132.575948416 251
9502661.484261403 5497443.755672223 104
5935968.383977187 4307481.870650211 284
3258897.808904626 26596.02365537639 204
2071714.2979875791 1128610.3096451517 6
3502580.912634934 5266841.23230486 230
7280373.781896113 2537898.432270543 0
924860.6892668909 9975065.609765964 179
557895.1678224353 223859.34198879797 274
8135264.8799764495 1861085.6760954354 275
3855724.183682646 6255207.290586984 220
7099028.6668595 7481367.847270597 154
2031881.5828671067 2014531.0759710479 256
2702881.7982396367 7426968.895121407 9
165073.5901656608 5868771.640133881 235
917819.5590594551 9620362.489543904 245
9380293.619405998 7779873.835010961 304
4982468.063439235 129267.10324341117 17
4168310.865063455 8023912.428858855 186
3707563.2125287238 1575672.4836747926 20
1710322.7187990476 1411182.8464701849 214
1462686.8491193012 641995.8143439731 273
1502185.3563059028 3156667.4313725242 14
7830700.47879 1983084.6706298199 138
4299967.004703489 6532868.668178064 1
7036733.928851719 1799687.2920733497 321
7645429.838410235 535765.2308992767 354
7091176.136651424 7159617.516223658 117
6984442.711052353 8960396.35817505 109
2160106.120760075 1529820.532365773 321
3765829.146594689 4288879.570559962 69
689493.238015807 9032525.118892126 90
3847287.3193387436 9970444.128016332 42
4883043.176811526 5621640.914712128 215
7871153.473110289 8694062.202509837 204
5989209.479522388 2473952.7442276333 179
4611802.063825318 6376122.76460857 182
756215.2916399057 2416552.908543311 133
3699234.0548805427 115493.73449662115 302
8639401.45373431 9315008.533450501 349
2563666.7992330953 9136043.224054273 243
6892703.334646518 7085038.57309586 51
7611477.145824176 7413161.505056496 93
2651864.500810883 3905870.910091317 123
7986812.64729659 5412360.193987514 316
5632208.473023469 767912.5067564652 67
6432348.1882160725 2878312.453464846 122
3735487.4608727773 2692251.8820714657 94
8388409.594997311 9839168.11589704 115
2737811.429366743 3244961.922123496 0
8689058.623972949 8211880.301970927 356
1311392.5739795896 5352068.23338171 305
6910461.497459549 6017836.6307243295 93
7620589.3486522315 5379106.916779512 186
5334758.325592689 8308887.60203489 200
3209704.7196573615 9781084.019729657 242
7720491.347254025 3624621.436073897 344
8834935.562155847 6037208.649494054 249
5190437.602329902 274052.22509529814 107
4421186.1326215705 6235576.4683882035 21
3169280.0750356787 199007.9837296188 76
8898771.46334555 2885001.8868172476 303
9413738.011108223 2792799.2053537774 312
575691.6212137985 1397384.0508502366 124
130605.51817024924 3467115.8455221006 52
2932279.958360451 4915660.80004916 129
1732058.9262493958 2988398.5429568538 146
4576341.07356417 9727690.531436829 111
1126965.0055202062 5967443.349627594 19
1469898.4729477072 319424.96032576595 318
5447666.554391717 4085739.057294959 340
693724.6499265792 7503196.086173244 231
2919861.7570810006 3206945.306439469 289
2277867.5707703577 9134327.386340365 165
7318666.63625692 7797916.355868056 280
8507582.0776517 3320453.6828317465 277
1720716.150543403 7760211.180391241 100
379880.75234209996 7765111.500103362 146
8646629.564885134 9810986.72747632 149
1768146.4465200491 5098947.702920544 147
4697324.698944314 6984943.285650286 134
5587786.143157489 8944333.50407067 329
5812231.189099587 8358262.23669599 118
8480490.182879858 8218909.132711297 352
8439334.83501372 7910513.557840076 262
7203020.963681318 3375674.068358059 215
9626917.503686996 7860674.309371961 293
4863993.4784482485 6575398.06421382 93
6929225.353832332 7200495.395406082 80
5306039.635228885 7818320.12965152 120
9340326.21555742 2176403.028108056 322
9410084.242582684 3582994.822606972 279
8801272.50477768 1690067.3575087467 200
8746169.585079689 3949237.1672294233 140
5459190.926235152 1023495.1455367747 123
1723495.1360246076 4336809.691523066 309
6598954.042324822 1232455.2773730468 84
9633344.647989906 5671096.473542633 222
3145718.593120188 9784121.835140737 80
5525678.842371621 2910681.7559065446 204
5689377.032827282 8315865.5777261425 311
8734508.827640915 6693237.035177498 304
1468253.1604909266 1979579.5667131254 235
4638479.468442342 5842253.650938989 298
628837.182347739 1858919.2445681146 320
5528522.538632385 2228941.4019595254 104
5212552.742713655 1162354.4461388069 289
5028087.600040802 3909761.4473892483 50
6171146.398689265 5071000.984075506 9
3552395.7790820403 9830073.987530936 114
4123779.629337696 5408134.972636047 293
7910847.918815751 9166945.866169326 132
720299.549847031 2322645.9744459162 272
3299843.3728890563 4266809.077562425 198
3309080.0965781896 7523622.572414124 185
3210697.844328935 260701.74463129314 358
8977429.095926303 6789566.815487035 93
3913120.0767363408 6276630.038498336 224
8355154.683695527 9390017.64911301 352
1631337.6485989105 711897.2122645107 195
4335817.455278722 956766.6885202375 219
513966.41783030826 6186599.50571213 238
4741337.192683708 5185760.843356147 149
1549750.494742136 1130250.5293043274 225
350995.0638475234 8313492.537895553 176
1705769.8515605957 6910439.566238439 263
8357854.102839941 3658895.792063068 356
6926661.652042734 7484842.414956941 232
4645838.314125679 2251542.1537261694 327
8982793.777072364 2906006.114659574 71
5476727.463739858 7471360.600827244 343
7947088.668301662 7832391.608138761 294
9036022.117281675 1516381.1238620973 336
1643266.7427724723 7092364.389005897 35
6905134.055283615 258029.96012738388 144
3792248.458822122 69411.16855648022 249
5600007.103606029 4735324.117180387 92
1440797.8302139547 9313031.955654453 105
1282931.1812484767 1447932.6074057263 123
3857413.2620445713 1031327.4475961088 277
6706743.811505033 8975467.004378183 3
4942257.695086557 5618395.595329692 130
9885209.991500856 9401637.66292456 250
1046322.4631847545 4739118.39732652 48
786161.0014073772 8121279.907121885 309
7145455.509732867 1185355.4028561153 88
4398876.035052987 5839795.716769579 161
8590184.249122687 1343684.2737238065 167
7164305.456986585 9788619.782945557 261
9758485.472970873 9896823.268927662 67
1327758.0157166026 5033401.555916527 223
5995000.164235205 4515702.674277973 135
1690386.8810286394 9845882.880308883 82
3787586.076241005 2288698.237457567 254
2706340.320091 3557338.534947506 112
6385113.003856119 932904.4959826905 172
992950.1533801787 2668138.9864727925 132
3694543.961820802 8357487.792454243 235
1764851.5223996153 5911059.815016194 190
3569275.5559334843 6051399.724700581 324
3595573.5675186818 5217199.284439571 253
7078675.04164888 3591757.676599994 317
3897413.66358493 2195303.399541583 77
9531988.551264297 4810142.137360298 59
5747528.314642424 2146627.386056964 143
8835171.733038478 7318683.756154372 271
4601568.019456744 4120322.359307982 2
7875894.636532271 1295022.0846019078 233
1695398.522973337 4149539.2973696343 5
7749882.600745868 5250932.97575047 147
1338526.97887488 3858248.4682810814 75
5527797.159548381 2099395.920551127 156
1653135.2302388046 9198017.216187328 72
3041976.3405290702 2424216.1858985643 44
9338197.507516664 6084591.9198257085 16
1263288.4629151898 3188332.6093491404 176
3326050.9330806886 9987898.84570686 353
2423382.310975177 359269.832032858 0
2038715.456131106 2143372.767204713 239
8714098.63927493 9731100.532449638 41
5702426.038132749 9871564.534179648 10
8527059.09748172 6376431.13003997 41
4940107.8543714965 8350749.258597969 0
9834473.879116122 7018629.466819183 283
3689925.469806924 378075.2244201313 10
194305.55709001984 1503190.1898153932 323
7688405.359662334 4376577.552467866 158
8900255.28256776 7041796.8313508965 40
6171150.753453696 2792725.730216292 345
8076042.378130372 7092982.059568237 139
613698.0022330751 951495.4647013141 93
4522314.164229868 1003250.1535101468 194
3008931.806163848 8648672.635141851 49
2664035.7468690644 1377829.3203733205 135
5792830.782543698 8028675.085974742 315
9517667.532568794 6219877.252793214 245
7504663.233500497 6731411.96630033 74
4952398.384667429 1329299.4667008573 288
3035978.261387027 6893462.973312755 245
1602655.1260005506 3956569.9283545786 233
8047638.678704825 889734.1789762526 177
6216513.3713528 9453864.294402579 181
9581794.22583735 9260190.477033172 192
7705274.557150754 4214001.239364963 84
899461.7872149391 4756087.650082136 245
1641037.3280208812 3293826.8375614886 246
3842580.8072793223 1745966.862944751 17
9538203.893945307 214298.1585628645 159
5363581.61680161 9484570.594372548 4
6019383.331076979 3861378.314025301 204
5729654.130399929 3749728.387841872 316
6264660.617304834 1380721.2064787466 240
4484918.33177408 7808937.941708324 282
9906874.889185235 9160257.409380855 124
9964379.482762132 1376029.969718431 282
5117497.674230923 743140.7204831431 0
8593964.709948612 7189520.2798655685 300
4627510.318768648 6362768.099589466 97
1637136.4845255732 4999198.986936015 222
5105084.998960144 6552838.125866828 164
2893181.7104547317 5913808.919524799 307
7021953.528307706 2625568.8020174406 278
6136330.276992203 6037716.015676514 163
8962755.534744367 918862.6095804576 115
2673084.4296943634 5362999.776304722 133
8689079.419509666 3380613.419008901 252
6626174.650050229 8313905.497144082 123
441763.3614895733 1405046.7815566624 328
8101393.385607443 9917649.376021886 261
587795.2240579342 7662667.873875442 196
9695357.474611511 6664663.403666774 65
6713157.864317788 3636818.084989776 338
6722043.224806105 6485865.79333466 45
7363518.419300601 1291895.9742594205 121
6389773.994638654 7120186.886685929 183
2014873.9109515236 128049.47499802765 345
5453555.6813822705 2536469.4755759444 254
7788262.615444834 6420276.356817189 98
8312401.66567839 1361570.1959263515 204
3197164.7421065075 1478558.5855576 38
1388390.9639565095 1101299.785279307 348
9327710.214520127 5550903.779426229 208
2097362.0622467813 7531837.201037328 331
344356.3909043712 9118419.602968596 56
2127050.9606525623 2968104.150575751 78
4137403.559136262 8720803.164218634 212
6498149.222396412 3644334.2440628577 252
3975063.6601730804 7367176.842363316 158
2517727.7533560903 5964753.27585218 12
3780192.0996034523 47298.824339544466 82
8396225.021252116 4635381.73969636 84
7509750.312408021 81759.16350913858 343
4787846.3314442625 9785258.721067043 163
9132055.266673572 1495116.1406766588 285
8556132.116073947 7016227.324501628 267
6858673.53658561 6761246.268387939 98
3445910.733827966 7696360.750657525 48
5945510.413385297 3538236.24840232 13
3319335.3716251175 8758103.34224942 213
2766210.2620494156 4700313.731746858 51
7740669.09830836 334603.9676305645 223
6179122.461593489 6444213.861299834 351
8035406.72957444 7155032.258053955 78
634503.5230216212 1236062.275278994 13
7642971.7760022385 4636251.29179783 74
5777876.287422712 6428480.232715474 170
7231699.836725074 4623766.521471161 4
1154881.069678213 1345706.79204314 176
2996898.562464979 5871322.1967511065 81
116767.77195204102 4579424.465871445 61
7596979.571954308 7036099.094476821 122
3238672.4270268506 3778131.7842156016 71
4776333.63263305 4594493.20479928 277
1494620.310044681 516463.5599384471 324
4830924.371083421 2804709.698184801 25
6266714.0347202495 2048931.6208098852 343
8552728.72507783 7095693.417679126 232
7917141.2554879505 2453065.0785904326 110
3896908.6318842308 9344502.50805661 297
8312263.056719509 4528735.495647112 179
5647491.356313884 4717348.504504535 209
504750.06991816394 4161488.6250963556 339
8045653.739833422 748630.292463206 182
2814614.585865376 4725199.346119736 159
4529152.351526024 1804336.3475498054 302
610874.5744633303 5980566.536047802 190
528647.6193109602 6578469.059005629 292
8569124.032067124 9100018.682913952 77
2213169.249436604 8366188.702119327 43
5185571.926393668 2336443.743425305 292
5249015.261230296 7750343.09935409 100
4443703.445183342 553568.8784528226 99
7093079.869991427 6414304.202596167 72
1287555.7195631193 5825117.94010123 242
5286390.6161235785 3813487.159802044 176
4170141.313750144 1568366.7278896829 14
4428667.173569541 3134500.9728225726 78
2694009.1098923204 2884848.9251751085 188
7521830.842790245 6073302.371355706 80
1567056.0278171953 2901459.2978467755 281
2022648.2240020272 1823801.7430326648 59
8708935.809467662 9212673.738541858 250
1160084.2988203308 9142470.407407619 102
2915395.7007684507 6060063.093169599 82
5686232.808202909 567716.0460251007 344
7877395.36542598 9704610.685175862 264
9080809.631115166 5187996.799333045 21
3819642.024474773 6835014.837869629 52
1375665.3164632982 2096840.2502889927 324
4463160.44117879 7929103.767274233 62
1719487.1387306598 6167168.662232142 135
4702452.929043334 8675756.433817493 324
1057056.8253898816 6355502.823070269 147
8092061.673446099 5787154.197907348 35
8468769.126028849 9706562.556283057 113
3325963.4579311516 8581103.895084178 303
5328391.214640768 5520363.8680302845 67
3419755.42194528 2460897.405190109 33
7799686.569355675 6463667.669461596 228
2437260.311972317 9142348.430018453 13
6962825.875580571 4770523.3967435025 224
1366489.8196715703 6438397.010737415 293
9506287.820771584 5000059.019827906 62
1281001.6129586 8995333.385879776 314
5925730.2902524015 7828031.422150733 271
2427479.4796173903 6943585.977289612 356
5680820.300971927 3662915.860530791 50
2128343.4128123824 4679493.9265978 18
5044190.014729322 9211578.993681088 231
4488702.503118366 5249917.68571217 245
1356196.074487971 1092744.5999445561 17
2749359.4312665327 1925066.2215317083 159
1912743.9976132342 2996495.528515247 298
8152038.878164693 4469335.064060108 340
6159496.0612752605 9505994.18083666 94
1465880.2192097586 798023.6633509707 345
8025869.224138419 8850065.33480117 52
7952067.816066366 8467192.684808226 13
6054000.588638666 2030919.1603869647 87
3599763.9622754985 9847611.784475641 296
2450955.268127626 9825615.644025939 151
507932.51321179734 4272304.188725673 234
8643625.736925073 2347046.450930156 134
1678037.1657108238 527729.305647946 324
4731968.046711773 6069347.298997808 96
2426913.8618494323 2502476.9833312845 247
6989649.1698549 3628936.206085126 167
8377944.75877955 584313.3040673631 349
210762.17337791415 5421668.7652264 271
1767789.612782713 3883971.6950309845 45
7742187.90564633 6485714.3479213035 320
6853622.799996984 7346377.702886481 261
3338833.1384635274 1695158.0448362457 113
4602035.555526445 9466050.374310711 247
3288435.8746629995 2315915.568351331 212
7170862.258711716 413878.8630981316 330
2133800.196675457 5145590.036933893 149
7373107.447529972 7820241.894750991 131
3651399.7326202686 3950325.5442978945 325
6788445.103189813 8207112.479904216 324
3098047.709489641 2572776.274328801 323
3967670.3640231625 3324319.8230271377 327
9626374.605401602 7642778.264272483 278
8116944.033955074 3727779.771433357 76
3551451.2200358585 1828966.2337344326 129
7056214.221319877 4244148.324179905 205
9322133.908879504 2752810.2909477605 75
8520293.193070106 1945636.3516278241 293
527748.5609387567 2854018.4839450256 37
1866555.741428656 2372669.710567209 298
9434890.658132358 7626308.230635334 227
8776546.624240613 4081979.343025276 53
1189023.4600196304 2410000.581983478 303
9610715.697482225 6868372.4299216345 68
3148158.132407082 6347134.273479574 194
8241714.656048259 46073.14295854814 261
1904876.8912551883 4462032.363911786 150
3490950.6885465467 2066276.5991224463 32
6592943.015070781 6923426.208099547 275
2111932.7043060698 900380.3016029621 56
3893346.2061893074 7576193.81691233 27
9446020.259927334 4574598.6405191105 116
7364090.919014595 2069189.857312763 84
2870879.6311526806 3443129.3981860233 178
9723962.380613703 1014513.5539721728 244
918411.6894887362 6787594.159765909 296
9755817.377516275 993091.6468815343 214
1529471.2849329773 7178096.433572336 349
7364664.913413627 9987313.165982284 334
8506274.582281359 2106783.518219829 218
3952904.9634894365 2389901.1580007556 301
5613613.8326406 6017869.048495775 20
8085537.370351794 6942477.197657639 343
9304548.733074449 8012117.21049617 344
2519776.6536338017 9678221.230609046 328
6941700.740492636 881454.701283555 313
4068863.2371425247 8326021.3808275955 98
1953372.3814724712 7042665.804563398 108
2159645.928824625 2665098.5173936714 29
592025.5059653756 5248800.5860591065 25
5298774.369951549 6485466.048554519 185
6650974.733391973 3363015.4453352788 323
8962633.132220497 3683353.8378204643 124
3408074.6157689034 4418626.211134563 247
7917620.584121537 1687471.3418364394 321
6518065.052285084 4598054.02707285 299
102813.52841869595 873395.4750306072 226
9657275.860599028 6096241.552667143 6
857106.2839751298 4988731.287487148 316
7981684.320199909 5452240.294446921 155
5925038.239938857 6719450.727973767 235
3855397.7683158303 4033279.7375950557 34
5699050.1315110065 9263605.341525646 187
5310744.418342249 223788.83793301106 239
6287998.851344062 2176007.775533094 351
6190692.675088318 3794047.5542213083 164
9190190.594096621 9511748.15339279 80
5064781.316315382 9718470.962249173 20
4943668.2019102145 5483355.5016502645 4
4940410.156191341 5959426.397560285 105
280544.2730059271 7917633.158019967 177
4617785.140061189 2761589.1926653846 161
5332730.570197439 935389.9128657827 136
1997199.9401653495 1778771.0152035162 172
5305835.871528399 7751869.427318105 212
1657110.771919167 7734456.162866878 219
8174970.098596268 3870981.181382521 54
6996700.18420992 452024.41296829155 71
5997850.862316584 7677890.972346933 151
7356005.386109734 2967885.8426532997 253
1316617.1701528684 4979393.870994548 137
6407870.391510151 4192710.196587809 291
7459607.685301121 7118758.408247292 162
443178.20260704856 447661.5902714598 115
4461994.8611083515 3199456.3445076463 263
8003733.976243064 3711020.396328952 14
8009859.752492581 8549423.865270063 321
7984608.663745926 9529789.395022819 208
1154440.3502092683 4853781.545019262 294
5102119.266740449 3895287.8285733005 44
5741168.282925479 1155692.0831239582 346
9325386.994386945 4058541.9887091834 29
2652024.50894636 1277308.7054872 22
4075610.5184322135 2241651.1987447883 186
2265450.920572869 658733.8030495382 102
5429341.4037645515 6109988.727774139 313
6790709.282378626 1902962.2008169044 161
158432.236422551 9320706.442494612 315
3160876.7864014963 6542914.432976266 346
4498963.163248905 8606916.560323894 118
2729447.692865855 2600778.2181979856 157
7797459.094770241 9714263.616213001 255
9933725.621621624 9107558.729352776 328
5236009.216418169 6989127.295428609 0
3473084.4237109213 2098245.81830497 257
8816396.360097248 5898127.611461808 112
5371768.115972232 5582766.57913989 334
2337781.597934091 5236584.410050422 171
4435062.3306171745 1079078.5117390412 204
2565923.3569208663 1242091.6994168218 274
8127341.315087335 162464.55636933277 359
6948121.7285286505 7026203.608562221 297
1306143.0984554512 2967299.0142506463 167
341863.62091040204 1360030.6681612907 84
8995768.472412461 6100083.60376518 22
727767.5341371059 8878062.29901001 70
3952396.9726383444 2699153.6052599605 295
3714244.4810552043 1826110.8669785587 145
8080268.90005717 7546427.519488926 157
523053.36145932355 1620746.5804930367 190
6913710.135865112 2462341.755406686 107
3404027.5724899215 2440142.7794705154 18
9819235.413151028 8248547.492523884 10
7927544.004301882 6917564.677787376 211
4129104.2949585523 4857674.439166823 217
5942619.978264973 3075798.624431405 117
4272377.464884199 8436563.73127618 355
6214251.635826202 8347414.605750661 126
9265955.332212383 3604816.8028540085 284
3011669.9724404593 4874682.396971736 142
7926409.087249762 3245585.002998923 71
3502172.7576442617 1415758.0129158308 269
4373338.38362017 3314061.847121057 253
9744616.910633443 4708175.554996808 126
1569150.8447010804 8811002.380429028 97
5577070.066773571 7860033.981970135 263
3258628.625432314 6117490.244526891 230
9781444.231098928 7962011.14505592 234
8481850.938238507 820108.9848191633 153
4785827.678048638 1961770.0731695665 42
9109118.517077992 8675174.696478374 141
2809959.6599786114 7663568.947733687 347
4935385.675113805 2072450.9392911228 187
4687048.027254515 1189295.999992198 259
1397524.205290679 1956218.8400722526 288
2291025.3716285876 1738726.7852226917 55
7445038.590735083 657169.8560356476 296
6064275.90100718 2032436.9131332475 148
5160362.903414827 5569040.820463933 113
8525112.67260826 620317.9045427976 353
8432813.616794536 1830937.0085934373 139
1240957.2396537017 8126182.851420305 322
4433942.928666302 2012529.9970173927 41
4124233.960668636 7202638.013694722 331
8050809.698224108 986797.948382262 170
6376085.487170961 4982622.756552265 60
6503526.8575756885 9276672.950622335 267
2687777.831121726 8728281.17396892 212
5988044.735243127 4900208.2962005865 137
6319531.313140616 8769374.040704425 247
5027169.243630705 4277887.250572329 274
60854.48835975393 4621079.676839896 137
9801272.448179541 8034994.764921004 355
6424985.8024817 8874787.952970665 169
7012280.022204463 3291995.229266064 68
3792217.0401115576 5079746.923790698 249
1017533.3803432429 623588.3750749293 62
5618736.112367842 9149390.549588962 20
1103456.7003932637 448231.3719467068 42
4461008.042297363 9092308.651984159 98
4223828.304743724 3404960.53395674 192
1964243.4969019417 3748855.778624869 27
9948413.40792337 7919039.8126012115 45
3740350.0914579523 1396519.1934112986 221
9106150.791697288 7596332.029349654 149
7620584.38481015 5655846.317377023 236
4516302.51914631 7646699.012524309 105
3131601.3737643645 261193.88408779143 106
8168560.8352255635 3175812.5708729667 94
2279512.6186209726 7698254.184197585 36
6540103.449438014 7521719.20705702 346
8189798.624250875 7189836.415551854 16
2949737.593885382 5127450.398766859 74
2266989.7396293315 4794249.911608762 155
6220772.563330138 7292183.330243223 141
8462242.397571001 7685947.034269408 284
3075411.904136005 7976398.486282337 28
4171308.0247603306 5155202.941243529 261
7898868.366363748 1578223.3972480008 138
1570723.9062647827 922592.8719889409 323
2325594.954268021 9837109.631812803 58
1808734.144992694 1853884.6747657377 284
9606468.680928607 8006986.7695166385 147
5455486.124759126 9928079.471727569 50
9090298.21449528 9570002.467661299 162
956381.8748626418 5513836.321739686 302
2971784.2408786165 3237250.6400446896 190
8717474.360527547 304102.5398255048 93
3647320.3482867014 8727232.99670331 306
6390532.1606289735 1858169.6485051569 51
3851153.5871489453 3944023.784295896 60
1172785.3067171802 7709062.640037291 115
1740547.091516016 5408994.389031071 199
9655662.289747693 9843736.145882385 288
8394600.313876398 2721320.086442749 347
1149311.946588245 1832573.717100674 152
1280538.5323215767 9776493.309483623 261
4146025.215087572 3929592.41644361 59
9853491.975498622 2003965.8045450293 71
1195680.3040102904 2583943.0365255265 225
7846341.739396862 7926764.496989247 10
494504.13176465034 4846150.630179813 241
9138497.212475583 8649057.584798915 41
7498553.854114704 363908.0369605263 256
9362056.20908462 6973492.447965376 48
7909039.487357852 3882183.290024256 352
7223407.941153535 3589632.9219025504 326
631534.8391147756 9558000.515041912 12
5713778.145911775 3612996.512684995 355
2596199.066252274 8618932.314570678 276
9661664.886626173 5347773.8835261455 351
8606754.546751754 7149962.662461014 215
4195071.996484905 8304319.347685272 206
1475569.883745389 4803135.852329025 305
5989711.094165515 5207655.894297591 138
7090869.257080559 3013671.7901766486 152
2264867.3627486406 8305494.44332333 326
6641650.139752123 6113427.937289837 218
9445890.352767326 4284676.409172428 210
7489796.734537416 4787514.719727034 195
3415821.833182697 7066702.33087218 212
9492567.779640535 3859695.6783320126 124
9437465.122304717 6235066.50169688 219
9287230.255076231 7651828.188460889 234
4943390.335579037 9407526.327205189 115
8724400.758067353 5967984.348235027 185
171866.39375556202 8738512.267920295 194
4859963.418621818 6975761.205677194 180
8305118.772075105 8458207.564490704 241
3892415.2117812284 5691013.3033098085 339
7995816.79570118 7839675.342871464 115
8819073.780852893 7491664.775644055 0
3578281.193013685 6428044.737952205 56
1287490.5485324683 1126994.190236401 205
8142375.469175308 9284678.93758343 272
9095922.555292789 8345640.3718972085 71
4566384.628694298 4925872.047541896 256
1978026.8721042692 906541.9869191793 30
2075157.8906078495 7147770.671936558 190
6492531.993471121 1562051.2780311324 347
8326716.758553289 553675.4486823725 213
9200961.0458155 6487012.988339944 262
1489250.7143296085 7572673.121751029 197
8866701.839402754 2722913.3657265734 91
7322174.608609308 4022330.4675089065 145
6233580.360186617 1093666.2991798462 185
6087760.204036092 3847910.505490264 67
1834436.0761130208 701209.5315785005 32
4739159.522607031 1092253.077170986 2
9608224.141802464 4716431.487759705 181
9276878.942238487 9758893.976480175 252
106057.70269978888 3176900.0586392647 179
9650886.615795769 9607278.055080919 145
2180415.6428763964 9521226.612654392 61
1004000.8511679498 2842591.6978231804 351
7937374.645406133 5603016.989146678 265
759474.0926388699 7018431.367083085 135
8338427.568467776 6629380.311542195 107
5288801.976099736 9675956.320738425 113
9538188.795927286 1944257.5922469697 345
114043.42371598708 8418046.6013808 89
3124968.024225313 4694465.900716939 189
6582008.216979433 7614018.15716293 101
3698276.0519675217 2103260.7737493957 18
6933499.003171623 9865151.276028873 346
5028666.286265446 8712095.1700892 64
2063856.1119898802 7553952.668137561 218
5769823.924007657 6598012.660899136 45
7664764.9148338055 4168562.133338145 318
3286275.081797859 8814965.025406508 200
1555390.6624373193 761950.0076952013 44
654428.8525338804 3708252.144566895 247
7045011.046418123 2391078.692064038 138
612732.7734004295 3177317.830567169 338
7288922.4890713915 9306601.562771032 67
1760457.1966817873 272754.528960033 145
7995344.562835611 8025430.268783308 351
6106566.549787327 1922581.6311411848 164
1798982.9490711885 4379108.087226258 127
2901919.7861510604 1488339.728907817 286
2423280.3100139354 3688325.4171392457 57
8342884.070341752 7478350.603953831 351
3233670.8414830007 3563090.2482420756 98
2415189.9841589397 8513578.709452478 284
2294255.5372821693 9365775.040595492 93
7869244.9780921005 8060767.676997071 80
2193072.4135321234 2422804.4713935303 271
9379284.883179367 5025256.184689628 14
6931384.616179053 3516582.7986784903 224
5166708.587947527 6098137.191373538 256
3967748.552221757 7496681.196770831 266
3471611.9675777233 7747583.003486404 204
3552347.7977666287 929010.4796810217 270
7771225.457854094 7571377.478429639 100
8184400.131135296 1140774.7248196343 269
6951283.391969383 9155266.972575003 109
9388243.221796336 1314568.9319720422 20
4134860.8427905655 392396.1814169985 148
2816890.116865365 114700.99500959563 2
503442.47523651854 4103234.1067292234 330
1942466.3712936153 7195877.20416939 73
9632377.017530719 9810490.225649435 345
3397829.7756539267 3396715.2173504154 318
4658672.2099002665 9689186.528611135 245
5165750.642475651 4184317.4313624366 66
1114721.020371262 7188282.752237267 22
7810322.098780586 9965216.454471683 240
6980892.044977096 2579894.874866315 277
5074400.085719541 8855911.538133835 19
1800058.1640029144 977901.3986504314 220
6791340.1695078565 662129.8427579969 8
6194449.154508585 9315333.138997823 153
2277412.3883376387 1130109.3813041518 283
3075429.951538289 642619.9922077303 157
9110026.811574733 737042.8220939429 143
2342630.9122086265 4525562.150601492 276
3444705.5393195623 4459151.092001246 263
1658168.5878493811 1948032.573563374 270
525951.5673694327 5426047.084972376 159
3859749.2536676913 7000055.523797173 325
6148797.961079539 8117092.410771864 248
8141509.439623132 2750760.0089308084 250
4005034.892185394 8681298.574149832 34
6893779.611965203 3056417.1268517473 41
3914985.803835934 1518916.5723888576 94
9964525.682163827 3114526.719028018 327
1659322.3365015986 4371644.82180582 83
5434231.825036796 273166.28344549733 243
6410095.53685205 5696784.009394256 86
1770727.8101392777 322513.84535798564 188
3973596.465808996 4250841.072192312 56
4964434.861051282 3686591.2272057044 58
21779.560206239836 9093177.387630818 43
9154829.751580885 8574857.981117003 234
8953744.253635116 7863726.837395926 142
5431791.09051187 3309145.46269056 248
1022945.3530610754 6269987.057520977 191
519199.9931298985 1928844.4407431283 286
216684.7323376797 6686607.714110236 166
9864691.272794677 9636377.889870856 177
8194182.437906743 2190248.4315565205 187
5481688.721891845 663020.458243836 118
8040684.582480888 8093098.381235115 170
4985532.459684128 7911786.34198282 296
9201213.48538519 2427691.758545464 56
4447370.735401643 3961627.36442728 287
2209716.96285144 9309813.637257855 224
7766655.459439746 1203287.4598410514 97
14852.843720926101 621611.9194899473 98
4248820.280789338 1347871.30644328 274
4371687.626552243 752414.6460692582 235
9943889.12060024 5454286.622196838 12
7507010.931967107 3325698.4645441966 7
2679998.5069819097 5096530.067188579 244
465583.0197483335 1707014.6865974434 114
4591018.461441932 1804412.0848814705 327
4372718.144021645 2506653.103178379 202
2650592.59576828 1898366.2679787395 323
4210113.159070658 6430249.765962609 139
6034683.398466888 1541359.0163516044 68
2555553.4433207293 6019861.285974919 109
2210706.1969156517 994881.1059815809 159
7504526.1366539085 8086963.14464793 71
5771243.854032352 9519487.834722457 86
8629900.031331198 7389172.77040199 3
4480631.808057649 8464666.99389578 36
7551504.125205329 1721360.9855980172 136
5814998.962051252 8492240.552298253 188
2837245.280981866 1356749.1909165764 19
8809935.382345924 7700386.361651979 339
8640717.330844633 8452341.900082799 106
347575.07780831755 3532574.7958967932 350
4875812.261905008 7037556.858640855 86
4647955.900803703 8985314.643862259 342
4835506.728205752 1287208.1609135221 27
6270858.872162877 230000.98465826403 220
7815639.884201166 6574937.503294325 251
5021467.79428873 4216409.0808913745 292
3623243.7252479154 3290764.951275971 236
8560320.203867706 3950605.8033737936 54
3933898.9303062153 5593025.455612766 62
1444770.125162137 8881934.014719108 323
8718323.20762714 5728924.262737239 160
7614016.761813108 506467.0924764725 251
7098096.925807351 4910636.748598427 334
1383527.6072331415 8923241.016113024 282
2444650.267116405 1413399.3370134467 129
6864543.187509806 5113743.774181776 43
25932.78645183439 7984510.487065557 331
9639271.644195454 4747601.380560702 193
4135437.911571609 6469573.079051411 188
1890915.9737304426 7372998.5757190045 52
2907744.1711682472 1584383.4561343605 241
8635452.440747293 9773887.411285184 98
7171793.978840642 7114668.812119829 123
1119636.7263355856 8372566.479463312 83
6649138.631168841 5404681.305395903 36
2349831.4596476275 8676949.756449588 103
8894301.433773588 7199832.654302893 114
7760700.379070297 421268.178276214 322
6011794.155167015 6805879.194666161 351
3951814.388567022 7531847.491768135 359
1738401.0786055182 4222157.117145295 173
1475012.1714959485 2957256.260784893 308
3455084.1681256527 5426596.449769643 190
5880209.374713669 5428548.159581847 160
657805.8486429128 4652301.685081091 84
9725297.618767723 3535839.5436672173 105
3838689.641054113 8487866.093830956 141
5305155.39172467 2461762.110223821 176
841753.6079988331 8410055.556523407 222
909022.7768217884 2222203.3448138046 59
3615727.780278899 9071397.579167817 122
1504366.3262383556 9397562.480200432 41
6723621.348294618 6593457.505947596 76
4555304.537862091 6989662.502954434 357
6371311.106688928 9503891.567619571 311
3104402.7896836023 8697117.777233288 322
3752070.085534547 2369425.235727071 97
9737588.81427504 489344.1584202551 209
1220223.163929014 1016794.6952465345 184
7822366.352506288 3539632.7915847315 227
5406580.003381815 5788295.423170719 311
5304534.347876359 6860418.8320766315 313
387433.9933581561 4236588.83536077 150
1912247.8351140858 9949408.674888771 251
1192758.4896108457 1952179.6066664888 96
9793133.11746888 9609863.969603874 283
7381226.956038864 9537405.180444261 32
3253927.112161008 2326416.4664658117 220
3527329.7265191837 4542598.306865523 251
3784608.466658389 9177278.482546639 345
40310.41842175287 413803.0662198933 309
5406864.839835577 7025713.13004904 309
621384.5072421653 812184.6942951216 1
6746985.0807041675 6772413.889149559 348
9860314.460670495 8873930.878878057 75
9515638.698506823 1686141.3254708725 160
5989073.050919645 1579495.899316713 84
6727715.4915928105 6657192.012642331 119
6904785.349124612 9188299.400128746 130
7400596.350254803 7821264.82232862 77
8828745.05610278 2963578.8834006647 64
104186.35341235771 3335946.037651013 164
0
