1000
5434500.222906778 6176053.970776297 357
6468459.333061489 9916975.798070317 182
4418706.572589471 6488952.2229943685 214
7098612.955787712 4781422.575390453 61
700983.1862029491 5452963.940058169 0
6239042.157501106 8285053.866033393 336
1241766.8690245387 9536541.088771472 246
7884948.555982892 966542.2723412531 250
3929512.177891561 2403657.345879767 49
98051.28912987237 2922075.886498503 277
496311.9976615593 1098489.1977382882 208
2029059.4778677118 7473371.390087836 51
7440683.836027942 9347212.491305657 179
8285073.028467176 787308.0291355416 113
922864.2312193258 9173256.942246288 156
4429071.305290647 6961485.376701089 154
1500229.8826930095 228460.1305080969 209
3767177.669567544 3212367.477140097 304
7918879.87086609 8437603.339422788 345
4553601.601295219 8403176.664106483 142
3528085.5898885042 8389096.717252078 120
7620858.83913361 6725714.739524168 103
1137010.9859062326 4586271.680350762 192
6365641.549775635 5702433.745858037 17
6629424.925093812 5409106.864376352 65
9526185.254476467 6895879.196829478 316
5240995.6338580195 8197529.047673833 108
4019076.855591377 6710345.21807694 174
7770382.770000005 8651043.154721592 181
6422743.100691717 8962026.837817883 242
3576093.5680021835 386021.1733085284 216
1705928.720494324 4832013.654069053 149
8295429.34882604 3289329.176078135 18
3884115.4795196643 7450991.99895111 302
8139046.831118358 6183875.528013801 88
9669175.321073955 2690363.7543496075 345
8555691.680199135 3620062.6813271153 266
4979616.798642912 3480254.251265499 54
4758213.775608592 9483006.70990102 291
9904521.573151737 884199.4138396014 21
9363306.878566002 2730456.9474426797 304
6413438.206150088 4968086.220447827 155
8323431.126346861 1331032.1706420202 238
3186339.0611867616 3502488.85388462 11
1575077.8849029278 8639003.985323593 215
2241865.87586256 3344803.4432170712 301
3636844.525753796 2053932.8625356946 45
6932923.291463015 9790704.245121352 84
9606836.71645902 1487832.1959162334 219
4124653.7431173525 1908783.0695318542 219
4865054.937765837 9576308.434538482 124
8352361.6910460275 9193906.118393378 242
8966854.84196271 6814549.406438953 180
339932.56749825116 7333559.033176648 6
8743071.147942405 9476452.091790691 16
7842158.902661569 1659057.1597140436 61
5999854.527059442 359839.12130844843 256
3201278.041891068 9263412.14677477 294
5701620.571824685 1581654.2396820954 263
4367330.910210082 5680858.244835965 112
4907961.4263925245 4108620.744873244 155
2955405.9936034237 539987.5429768075 345
6428782.718510602 3141094.0149384 233
8688895.600074805 9463126.875745682 57
1269872.515498064 8171294.281475365 210
1363462.6992620225 3038733.1972190603 154
3874711.5021535116 6849615.68967537 79
4621905.262942859 8380364.011476452 319
1233688.8479960596 1243473.9964056052 118
7433722.598760542 8500277.517694037 45
4870090.436389577 1926715.9587126882 246
3865414.9347775546 4082015.3480405696 283
8242133.318819208 3046247.771449252 234
4126806.7833147836 1220812.1861750653 110
1761693.8247191727 4206490.75401122 18
8959512.913068086 6734249.087430088 196
2192365.0013198983 9287238.45355469 185
6916539.953896999 2989255.6972847474 106
7101756.394069223 9796127.370826123 102
6941580.690544957 662956.6764677841 197
2112413.550846981 1886599.245127628 223
6899228.920733272 2470314.991543251 219
2730064.3157175807 942576.6150512693 357
9665460.537631711 242527.86733117703 85
2539607.5998149314 5541127.70162447 0
7758528.291713171 7555191.369781917 51
8715971.990130663 8013359.220848416 330
5438518.538147853 818040.8154650454 50
363882.6595815603 7471672.7163939485 148
8319878.787508029 4129400.2163997414 247
680865.5875026138 7503014.456717235 137
1935357.260510423 8634561.272564504 251
5772831.754905385 6648612.482899994 153
8564906.491238125 5124381.2712777415 39
8360266.025672453 2739769.512048118 171
4222947.205026809 748440.7246891444 208
9064194.56568752 5031746.936452634 267
458915.5462095462 5095594.573638829 145
7411444.24634222 8505167.085400717 239
8756560.323581295 4424703.136132847 112
8260886.069236213 2912750.962195708 211
4821839.407016075 1103036.6817838955 226
4595690.42852394 3723706.0386102493 157
4181353.7753398176 4624150.77645557 228
705468.8311980761 6827579.30523607 158
2960926.155670879 1978165.8393459623 88
4317638.277816257 2189296.3040357092 167
3228037.886334939 3787674.179533902 52
4560377.040582252 4538245.024730884 323
6543393.91396522 6755878.193812806 9
2687168.373590887 3821214.5336592095 129
7580109.30894329 5108152.059824995 303
6941157.4201289015 6747370.2373101795 6
8959024.602800729 8613448.635506678 204
1332869.334100273 5377723.993886333 198
6466936.51740717 7443933.743649439 188
5664817.27641298 9179514.465432445 254
9598458.868533136 5809198.679168981 328
5301090.553803866 9396742.075342245 134
2039357.72721221 1369617.3144959423 276
2578323.2704830715 6713783.854625023 180
90057.22051734 1948820.692343586 56
1917007.8936126821 7997842.883948342 162
8404074.76725739 6550603.587176515 18
3387656.1277093575 4306367.924330806 264
1738907.0730671375 3319448.084698532 211
7581760.648233274 4186061.4126899107 86
3119298.492410155 7394446.636709902 132
8458606.48253536 8431092.090453392 70
6129711.11503829 6584576.663140902 82
8884233.601531938 1994759.0689624618 35
3627015.2836175263 2486616.470067474 100
2459065.708915902 4532884.549519163 30
4890388.181962323 149311.06033586938 21
9593564.300696587 6940972.391787033 141
1195745.7753745636 5288022.142386799 198
529245.0619125944 9508607.310957009 329
1625482.0731974584 6307975.820795456 45
7631982.850942 3677918.316009927 131
9500916.015187522 4388458.34812345 10
7304076.920541066 8495614.980488734 152
2582942.8709850577 801838.6810150347 356
2452134.898182371 3983386.3144396544 354
7484416.420672103 2898457.2809563125 49
7312390.140956187 8748569.13916316 13
4943483.013369305 9937462.928692544 215
6381561.559637349 7882442.741836031 203
6145114.887617647 8440529.252524294 229
9843855.094480671 5697653.092362681 329
5487646.132597856 4915484.573410837 306
4847126.689612451 6117636.89568401 282
1247754.6378972249 7901026.476546041 2
6373934.150455348 2882723.8558550593 116
5708196.3953197915 8692588.034819217 17
9168147.447571218 1749557.6230168652 121
3494064.8401692044 2589943.4610988493 216
5540757.843924635 9623037.33996095 114
4926639.269934443 9161561.623913419 83
6705253.825658406 5424533.483550376 251
5545775.20301845 137516.42506799166 123
6002812.942141412 6441424.877313418 296
1699964.2541568726 8385208.525147503 40
5510823.498056492 9309167.003810473 43
8145466.299973305 4303135.613959268 154
1264158.1018552538 7091464.24286363 297
9377268.042627301 9351985.380676825 288
211345.8062375384 4213251.196017717 181
2202452.9288385552 8602849.078623826 72
1328547.1569820885 673686.2741490979 101
6764018.659253976 9450573.842160959 15
6105561.726699429 2278401.260341385 134
3562939.115054479 7716834.0503972685 6
5239920.333362086 4590772.184096335 204
3384068.840713699 4578660.634675074 341
9185521.820052836 6057694.426121291 133
5402787.569268561 4704690.914227666 315
96911.16305577174 7936288.08819281 186
2396933.9644847875 9267672.429014755 285
7770682.550965021 1591244.7794204932 176
6558182.860418559 488228.16501064127 235
9377196.397615258 2144887.981143373 33
9533788.303155763 289129.84144529694 4
8714725.058998762 9384926.35835417 194
5087003.584113624 2139562.258181894 100
4612479.290344597 5334232.30051206 271
3803435.0307666752 6103514.415950525 347
2880651.665542008 5986931.010687851 171
1325197.9129010339 6266017.394409687 29
2593627.2797083193 1630391.733572807 121
6811159.51409404 1741473.8829447895 255
4928239.382532939 4000080.0798041113 37
5876586.697259814 2265785.634515327 77
9630088.387457157 768005.7318177503 62
2167410.8443266815 6021781.219501758 23
8297818.268552931 656618.1975692676 150
896980.0298843877 3817573.496517065 346
8484171.860825803 97696.53551734092 295
661665.9142091242 6824167.303252076 307
2832968.942920262 7444919.337245204 20
3030602.3324083677 4422850.322298621 344
6847957.318555232 9569162.564094959 287
5138447.271436481 3813283.039321872 215
9331253.993715793 7249634.411248305 298
2812882.4042317313 8725965.402174113 273
5908606.830528117 6302954.731963254 41
8421827.1183343 2358396.696011099 324
301667.58243053814 9697842.976528844 314
1597062.6939440812 9842757.21830405 143
640523.2439789299 8783180.508336602 332
6488607.238307983 4021102.179820144 274
1426869.1612411898 2541044.3768818257 186
6175811.169323463 8625296.472697474 86
9403578.947628336 7627173.554633052 235
3086503.900239015 1777859.8297322013 323
9274195.670561412 5321083.03501509 285
9468459.607685238 1214401.0111846225 148
4240663.025970751 2625777.463627804 354
7004898.726631408 3797734.935145255 328
2459395.2210597945 3172572.9993055663 275
4686364.510666771 3644030.1788103534 55
4592445.691167054 3160120.807320629 295
5501296.514812101 9782026.343761653 64
9350347.491266252 3805726.068058025 300
2607234.048063579 6011198.258239351 146
8997506.301162716 1693741.8243650792 7
4916232.144838218 414659.9779382087 354
8956840.540984495 6650435.3828246165 10
8844749.112754753 6461929.694496386 134
8605502.57850371 567760.5356943416 297
1726484.712244608 1305415.3608482298 155
1302976.5046279095 2499855.9356938754 225
2688188.3104384565 2877243.6006301763 98
8150703.311870924 7597645.517788294 8
4698766.075422564 9030139.395650204 190
2653627.6136057004 7468846.008855322 36
3913390.7901175367 738955.1161474461 53
9897772.097526135 7468973.8367359955 217
2579328.719350192 3519750.5233606985 86
3708782.768804585 6305040.722845474 7
9026613.592779033 9736561.936395664 80
2034894.3449494618 4054344.7747857133 141
3233202.81220941 2925759.467176915 121
4381435.065282151 2930262.774336838 304
1096651.2189129784 1515031.104715011 346
7767669.994166808 6445740.084500508 98
5006503.033061209 8976755.274479758 291
6448189.984547873 3627532.467217509 236
3838222.274559171 3585356.671447345 271
493122.00881523994 7012819.293626928 237
3677832.775896506 5661884.7263390925 142
1434947.9675283772 282695.6698870109 139
6582431.6123425355 909835.5876296537 324
5408981.845130173 5947336.731195641 255
9279593.838493539 4684303.306571571 66
320552.0293891029 8886513.979970261 270
1353384.4416926254 9627693.424476838 21
6728154.080452096 8126677.09105354 213
1222420.2945777406 7067198.577679745 357
729124.3284047843 7416209.061841824 306
6257203.388253293 5022309.775789541 266
7811398.784716697 7972044.117163348 189
2354737.9352218923 1995668.001021631 40
698068.6126775149 388841.0235159545 101
4510213.2615652345 2948871.1387647092 167
2518262.995099809 9224063.346533623 154
2707121.4749539173 54384.19052272825 128
4747848.859429427 3762629.090631998 217
6259728.5808394775 569272.2020834939 270
673056.4544335505 3633269.713993544 156
2262400.134617548 7233957.040032356 73
593681.031354425 7790001.161527626 342
3323978.6844223095 3245196.8756437656 340
6968794.923136085 5341463.512324167 84
7704769.926763161 8210828.157032757 171
8876895.333149767 3931704.9407615913 84
2420727.8793645515 3098841.1429274664 167
4222223.003826463 4399693.019804729 39
3536990.105464335 8107226.3314708555 342
1330037.265409706 356357.7750270075 48
5102988.462438117 53718.956301043174 253
5448821.350883663 7253048.126114305 255
1743635.7401357826 7917293.329030264 31
3611940.5337806875 7651685.390348086 186
3426000.6682551205 3023487.6636827625 77
7914004.785329505 6188208.88602443 148
6206533.647667811 4603525.91585301 354
5757233.83240223 5130323.434250747 55
384147.125271419 8217105.447829278 45
4524637.779306951 9910049.637086837 181
1007732.7291495852 2445453.767019574 126
7302632.4023938505 8196370.04473519 346
9111594.160138037 9132178.265319046 45
5741146.437480085 5818967.688276839 291
1200463.7542854424 8949459.388677001 167
3127446.5250604143 2264679.5256310715 135
5032024.541337033 2760239.6840830636 264
3734312.5465313 4990346.836225723 85
3513639.277365561 6564612.737725271 291
207747.70866000102 6100790.544405741 98
5573696.848629647 2322175.7857933156 293
2269336.314064687 3667330.4494140325 248
2608168.962603431 2945994.909858658 331
6653134.458387534 5566686.888816213 20
5535388.994247706 1525161.3507281125 248
7932147.468804416 7033657.452711143 97
9151906.299533354 2098443.1068787724 30
4415746.6442644335 5180323.222087338 152
2629791.224336492 966868.3614615914 126
5781560.58594634 5676041.112491814 265
2767703.455753011 5644061.713776961 221
5782248.1545538 2777997.5532145794 259
5419699.453710897 918722.5596640436 106
2816248.4716887125 6530069.882755836 181
9364210.112302694 6383669.003489577 312
3858651.054192499 4598428.469643573 115
1489197.4750034641 7592837.477734373 64
9247980.01229428 7976550.838607076 91
9159530.481832698 873745.7045283625 63
2170217.283557625 2831743.8642671313 140
7176176.433598508 3083835.280081727 230
547589.9564592512 2328993.180402976 31
8692897.375364237 4340552.392853191 218
1755424.8156920748 1422343.1333354686 140
9899315.289521864 7027516.536526585 249
8887305.447741736 1756601.0335438608 195
9299119.776750565 6042240.085674316 304
5937955.741474762 5308433.2106941985 283
1940879.986721108 5919613.32513796 230
8967387.373384327 3344071.226613802 235
1207611.2096246916 6670726.088702706 214
1545508.8418965745 9823869.592244953 45
2002584.1537735956 4503224.123858582 187
1162235.790161863 8774517.80038557 102
9378031.138628066 7155478.117869577 259
714728.0930537869 8429218.226571815 187
3320435.060329546 1669529.6571677665 314
6809912.729654709 7854949.357482078 114
62138.43681763032 6392367.858280274 222
994271.5055221374 5929357.705411653 339
9612257.261236357 3123613.4391700444 225
9262898.060137875 1747454.5991308477 176
229619.4783220107 2576035.8119075657 212
1135545.6118668218 1118949.7364175715 194
1221267.4521249612 413110.16613538645 352
1471828.6081814347 392008.72067083116 106
8196997.563223191 9956910.24641442 246
1147142.662038727 9418941.687746992 337
7904781.514020533 5029800.414168369 1
2802454.7016365076 1600270.6499009556 33
9333879.124778386 4806175.063201235 297
4952589.989686408 6268729.86576045 111
4707339.773005589 6425998.99426482 163
7189668.620142 5950858.625589131 30
9396474.023601376 9100147.36741558 48
7596935.793046922 789939.226379236 7
8833305.207916344 6267342.47291443 183
1797062.1381918138 5897799.705312411 227
8344110.917202959 7793107.551790147 218
7408638.871612212 130054.33472259465 168
8307187.217473692 4950185.641543689 125
6334738.898592048 4645703.297663259 215
9582772.14870944 315004.3748953968 319
2914090.0035647866 7085245.6748548085 105
6235426.763726432 1953303.0196252465 89
1732919.2410287808 8691844.805156663 115
6111241.028404918 2744272.366552144 323
6325362.817063433 9458140.562452378 294
4404229.941753077 3110849.8469445743 56
8246433.699609468 5460466.0818239115 202
6576453.771774499 653489.6718172356 65
3877771.160929352 7259696.2949575605 9
4180020.9706379753 8677292.970338225 210
6934094.798685518 2381844.3498659236 69
1124863.872465265 2278349.441744091 69
2943520.6733381036 6130236.22304252 314
8790739.35299724 49252.26934988869 258
8857222.078229882 4304192.20370395 123
8955965.553654363 2396621.599188634 109
9856182.566227699 2799372.7431202442 47
9540447.142646806 4937602.833798908 25
1733179.1175279687 5959918.965285154 317
9987025.391863583 9327987.996214489 5
3741451.191358025 1463941.5466248062 178
2168259.053371597 82232.94107756906 96
6389743.697778778 4943887.6755298795 223
190398.71934060316 6977674.190856011 22
4230599.072130311 674054.1099116892 125
534220.3795139022 3152944.068077146 327
4715087.972295371 1252381.8185766144 80
7564616.76451446 7916700.396875112 234
5157853.116705977 2432035.686068953 265
857090.0919898683 6164770.489817204 162
2830591.2850182303 8115217.178534389 48
3309869.6512583583 3348844.3987868633 157
7180951.243183973 8874287.791321788 336
5083664.969584869 111272.13225076927 274
242715.11181004567 2165792.39419025 295
4098344.18615677 6869908.06646097 177
5104216.744420611 6025035.969325495 105
9480350.47049177 8283942.237627448 302
3607554.239200462 6329026.969125986 90
6239460.953790823 602930.6930999912 133
4803520.481851269 4422515.00701247 89
6090980.4892422985 780815.0211299103 354
3673846.60503867 2032850.1084995598 310
6793803.765408736 7829301.016376996 264
1995681.4478273944 2580602.4315474196 303
5983610.686263126 9456527.504739951 161
4763194.661501944 8863235.64150089 242
3513217.107775932 5915164.768438876 223
1725122.023099207 8583960.640810205 85
6342111.216186958 391470.5495892368 128
6279405.721325533 4464296.58512968 220
5669171.996736429 7597274.36413567 231
946243.3441297858 1593141.9248641343 243
8696803.607077723 7134384.841425475 202
6979252.871638734 8140070.620744531 170
5201686.695303172 2802245.8845556853 259
3328268.4868837055 859145.9294133841 329
5506181.7279029405 5281363.808868185 127
5476860.518292987 9815139.987503115 305
2678072.7470836774 8605109.967941908 213
6678221.735537445 9856017.560940372 108
3628651.7946963958 1630760.516726022 105
6767311.95361134 9344961.304925922 151
2556546.8995285756 8203991.790141534 183
2755154.499894884 6034638.47804031 350
4548435.276173096 9687004.998413568 157
4634531.578959573 4634875.763395156 156
1764026.6090759204 3394856.319219988 59
2164001.663755906 243859.20230291403 90
1599095.2827327566 5362482.329235245 147
2585293.8714049957 7934590.358006273 250
7927790.790293877 5800582.263934635 228
4373904.479985554 2863928.863165809 339
1616469.1023441802 946266.3056107812 178
8893999.589411456 9367593.585720679 256
1736904.5504686297 8949201.163693111 357
5250112.72572524 6602486.420542392 19
8656089.484702537 2733723.738475369 174
8718489.652980037 8605550.508273307 246
2194128.4589830334 8933718.7793468 137
9931676.35005631 7475413.987672836 67
424555.4793047623 3599070.7434461466 192
6871320.591217727 4304694.297801059 292
5427814.065134175 982595.6243648304 186
4200464.510582292 5809767.135511552 327
3026440.5436112727 7627895.448061774 194
5571464.445602267 3430361.7188692535 347
5042223.289405099 9830853.493257554 55
8329956.900810548 7521394.150876669 49
9030812.213153414 7124594.911274156 352
7441800.74646326 1567702.1115646183 23
8583767.580397146 7071103.235712156 281
842970.4481224975 1188720.3943850934 310
1511711.8484826975 6990147.404301824 202
7431765.05684827 1288920.5488873168 306
2228254.32074505 760205.2200161357 108
9777196.67820777 6084415.1914764615 73
3047125.4384905533 817889.3156810452 277
683587.9892992435 8684795.688056141 17
1781356.5030081058 7682001.367812639 293
4366925.577685889 9582212.179359213 175
9030290.721868549 8522386.497201277 245
1004126.6830268691 1752640.0531050912 281
1915169.826426919 2186257.6056184513 68
3486009.713254349 9591997.622148296 306
3901439.2859970815 6704773.282994926 332
638527.9705179181 2758613.115395797 152
3077405.6012419304 2917259.3256691513 219
156888.5307579737 9656295.825936437 251
784371.4439463989 8539261.568405543 313
9933805.76890815 3048174.7885415712 90
1457477.5593763345 3926408.9754735166 88
8647898.374631163 6061803.503442052 345
5030984.223922088 243918.299741791 236
2440720.836628806 7842887.371716149 331
7285821.253490602 6960208.739990075 137
9818781.62487507 2847949.86319966 261
9321335.59153433 8736394.194377422 124
3742155.8956909426 6383482.208538802 357
2949482.3811243144 5569313.73290098 294
2994982.2615688746 9078313.241590314 105
238166.43284853222 4640170.069638692 103
8253609.537415131 9986108.907999007 323
8360658.264553653 7003968.242200186 306
4308323.836055927 813528.3297666818 48
9491185.985529749 8587609.479388494 293
9998371.280524295 9271949.38281303 30
6633422.883759189 6143916.308460457 323
1342668.6106031616 5435047.3587510055 187
5823885.676306881 3933231.1419142606 335
9685573.485229716 6645526.007987547 293
2668156.167166746 1614853.0753657953 151
1710762.2690761471 9790158.918784348 124
8068999.412142633 9824615.608078597 358
6213790.208262232 3981136.7821842204 97
9137513.749090457 6794355.866227352 355
4166358.6158471056 1005175.5217492741 164
8946780.923821155 1174575.336556941 187
393049.25555567635 5954811.681471856 27
4338325.440434789 8810439.44025545 222
2116614.9565465143 9962623.17605286 351
1000363.2661794726 601911.4551546556 83
5399347.866200892 6926935.777644167 169
1230604.7211139414 6560442.284696138 14
2215650.311933355 4076598.2081974815 77
4541.328526975752 1334577.5009494454 11
8379436.043685865 8525094.813596677 27
8359992.838371393 9090687.414520347 352
3192121.037340874 8942992.508977205 358
6960144.957158709 1313219.1453931797 21
3730598.6532297917 6631217.434973825 216
8714565.59356949 767879.1346566493 265
3117961.4886465445 8352485.062536245 40
1769459.6823075982 1766080.3254916258 340
5636703.134438843 2224971.118231589 319
6504125.425686545 2771864.19146388 207
2132926.6487208507 477390.7742141015 249
2721207.8286384456 170189.8497114529 249
6527141.597723596 9207299.086532557 171
4710426.11242719 45145.164307136554 213
6933061.979206386 6814856.020001354 120
9251836.340672597 1978750.3375921256 301
5423937.977564915 4262462.016158288 208
8580809.695585208 6365960.8718903335 264
8244416.082167641 5880223.586600325 140
2230302.465809405 5234283.089038975 16
4234558.374831116 3700050.393765707 57
7394091.1942597935 6346102.91007842 143
107492.04888253594 211969.68367805492 169
7345872.666654276 933659.6865806191 132
7100021.930018954 7855478.30594439 203
5074061.493276405 6105484.407748388 257
9430120.1076641 4514174.749117349 11
9169218.9370995 6502957.909804869 175
3644710.8954570997 7966739.400953505 82
822462.2897069445 4896316.1821165215 36
4267765.030431002 4854332.47513355 155
7055207.960451403 4810077.81397839 116
6148508.703671273 278419.75287475565 203
9875009.983526146 3086165.526698422 37
5133193.547364604 3742394.292334892 248
9604925.152301209 1452283.0350318993 279
195103.95263331538 8718108.734725215 46
2033061.6503572052 1086053.2289127188 130
35440.59639557173 6155793.779726889 191
5662315.12180741 8293981.286478343 45
6916685.331896781 5831861.452194127 316
1107054.1364866982 6961299.416027761 155
8313906.407322524 8454617.930791376 32
7510899.013378139 3193526.5186688234 181
7740140.312434338 2104268.018819475 329
648380.0915990312 9696159.558880506 331
133433.50282093548 4245436.779148599 345
5647097.4046370955 9182028.0521487 304
159946.8456902997 8153802.003741456 345
3420413.048918136 5296370.959018305 291
6563444.982331426 8000160.94001262 294
1408320.582222362 1457238.5426580436 298
7374539.791870072 9683218.3936728 25
3962853.5640337714 263651.1672133435 189
2019999.415159317 9355957.463910958 159
6712729.172444762 2865801.0029091486 180
9633231.313543472 5077972.475902022 205
1915881.833294305 9447682.595199466 348
6767303.478492566 9801623.417544793 208
6134512.779674073 4694530.700342744 54
1696036.3767935892 5148585.31009142 193
2031587.3029982846 7201363.7695329655 217
1049166.8404667065 3051675.1126780785 189
2890112.4248348586 3225640.381610736 310
1488362.1167224704 9838073.895803384 147
5009497.828374735 271292.5380364628 90
7399047.25116371 2995666.315114167 209
9593922.367367612 6676982.500096937 270
8122853.1211395245 751952.0130191327 68
8336258.4079653025 584744.5265829321 47
7770296.301423718 2964345.482663664 152
1294286.845416941 8408081.697478129 3
1631646.6890020275 2753557.217230039 119
6882596.890690078 6937521.164972415 21
8689733.14914068 469588.9160999722 168
9300614.33124254 7262578.906590101 153
9451487.890349772 1596191.7327246277 128
7882743.030012287 8679594.409797506 318
9524927.221638888 8276159.451452237 0
3887225.3572725137 4353642.045259461 176
7122145.971045786 3310432.7949188105 240
7939966.799025804 3457340.225077765 311
6458199.232697562 38971.29671274313 250
1931489.721087194 7265226.42370151 290
6939245.25686816 6930739.192798214 218
1344609.1187075048 7155404.051054122 36
3451428.21598769 4270505.033952582 245
5443384.356955442 6027958.747023224 39
1569293.287723975 5737476.894784122 133
4893265.038719878 4818505.247695678 191
5978293.686145592 3076927.1894146455 57
5765599.1147661945 3315035.329108937 88
7996660.2123795 3465819.2301195823 166
7483426.692622092 2527169.753849209 260
3289428.148702365 3482023.046977578 251
872341.0166757129 8997222.12632856 137
5448335.282736064 3494085.3528187964 79
5889085.335099452 4073679.1963317785 321
9824484.701716593 6568025.117502585 243
3195781.875216811 418059.38503157726 193
2876783.3012319845 3513058.8036873634 33
5310060.218970299 6354044.696842035 148
2406485.389853936 2851846.3353315736 267
3271417.7007142142 4480938.8972637495 80
559331.6457966224 4284475.000270989 148
3670937.237014313 805169.8548631758 141
9920822.93984378 4322541.24757105 86
1106537.404107205 8563564.122659413 100
5759646.805442773 7141569.945677089 295
6236938.068689224 1487285.9642553537 192
994424.3861173396 691293.5262811515 214
5816125.397181072 5644351.678251149 6
8781128.897792555 2059805.665958565 27
335489.61819595436 1269903.6923127526 354
6574552.516401828 5248135.615768445 310
4613038.922647051 8716360.719666105 144
3637164.4006141713 4851537.016198349 62
9505070.065414743 577173.8395238268 76
9081461.884707252 6339454.596116653 291
5325586.708707933 7890709.3512901 214
6860691.303114151 7843821.479482821 136
5595268.930564598 9929791.776287144 121
1645771.6139614475 1170231.3654006247 52
9104823.032196723 5814736.835678904 52
9267630.423879372 5292026.435565701 224
8834609.199601006 6084538.417307942 141
2440070.9833730715 1719008.9267981723 32
7938296.088719774 5309015.060946747 316
6567184.339793372 8457442.428735597 238
5159417.591127532 547321.4856843534 282
8033445.031532324 8577984.782670539 135
2545495.494263219 5553028.897758571 137
5212258.558448509 2419315.386095089 70
6207207.496832539 8547014.545430867 310
5637515.182468866 3917490.608278855 252
5952206.606243706 6401687.679650295 350
1997190.5824116608 7226086.528082316 201
3516394.9489267822 3064506.4445752157 322
2430048.6271006973 6482702.862193979 107
8805472.751842674 9214726.430256534 22
602727.9181363554 2515304.5920087234 339
8336781.940294798 8603418.655747348 12
7618292.202233038 6354598.905689574 0
5824781.191574997 9221080.674372626 79
2637190.823791874 5532684.568715276 293
2069761.0943902433 816182.6807677298 143
6644647.416793114 3341635.6010823566 224
8590488.385544494 7237852.6245444 262
2297681.4449641337 5602533.601149132 70
2278820.430343007 6649570.2627626555 261
8006890.694367657 6029470.129875422 219
7916349.390538759 2855451.6575624845 43
9085158.572719928 2008428.2406184918 216
1557292.8159347111 1082487.010872949 317
515487.39812783187 4132935.2711533564 309
3714478.796412248 8475850.724834573 269
9940530.035720328 9993197.628827346 250
2002890.0394619796 1511734.7430738448 294
8483470.711964695 5794522.336904551 122
1883674.1670949396 2631468.1869408274 185
8802841.677532395 8806926.896709222 26
1497760.4765832985 6786066.379617795 357
2366954.022552338 2084678.4009731323 126
6345583.375749026 9852484.713648105 123
2105454.6429511276 2195206.539956176 235
1730216.8845104026 8486353.884978423 54
5566477.115204637 4262077.110372701 44
4731016.41914863 9198381.943319727 162
4323515.0923161 6467707.280491458 173
2765187.893456719 9551563.225166027 2
9403548.00990704 8576338.117204204 221
2359978.2504686285 7228904.318434212 325
3642210.8069674354 4270980.224318785 150
8155858.459717213 4129730.8767442442 177
4377368.195351901 5655026.81741366 176
5067081.104239957 5757685.412932892 333
3189252.3454165356 816061.7675027315 210
8605457.488527844 9602320.422635408 48
6565203.791442505 4085715.1643956136 316
4687331.876901122 4278617.946836109 294
5445977.0876448685 6870390.304052315 145
1017044.9607063603 6364298.098905658 301
4248123.537021664 3990775.965559633 151
8486095.453899153 5598479.166245035 159
1492181.7706848928 386154.35433469794 292
3999789.798096659 6429025.31846871 151
8323129.807028017 1973203.7486520992 188
3089672.9741409426 2380392.5125075476 51
3030313.1012613527 4792962.814622698 216
4533975.663645118 9977215.466750147 303
7845112.516040443 9767758.431589525 241
7217170.871490444 2836771.8972876365 60
2439690.904745633 7585297.77819672 214
6302452.89853274 8574472.546529455 141
9764464.842106527 5560991.41145169 319
1019874.2843651087 2958394.9738383 80
4838875.93414559 4944942.331002352 303
4204236.82818845 2597986.137596643 238
8149001.789686937 903168.9249521857 24
4015329.529487203 2513332.1505635763 58
5386591.902437484 5969296.2187776435 151
6710054.603602213 7205572.579445025 315
9965999.44643382 6779381.366976272 40
1624209.6419009145 5679295.167305914 327
2138006.820176219 6024995.078780946 69
9424264.030014863 335782.2874445726 55
159355.18047400677 3594642.16801607 319
5607113.877523655 230996.15295761544 272
2092568.1465461643 602315.6897214899 236
9465560.523655344 9541259.287165651 236
5282113.745840098 5764809.063130844 255
2833202.403243462 3988828.995889472 275
7749723.404087745 8152587.8495198805 40
2853610.6465245923 9502762.991663372 234
2893906.5379926055 2275135.3521007146 358
5170455.876327942 1129636.0442337894 226
6836980.211180094 5200252.725040137 52
2729907.818901225 5791618.440341598 266
1139799.9376371293 1984468.5134194796 8
8237871.440552412 4433995.533256004 350
3695194.191793999 877824.3238930139 211
8549371.098936759 7618266.34220043 232
2467456.265037915 2759739.6319299694 3
9224406.482110696 3800986.102174104 7
5946008.082501808 2666992.890247285 182
6656371.655026007 957816.1415508058 4
185479.22443392762 3077619.5535077765 22
443336.56461129966 2072027.7151261978 287
2364842.391256903 2297884.896970347 224
8650803.13594809 3704899.7927793968 238
5185958.1588153 5414611.209291891 115
670846.8642407506 5472392.824819769 215
9801229.881447468 279107.7645688522 32
7830960.646429724 9299241.894708008 116
5114507.004404083 6173449.859064236 198
5430859.8329330245 4903195.903509857 5
4848884.5958096925 337423.3111733327 280
5126589.70747844 5983291.627798604 259
7625590.485591021 2132690.0753811607 241
8014036.868391445 1826499.9062266618 68
197219.20136776095 2452884.6179987816 179
5135575.557166977 915314.3460229984 189
8346392.7313547395 3752933.258905763 47
1809219.9437940714 4653369.905514609 200
3256073.8240149003 8299.228201569253 230
6543216.043309669 5377156.659443526 328
5314313.008212657 6672995.73620765 249
6941008.020024548 7201986.053130122 267
6025603.0345943915 7348403.052953134 129
792073.1889419741 5737605.188058757 206
5254931.0809794655 2080183.9039345516 306
5651037.09816673 475418.8147498517 162
3315434.4179057395 329254.9670135236 248
7297038.815504233 3663631.2580465726 238
9335630.287850488 3930417.724024905 288
2714845.6147247166 4116041.786359124 49
1313745.4210350742 3354988.2918214523 138
6063314.453763288 3174393.8970820853 271
6265089.566169255 7422028.375447903 224
7992532.346158121 7152748.591828924 198
732500.701388571 4935485.9299482675 132
5674542.587032334 577335.6556459186 221
9613296.257854914 3544131.842176048 3
2641620.8476747926 5674409.922642037 22
6129758.963581952 508972.8179630304 345
3095217.9719259287 6278645.743892896 283
5641657.213491467 2545383.8234585337 221
5527856.864484376 8444371.210318405 81
8712896.367162298 4621199.663094168 6
3489614.7027457235 4063009.9014327535 121
113902.30271717261 8071835.799839032 257
3890311.6615317836 8206173.233492383 9
2935507.123342954 5270917.103286008 287
9680586.3352682 8038509.269201297 40
3512829.862047091 1987412.5646313666 271
6341100.708807115 6594542.519768377 348
5826755.905133584 7697873.896065771 289
5941433.350867543 9055341.911249226 276
3031117.8455375386 3109001.1602732004 313
288733.6972181909 6628338.2873332 229
2797560.1110735447 9744333.07069675 136
2118389.4266794976 8528449.310582004 73
9336451.59708095 4065169.0350437807 57
6665185.850370681 592899.0071698847 173
1357893.450366794 623066.0310223257 285
3424435.965207563 7772256.770851584 336
7429397.267328371 2866136.2063576966 294
8210061.229315055 441565.3354803295 314
9253449.706910843 8587875.704593845 202
2644141.6483606137 787341.653828999 335
4175568.8572278395 3818569.653563145 65
8729739.763439113 4726500.2004537005 280
2227615.30426291 5482137.469338665 61
9786081.020381479 6480989.16842725 181
412650.1416310302 36466.04668776976 7
9555231.171435341 9579671.94581911 349
4663242.683469636 4526944.664670418 125
8639050.860852016 1626702.1431326533 18
1671709.056366326 264577.37266271655 9
2274486.9074040074 5080884.245645219 297
6011069.323745926 4812268.629071672 263
737933.4630889089 105170.1901025326 219
5618687.788913642 2878801.8476190823 291
4730372.991353321 1699281.3572776322 71
8855813.310061846 1010892.7549434876 315
5002061.968948857 1704464.4622789163 125
4220087.34962076 4668652.042591197 345
5962985.017223914 5069611.556320775 327
1703569.127640503 8318477.4797953395 348
2026629.4304078824 419476.90105363476 89
9692853.137391726 5584037.083662192 348
3268633.7894948414 8120038.66036265 356
26842.342875731396 6907651.005055692 84
9539687.410404015 9757412.265155556 11
6913973.4888303615 1687217.0346111637 300
3857903.203249932 8065890.764334179 166
9051809.19830137 9942348.518078767 298
3849508.8589990376 144872.75000258704 46
8340850.0514408415 5467243.364596927 1
441473.8081181724 9089416.377560746 40
8571695.652652977 6298491.666602312 160
1103687.4703865552 3279384.765349677 249
1391148.2302849442 4647775.4604280135 136
7994927.234735032 8653889.340372616 50
1895836.731230537 9487388.111848494 277
819867.8047823372 657585.8380167654 332
6133908.450871713 267431.80374396825 78
610491.2491208592 1851019.1626556227 147
9403422.159961762 4417553.291753012 198
2056024.5085125163 8216345.6052952735 307
9751868.646189159 2131757.61493661 251
3944398.7306027007 2596367.4066308583 10
9263796.07226081 6384576.370347883 324
4713992.514572885 1238743.6713098288 305
9649366.881459227 9916281.388321938 158
5589686.760093818 7864514.750287387 329
1974791.845471371 4618869.597927634 228
3435019.8584697843 9395087.556467194 135
4295418.295709993 1287510.0577002573 222
2119413.759539781 5764531.035057553 121
1167225.0030406916 9282438.759854643 316
3841024.028818425 4637588.340994515 242
6965230.581356534 3107025.4231077675 151
3255629.293966675 3308747.295265659 302
1844329.9043114192 6781470.629695964 63
4999866.803170402 333844.3528775703 95
1285174.2184919247 4365511.060470173 207
2359966.505864508 5516541.233344981 108
8852486.75057655 2407870.7944927593 285
2412431.7829650543 1905056.8692644543 102
4877295.174012243 8347426.837728767 59
5518470.619187516 4196585.511405198 322
1213662.7898476827 138148.67438949886 54
8221150.781227945 2950965.621558027 158
2384303.548580231 3205338.0987188583 0
1933487.8741326865 4139820.538582677 228
5587842.078710877 2160726.4033333873 351
6622437.856292567 2839591.234044592 263
8335240.696103883 6162520.710622438 328
135658.26751519073 1472530.2180511747 21
3038729.4757790007 6255094.366495268 85
822277.7434842255 5525852.2898391485 340
8503541.496069897 8715879.189470463 44
6961115.645579511 5782510.139781971 293
9800107.569969611 337964.05446937296 341
3774651.4000840425 4219409.408450281 172
660771.2246641418 6119021.275204879 189
3296081.410416558 3647886.2811962375 90
9049682.126499867 6406132.590609409 182
6576419.116569366 3078550.086683316 194
1885659.8881405406 3478783.320739577 223
6265434.995089737 4949414.0815523695 196
8995494.873384371 3861853.56302967 227
6976933.570098455 3126621.4922855953 172
6161092.447037233 6486051.90942935 112
9044696.307789277 6745882.995884436 84
3776984.4639589754 9650116.982087288 95
1482184.6297207454 8943932.092460187 348
4167835.046566121 4507979.591479263 214
6330123.689707439 5188950.122915292 43
5942742.307695216 2993696.8262107098 75
265259.60179205163 761240.1802572577 11
2918446.430306505 1864485.1227764825 296
4118089.749537411 1362160.1829815954 139
9794717.133799797 1381808.0565079127 21
8006908.436691897 9688905.758997165 344
7138.784063199788 1025195.8131119388 21
1392957.0987934815 369831.23084431636 287
8025184.322564568 3619013.052253237 302
7203079.474756817 2328325.292631307 143
1949710.5548062332 8943679.276733374 281
627312.7734966533 208574.156176754 156
9076884.344863104 8626333.208037002 33
8870626.674648467 7723321.54533714 292
4107428.1801638333 9889400.69408928 128
7730341.560168196 4874405.6788150715 255
6423532.574792447 3001752.383936618 11
270811.6774587799 8132205.517697886 209
3601932.380233833 9366153.343761737 165
3629689.847111124 3587235.8976118066 80
3729465.4446501965 9370838.557051055 353
6117785.809310468 8394836.115662431 318
6013697.128259604 7747157.026552109 304
6506224.154391176 8651205.240539638 289
2902435.97094065 3104002.658961748 325
6730261.74227746 803795.7019084418 138
6444430.723667921 6616917.498125884 326
5291900.20928658 7669770.729550396 93
1492142.4028479424 7053361.234982143 222
3131457.9633365935 9023668.967007168 316
5647382.6451180205 2666811.968527938 332
8950533.32907766 340019.27546860155 68
4829846.1155287875 8975054.633076904 303
1932240.3475962346 713613.0045606792 241
958182.7121081888 5133274.4437669255 127
5844936.679118039 740250.303866583 6
5674173.382419677 7926347.858328191 84
2196960.958490485 6611844.211659809 95
2275924.8042633 5322620.59070477 340
7548291.376800983 1933330.5195221805 7
6598823.640429175 8811245.478765666 83
660649.7168038284 2777875.737352412 176
63296.96746031343 293636.2939996839 160
7073804.141600543 9161156.252582261 223
9005680.806596424 8374608.66010452 354
8191807.331811108 5055052.420490337 47
7587673.379083797 6336140.024168368 288
6126517.599069879 2916218.948421786 307
5152201.836041471 161254.3254958554 340
7418823.839719823 5124718.046512697 310
2730663.275228876 2821957.461553477 209
1617339.4325017387 9540577.738068724 94
1992722.250815443 2381949.958322908 340
6926339.405630735 7016014.276758444 45
9483935.167779546 2117408.489895606 0
3850420.0724174655 3207507.593867177 23
6037969.022964991 5156067.850378227 148
7560743.705800723 5051664.624971068 328
1116984.7985334902 5721178.956290355 283
5107723.1527425 8801737.100777423 215
5037123.477511765 4314703.3400489455 306
9351882.694415178 1042195.1210925794 32
5341827.708090588 4832826.499651849 198
1599092.6937861117 5751317.630171427 178
8526606.512478372 8993010.12254151 325
7919128.335385671 2329029.687741724 70
2323581.382642099 6927614.685294906 339
2104901.972026476 7429429.064605144 0
6693207.901981463 5429120.174916179 53
1610088.6299439222 9162840.703184072 272
2866146.225267526 4037259.8699852126 188
8557344.81109326 1654005.1756235107 308
155009.66311086662 4062547.5906163743 321
2032751.2064487608 9440232.362676917 302
614911.6301077729 8409566.080861175 86
6245380.903550404 5058090.046819648 146
1551730.2743767935 2486383.6016749595 8
7323057.863892827 777660.4693434286 60
19802.094423335693 3837291.432916238 194
7496644.619406514 4335650.063241715 353
5905100.632164567 1895582.7565442408 56
6981211.159099696 7915756.078907419 243
5339755.646541713 5897767.701687701 165
1418864.7843444769 1324501.5655145554 285
5433399.0767576955 6034584.461245537 300
6427492.987513929 5713526.610556806 20
679912.4668527378 6459211.79132012 307
2091547.8400196086 2390291.8065350065 198
6101138.946972925 9483153.856496042 271
4021185.9154058825 9084139.961713787 120
9453733.161126567 4752043.877637665 145
2787093.9711038643 165492.69808956323 330
8909384.851810755 729970.8558741036 283
4857342.0342497025 994186.5857610988 298
431482.1044759798 1934476.3095869888 193
7166310.286877063 2817280.41761805 327
3359946.9404799077 8139015.4852783 44
1436788.5349424758 3849017.561883349 193
8423648.235827742 4017946.048008366 22
2868612.8413010226 7049956.884355879 153
810832.7197204657 7912251.3772188965 282
8451090.23959835 8896312.881160118 65
5675435.7249067975 6832721.129968495 274
547496.6607819353 861038.9416110531 350
2759621.3555106185 9926232.106714731 8
2840365.6335651404 956891.4835538866 212
4947011.557887619 2645635.534452305 104
6693303.0569695905 8210172.969764345 303
5272044.081331901 1375809.988558835 285
1736247.7126809706 4386516.447341472 340
8009281.917123655 6594949.082120283 193
8952364.741903288 9272441.87342719 318
0
