100
26477.442671646568 38854.45372937943 294
27436.24124652521773860590880 36700.95687143502480656271349 274
27504.80482250621255551819592 35720.45205396410660062112415 216
27432.22170611717518171073868 35667.71733309230806401971995 115
27056.65450733475169109523767 36473.12378999760459308909000 312
33310.26806419271055971565863 29527.78231084564561820703610 159
23975.62685112867614375371637 33111.01535250029374783808089 151
19115.52314026787952090267776 35805.01483042962517730756471 242
13829.599216171462 9540.427824582786 45
72940.1706121346 29468.930988879827 172
6734.505041048522 47045.73645349513 206
55435.717488734794 74110.7402915632 80
27745.641969197066 50327.1972699191 352
64934.77652741533 97660.0570807372 218
50314.06138348866 11298.340699272469 272
82262.48429086666 77388.96112630796 290
18920.185030787918 94420.87459454461 2
81898.17171408699 31182.230473471063 293
73371.24575766972 8847.474577218905 241
23789.78211729238 55415.30472289917 179
89260.8256616126 1174.0105536453439 287
67675.9586901967 76404.45882759926 4
17573.491999741807 48711.06278960562 354
98888.69448550725 13428.424351411062 286
38392.226011191386 83313.5722638212 41
10560.75127685624 3691.954477503523 128
73215.03412468721 50168.99148543578 323
65997.2180948439 27587.190675670558 102
61911.691219079825 76595.01594473972 346
16733.56745535044 16246.018534910445 320
47663.77954544328 45683.09905245794 265
11521.956597514638 71746.92182834187 218
65833.19418278681 21559.842632185988 185
98251.48605453424 42821.797230599754 235
67226.68801313677 86146.55979642755 351
53725.225051297195 20518.19274986155 346
14676.849081434606 87293.39606672748 125
33442.748309339586 83214.59407836811 124
60247.030652041925 66940.60417617642 101
68705.85842129384 12495.147748776326 292
43308.91275183951 84243.27103234064 165
61730.02573675196 68535.41426462102 300
57329.84576606347 20705.373206292497 16
30951.60825778733 42834.11616265895 218
21782.791991130067 67570.59241060095 323
18003.856705148337 89282.59679956421 74
80529.10645062233 95809.62853292462 44
4604.620583744501 52323.190636588864 330
576.4864921345869 76092.49473967908 150
23350.302414000744 4428.2303540646435 338
85781.47475090694 10497.310833297392 275
43770.57897248578 32001.32094433593 39
96868.28165189411 53118.099491666406 28
81258.56284057202 36855.82555651884 327
85326.62041048918 98652.36223729762 322
41454.18075756625 2537.5783094800263 140
68224.2443375747 89547.87445522056 320
18309.867380448595 62757.90067646291 229
24466.8099139583 8895.27543295825 101
15918.744161120734 34709.038668323956 290
6847.257487748803 74715.18862001535 64
19260.563644381524 90792.2094223698 280
37288.68957603546 86290.51435800995 290
54155.61130259972 98825.66437040256 128
67478.08810709152 75655.64584386472 286
45409.043704663876 80264.97692330592 232
90689.206481326 77018.62752028616 156
10272.60895478821 55553.88979736311 229
72964.6679983853 88290.50455903627 27
70404.72470266349 63664.072811643025 46
14195.669601964368 12917.81498655854 145
8272.259259058445 77382.1188709282 152
13594.512197408692 59449.56837553451 149
58454.62102267397 7358.969284628003 212
28702.76236488838 13641.022030477112 320
92207.14912783726 70006.57578947146 277
19522.09962596465 8200.425203645722 200
5398.029423046824 98296.91227351253 216
77443.09055802257 146.0800336511192 235
59307.840354977285 72222.72034137671 20
31588.98618632958 64027.511275452875 30
33335.80946000561 45248.096743742106 171
20832.490836730132 34470.09279244907 202
11182.61128617435 33898.731536344305 353
90525.89406445951 63966.795739871086 180
92430.6175540595 41290.82954050668 302
67101.13141877243 80875.03645406576 18
3889.4248780512285 80601.93416575047 56
41522.054232956354 67953.66952540449 34
11049.71589583995 31030.06529379977 36
68339.55255151448 4656.471852193123 218
25623.899433236784 24369.296254316618 323
86397.15347052227 11052.698784866066 55
57935.09548320311 62322.11313524189 48
26260.55378108576 63277.87612672546 268
22156.82300245293 39276.951281004825 208
92824.4228856094 92108.87651671564 23
51556.003918124625 27393.076323351805 58
20061.831563636602 27587.609659947488 136
29971.791908421965 68003.48768551592 353
0
