1000
6016123.369786488 3810087.5146748647 72
6046313.947879976361455183772 3903004.559850997666322120718 307
6147292.532406987642388992358 3769001.452159868372618758429 41
6834030.889320675873214156618 4365973.998174643941417812218 161
6421215.842520909236162571475 4508117.617969269006675391739 222
6024615.696378888895132591542 4151017.242413879519222654638 205
5372996.835851424101905930765 3847162.377551688904754810777 52
5472623.045978939165310605516 3974678.111551511177064908705 334
5751292.825805545951254899772 3838761.778481601436946704656 323
8321735.739030774 5285033.237147639 184
9968163.143555943 7338789.591956311 311
5751175.691152059 9465622.523103194 177
6412497.429522887 6748118.873059901 42
373210.51562644535 5195847.412325356 2
1627262.7749491576 3863857.7010733965 272
2240055.3042878346 1444839.2122749821 46
6171337.938081997 1218298.23953855 45
9092231.649466565 3650566.228706451 233
9753843.768115968 49969.41861351134 303
2514996.953256238 4788658.596320343 73
4012105.952151105 8921660.108352007 154
8657992.536811354 9214280.278966 105
4464746.390056339 1958199.320985341 189
4775186.912025547 7892482.118119278 78
4947391.3825916005 7777471.372518088 10
4307771.139455912 9126977.687497327 307
5979528.770920839 3761948.3797966223 357
6079240.814428261 1568228.6175727667 34
7664933.493823893 1357263.5597119876 21
4561811.51222006 7357321.565287935 225
71736.90644540431 7553387.562874286 234
1175723.514835595 1929210.7208722676 46
1783946.9605491043 1847771.3647080073 240
8468818.608244743 5891353.084923388 116
1831202.7951769184 9889211.075726893 38
3805446.320941095 2675477.4573147446 334
2736339.24386502 4807773.886323104 154
3680148.630826706 5687347.213595198 137
9569967.923731046 2764831.8151312433 348
4279827.978447239 8346885.315031786 229
2623729.901492714 7857285.115849802 70
2497440.0092024687 1960977.0663821625 232
373243.37372285686 245827.86223075193 93
4846021.776029558 7960113.606428859 210
1692735.6755584667 1921418.579030496 324
5465630.4604789885 7548635.578315251 231
9241801.76519995 8668230.247662123 26
5393295.203453661 2370822.54350493 201
2494875.3317260975 4650387.619449149 259
1730105.1367950272 484554.9720201736 280
8620128.640318654 1218699.8949561068 237
6918060.548361956 1664997.7075648725 50
2859984.3930796655 2949272.2172566666 85
2589633.492986172 1634735.8616989804 321
6425197.579721413 8188791.762866755 79
7133254.594565235 5174968.997034956 78
5545356.396508358 8360041.602332478 298
6759480.835317438 9816438.516808407 287
401227.6177013696 6916757.301723291 201
2621862.4231218924 7467264.615928674 345
8141596.479916827 740558.9260343282 181
9586384.294478897 8758674.122114051 107
2189177.0632640393 2807936.586599228 175
8508507.311542448 5717460.1299995845 241
2098479.1046423456 6070486.394170399 118
6312072.7005090825 8680499.279950647 208
111563.80736413451 9786378.378862571 64
8065591.085820075 4442298.972477116 47
2467004.861535239 75398.16691371714 250
5307750.5264568245 7754915.927417704 277
7293076.500558953 1591046.7790028537 331
3812126.2257330758 9661606.96732514 28
465505.29869400006 2303083.686165539 74
2453391.1124409903 5969434.91823737 85
5130045.238511805 7184586.703755842 233
7434513.553451138 5668002.923809812 77
5162002.245645442 5869974.676084315 16
578163.0143457206 2709521.9618911683 305
1055154.1769704 1771617.366621443 83
8643416.401599066 2830078.320722168 192
1442164.9802266378 5008628.588647845 232
8309075.188074129 6711820.653655818 221
2163821.418445868 1974362.0081279834 240
2832421.12460953 9395343.372428266 161
4873655.532160697 1031008.0404685374 326
4094501.614053234 2404155.373782114 221
4147487.964559311 7184896.91876828 56
2451370.83253979 4760586.897350038 183
2834738.6214627214 8544882.996303014 12
9230452.639224768 7227613.669795542 171
2046438.7391649007 4829760.9773705555 240
1696742.651725891 5340558.140323607 131
7944950.561362609 661811.9143425893 5
9946957.733718922 5178374.218381442 90
9975996.79980923 1946800.392448672 174
4889790.174589862 481618.0379503354 223
7784110.280474246 8064748.894269873 260
156587.49980263953 964842.1505679361 191
5736933.463599333 3097737.4839885063 333
147961.84625761377 9989157.45983111 7
9553063.103657017 156366.51596395156 294
3196368.1394910524 1735854.225915443 133
9563219.587453673 2039601.9949087086 208
8677323.535556845 7789859.333193773 73
3572496.2156005157 9368806.345410569 31
2536648.9714442254 2596104.506324948 312
5890185.723741746 1689751.9040930998 314
8779561.730712293 9532216.95918833 118
718618.4531817774 7993114.72668947 226
6530851.779883948 8307994.387281668 292
3557444.8183091623 1398478.1659913403 229
5448152.82060242 4893863.006224778 255
611424.3337155423 7416098.684598856 45
2143892.4822815377 982976.2619196958 168
1114846.6963471593 3277507.244233867 121
9230348.997167518 5301135.18068418 14
6746958.573704318 6671498.305860128 111
2595495.934195462 7912876.940050496 347
8851772.996896423 1272328.1037608548 92
5758493.015236652 3044835.746343619 307
8869451.702089278 4428668.771377496 338
62080.49922902359 2033147.131098223 260
8208652.93702618 5240724.609577209 190
1847439.7395558816 145598.69259069714 210
3654138.8946272335 3110660.9858255684 7
6489888.302939705 2882774.4951282563 247
5349438.504624524 1081868.882376964 44
7373487.420315209 6623262.088325704 309
2759801.799186539 5103288.602809798 253
3532809.6939979303 3200486.457136368 170
3006442.934331265 3988194.021046325 170
8380404.049422912 8140748.168449212 195
5105892.820904114 1147127.709989707 4
1744747.4615534276 7567483.005680129 187
4983631.673394118 5280266.804148165 65
2908985.7920260476 1610611.9355971627 162
1990738.800077061 5687908.3508785935 91
6793131.97647083 3768288.9146456565 93
4161233.127396048 1477448.567082692 341
6916861.398196628 9438341.531263104 115
6193369.691749721 1815140.532133357 147
3036523.0014366563 7036675.189660503 166
9425853.535856506 2159527.369003584 236
8034137.332235775 2505911.2124212966 271
1079593.59953821 9221684.66320075 141
9775869.106348226 8885952.240466325 55
8095856.349533323 9834924.057597704 244
6241794.793315943 7951555.658988238 320
6898638.38709457 1291365.6526910632 175
8185762.605999161 4027432.0850665746 210
8218581.784817844 2418436.2189720534 130
5659426.119305818 1320348.0631061203 72
3894743.553708383 2610112.3187971087 219
5354538.129198376 3351522.1830556476 279
2548967.9731378667 3192859.478781619 61
7526742.210869064 5242699.735701734 294
7474147.930879979 649599.8861318353 124
9737151.503253398 6878850.900279388 227
5181025.301814171 1478542.9248092053 344
5848127.330197837 4439444.779231264 189
3338219.3250925974 7398628.652603669 167
997253.1826769271 6199165.989625265 20
2942469.346930615 3938735.7092511654 51
8636767.248935867 7369685.736286034 329
2374313.0266572554 5316717.594803334 81
6317033.549397774 1098944.6109043476 74
1733638.942274912 3617744.9047152055 278
1101024.196852919 715603.603844911 59
4200555.662336942 7027437.391922965 279
4551014.754589441 9327131.786201447 96
5272313.183416778 30762.46568064156 164
624585.5434440806 1221596.2134660063 304
6606680.72070199 6228735.316769761 350
4246123.213388151 8343126.386627055 83
6683809.957893872 7972393.385840564 167
4778251.866333107 5826252.043197033 73
6725126.963966859 6704057.095302806 70
1830857.1984540133 6621869.703289842 84
5099414.155862863 3667159.3637644164 358
8972856.197912036 9663001.829204002 99
9430979.512116084 7445567.882519106 121
2671713.8379012872 5479400.131247583 93
2594859.6499519604 1641529.6121046874 8
2132809.7672553 5161962.968849025 115
4661315.174718367 5838072.387853521 293
9134375.67171342 7576688.136165527 66
365836.9817560703 35023.487337190185 68
9139002.482426636 8569499.331870072 68
1597204.859267969 9217349.744096551 205
7738692.874514672 8051552.692113529 7
8170633.5550603885 1799112.587503524 323
1221863.2331047019 3087690.0749632707 198
8883507.839708364 1850847.1348669254 257
936754.5771456232 4373056.395857329 201
6811011.466480421 2988900.9230495524 133
8026586.988410367 18829.738523631346 300
7088455.703391755 8491690.778475441 255
9967486.352555217 976894.8334729299 165
8917163.407102892 7183546.96133571 116
9603110.89845108 3259534.3830228862 99
9595370.216716353 2790277.6729565104 354
3032406.86161694 3887081.6566432775 104
880413.4106517081 106916.6851198633 184
942817.3704951948 8250417.127207288 89
504913.643586018 2017633.3544572333 42
1136396.8679062154 3024127.112182504 109
4647438.396305869 1098592.930533766 217
6734950.870771085 4049627.214346442 41
6468223.595791192 3408963.3592687175 143
6377804.420212333 2320624.7947064894 54
4613652.753598617 3577435.0547434217 17
459410.18557063007 191831.24933051853 125
8407888.53516159 1464127.623323067 256
5757490.949519451 8315962.953049241 267
6938137.167801149 1512927.6295210037 208
2049206.255687569 3869474.003768777 318
4618605.362760504 4641595.096552357 173
5843965.1972757075 3054473.658989351 282
773995.7389948915 1553499.1776490703 282
5912252.3702985495 3130835.8338187523 30
9484765.00325074 684599.8457190671 138
7038690.055471531 7532739.643102361 248
6986767.939265244 5248609.646496799 64
4340418.105624913 8299444.140364427 65
5777696.609580581 8213241.402227561 150
9928606.683751956 4626116.58503976 141
2313760.09346141 7584574.5175800305 233
2486603.552360943 9231824.438548127 214
4311138.26628584 9744216.517127031 142
3721506.939686632 3332132.727302228 100
256464.5737691318 6311545.205506265 46
3274425.242925919 6500745.535144315 236
6598104.028577247 2243564.3571353815 240
3619575.121660883 1648255.095672021 356
1380337.3402407048 2116861.2285139374 146
2539117.3443021686 4966252.179137665 272
5422776.752046339 972368.1693047015 233
5641908.175029526 9757902.672008248 208
9559294.233686898 1497855.1822022744 109
4034854.821946653 4655827.044009854 237
3423545.4468948925 7050638.268194261 245
5564191.882347516 5542877.639520016 47
189017.377014834 3440044.8194121635 198
7849098.573303528 5892826.399268237 298
7411564.130700857 7954426.652150501 329
6145048.612830492 7753924.003346325 259
648444.4087562102 3389708.426794118 0
2183272.5314830025 362477.6981195399 230
1934479.9717581063 6024008.234537475 22
7915624.1353598265 2856983.807240919 209
104463.22878444602 1658678.2777672715 225
7656461.358385375 1204554.5475202613 262
521914.9510426102 6863193.341167233 230
7381822.179806984 3969323.694402662 168
3064200.4553568447 7604022.628337295 158
350076.26075142407 8114203.818963851 160
3400608.1390106026 9907888.941725228 224
8876472.269040285 269547.49548433465 220
3198165.1874622973 6259804.920526718 247
4929344.681640439 434767.64927370736 348
1250144.0491956605 33945.09222983899 345
9888035.588401394 9702543.984778674 221
5047193.5196918035 876084.1048228873 52
161933.73416904523 1312349.9490398206 199
7687291.165962603 528825.1727262838 223
8757327.894561961 1967550.3431855112 220
6667117.3547210535 8955565.55567603 232
3198708.903147985 1261474.744731561 88
3998519.3248043926 7974723.628894884 114
1950622.1182236238 1431200.8717997894 145
8210997.599212361 7661072.260996786 210
4682843.9453579765 6492818.647425342 22
2144917.4533792413 4310766.254102965 198
1147103.5548498265 6410780.874131355 196
6174431.201851325 6639166.846477283 186
1827270.6821553786 3218573.4648847785 243
1886465.6130622271 1907011.327683553 300
5827702.008092148 5370645.231114388 306
5332887.419622352 2078610.617199219 223
7603921.7446803665 7488755.927667524 199
1840663.0091259235 8754145.435081821 283
7316753.5583990915 5772330.794486391 210
5980484.510305532 6237532.9680520715 91
9835649.981697945 3698944.703741124 145
3567928.7353468738 9727716.443580244 248
3039676.45451694 7620455.725798968 198
8653785.650014888 5833064.444479071 168
1685704.7785929746 3514164.339485789 340
1437028.9861177998 9469796.427076872 182
5506232.499911421 3185389.6717956522 181
7249125.9802417895 7112270.885825401 30
5878692.024538529 9381544.539435051 122
4274835.903290002 8010886.2422225205 222
8075248.950627229 8609798.998132814 282
1564891.822239367 5941790.886873761 137
6468541.248943741 8951422.89027578 107
3709447.452527097 5067042.918561997 282
7606206.057195403 6771322.058090642 163
6304323.371711912 6858852.357132951 245
6124166.911619561 5712739.841588441 180
7521269.787287974 1292661.8279323764 252
4888441.014724497 1336649.243036614 215
9874522.32327902 7939421.609748669 79
1607586.9349772155 6690970.097729996 6
6326729.548590978 1001705.2134708904 144
9939554.011107432 2040973.3535191289 214
4699859.336613005 8930509.640763618 194
5430226.82256194 5598844.812463887 352
966260.6761018344 6716466.204994337 315
1263372.358372048 5833304.304342157 139
3119339.818444349 4383080.140371261 184
4211628.292733925 5365520.518263222 269
9726688.353598127 8231566.83668839 278
6619665.681019319 9485679.228193507 213
95759.66950022496 1850767.1720949449 212
1280026.4028652264 8673490.671654107 90
6227567.909459204 9995055.925589213 335
6477060.541777768 3477599.759321821 251
2730339.4814870153 1641325.3492593637 276
5118943.914061638 9324950.381492708 9
4090335.2808897053 3985835.90437942 278
5589027.271381193 9125532.99499616 339
1160357.2271117736 568814.2707860866 114
5259560.309187692 2946492.8584175752 62
1182035.1443660115 7224648.225376932 236
7804896.481294746 8439609.2230174 290
7215118.129432168 1347844.49334865 192
901209.9966114695 4120941.5987123097 237
2174845.7554113874 8937664.211983228 307
6789619.293310537 260119.1732582242 214
9382154.73062843 6989624.447825263 0
8193778.271007044 1544233.0506966885 200
7105964.772960399 6152756.211074958 100
2449475.0462973225 7448373.928552199 82
1195732.6732296504 4601764.631762061 352
5576070.062205394 571318.867070667 222
2500916.565853962 601467.5825780536 184
4139335.016990108 2624899.521399836 222
5916479.894344423 6998388.820240938 51
6910122.415754203 4711620.17727676 192
4758018.786209442 1423617.7729707079 63
8908199.832314428 6708691.67747428 177
6289140.997736089 353098.97693589056 206
4590082.957668375 5782644.706922158 23
5191744.332786436 6019848.588720846 314
8292530.159140763 5213423.410598867 330
6624576.811757432 5937270.335923156 314
3026989.08268343 9528888.504415048 39
9001860.19730953 4386822.451882996 140
1804959.195874015 9941072.085993871 243
4751839.553060415 8196011.731717846 300
2347714.3283566525 2262902.34803756 344
1195906.9944672573 2152939.2841183804 142
7964285.078877225 788722.7509276273 311
7964399.216489205 8157421.636220472 141
7752491.854682432 1072406.3925394444 130
6794018.883978508 1501267.263448368 257
9838237.948639216 9318415.753092164 87
6908145.094330226 9678032.425128486 30
383791.2078857208 355498.3869639494 105
3720637.889410514 9908506.690626523 1
8510243.072791312 1172097.4677351958 303
9350613.19262925 375703.86662668985 94
8504768.926020524 3776689.2474008994 280
3484203.119903345 6849742.8298387965 349
7354261.524900881 8738366.89425453 93
5326322.244183248 2391387.544888132 334
9257669.284332057 6627647.456458998 331
413477.1756022637 7561430.62685943 85
5204680.235178159 8310930.2914170865 269
4227598.747786789 8194713.06529637 308
8255493.5149839455 7880081.830136226 41
1698450.2855346573 7065371.46453731 18
2526813.532673543 7769716.507379878 22
8749958.91447095 6022866.461306619 166
9107825.587428834 7136004.218238085 319
4880603.043323525 9363201.457051855 248
6553547.151850896 9503764.838576179 357
7952228.721387118 5227718.2696324345 273
3387273.955246658 2003936.824983903 104
2895015.452254072 6063276.892561461 306
8442944.897187993 6006549.9020598475 256
9662855.710582566 3681216.406794501 265
9670664.88378924 5515536.931992802 106
9699833.971763767 3639130.534944458 4
5073491.720103108 9737375.174778048 164
9144961.062952219 4992303.850179658 84
6364058.49857019 6060627.662147932 203
631877.5047357284 8489888.71090463 167
3388670.153344272 9882921.567990547 330
8276166.091233069 7908001.494900362 95
7093131.62510586 5832777.832452813 181
1518793.3333416104 7280046.226545982 234
5945836.2618784895 7614114.161946014 237
6254757.501178113 8248737.641803763 332
8909804.290249746 3717307.707127986 312
7880779.139968782 5223331.006743096 54
7060805.952822113 7053499.971468097 101
8083898.089808353 1424291.2136876418 146
1176432.4401755421 4206138.86448411 97
9569306.762312584 1166144.5191988251 102
2252838.499757721 5744786.546964219 196
8832560.89784247 1461903.790504575 283
3464643.5121650887 2355627.795523332 339
8480697.7995796 1601866.190358825 61
778627.3724315384 2219636.267896673 298
2728918.162590509 7804888.324183499 227
6963951.700299254 3322005.2565258252 138
4460922.287671934 8440631.213081729 208
7828563.171095276 270017.25516267447 70
5808177.035417568 7797668.11300314 94
8678176.277165065 8544998.969801757 230
4003637.9104768215 3405456.1625553537 347
5355106.917226167 3974396.002777113 341
8442971.93884796 5228016.577220732 221
1287593.7536201132 4747358.226257809 73
5788153.148221664 425466.4522399698 347
1011542.8034794638 7262502.765871842 11
6949650.46302594 865584.0265586723 201
1285907.6130337254 2920240.5688184495 71
2634523.9555205745 2493200.9504466825 281
5377899.7922722045 1200174.722558447 191
785952.7503698238 398594.88988000737 295
7778481.975197174 9035291.5679952 143
1145132.5985489013 8899555.446531648 170
8972483.733529255 5918325.837492581 246
349093.6005721479 9463357.187779961 356
1902206.6078703336 8890280.50662921 160
7943938.854567261 5022803.7921871925 318
6624795.6106737 6339329.637859037 82
9457365.571171306 3020588.68577884 275
5338616.467754145 4465344.050261983 144
6573096.413828627 5141739.390321693 252
3197251.7336094063 1688791.9157906196 39
2599435.6516341465 5238693.445629507 63
740416.5413936725 9670297.262477776 112
2733111.533200001 5143190.511654064 179
2453387.1858313293 876081.7389460484 310
4110436.8221741384 9162515.445474755 308
6756296.679077817 4023892.649833225 181
2540618.0628793393 7033534.700365914 66
4187833.547901483 4555752.710270842 289
4176809.878040959 9811846.655821212 254
9320562.700805437 771833.6182418106 227
3277558.589244518 5678478.992543108 60
3996805.9420962376 8252012.10092025 18
2076717.8765655903 5704508.095710084 221
301819.77647166234 9647525.260812271 266
5276079.110505489 3509036.7673400748 63
2260551.3052269756 9139366.696006723 304
2136946.79999383 6986243.7474054685 151
6666898.383964933 7024464.778522802 47
2243169.148320685 2054403.4958005352 360
9556269.194445932 3918454.0398173807 244
9107869.102104357 3868000.844703864 278
5439299.567520377 2919436.536964488 357
2636261.3476712205 4938390.571323217 198
6137507.417875352 8370595.21369705 46
7055725.6602646625 9197277.29819649 358
5047485.909012724 8406521.620969556 12
9880640.831138043 4469032.041811035 160
5314776.933867943 5434733.031274283 251
7596181.699846402 3014522.9714819035 76
4605677.612041092 9833125.240795018 192
787342.6614992385 4978889.090114252 186
1726500.8426622986 3429158.2261919593 251
425631.14406555466 9625362.154925795 118
2967401.699155365 575606.9298296673 34
557868.6131366972 8655354.867757551 58
7664793.405497481 7058127.508129041 339
778744.4090080742 5414188.276310677 6
2019168.1676632445 3240500.0776793067 76
4116133.76057244 7611581.281243078 152
1347993.2015809214 604131.855715565 247
3352911.652930407 8339839.07022867 37
4208205.8115649335 390060.19431100046 144
217548.76553871427 8509607.24888937 257
9572331.610029837 8560103.6510448 352
6176135.580558662 5701269.047645086 83
1324021.1349873932 921411.3539903502 325
5459688.325431829 7653839.959467008 181
7261540.824606101 1475637.445806368 113
94211.10650480124 9270433.003297785 61
684345.7560404409 3203408.611567642 123
5609199.219314071 4477276.031553904 28
4299479.9486345295 6176341.916240523 142
1587294.118936865 1809255.7215131933 293
7685010.70998738 9072351.553272272 318
9719984.729815487 7848.858464597486 120
7813942.759297207 2388959.579483998 205
8587299.457968343 743677.7066451528 164
2274595.558415561 453039.24820739974 27
6504722.640664011 2235483.306330862 35
4104945.1659296756 8283055.773134383 250
2919644.57825862 333967.8924069856 74
7041840.168960646 4430787.705698486 281
3616535.7067906023 5717826.676354675 51
3179054.848394641 8300073.076659265 137
4765971.065872339 3534918.699928086 346
5728592.220275559 9590415.66269048 245
7809448.525057184 280535.49016800127 169
9691888.869718017 1983133.0785915514 231
178423.0755549021 1336869.2704265828 123
6382736.261039074 1263439.7037113353 268
1121763.006118044 1556164.1840856676 167
7071318.55410021 6480388.511529241 302
5336995.584702375 9387414.560636895 1
7669682.411119135 8103790.104598456 349
8244185.085331106 3199287.04001884 100
7130996.677897573 8105484.379578289 210
7276469.572185198 6512034.695738083 355
9220931.17433281 9271083.828763379 79
9686286.6395827 498352.9749390414 259
8784492.194322024 9584349.712956913 140
7746925.087300874 3251732.635452068 190
8722079.65174519 6819276.818887397 148
258643.35526778692 5093965.575533825 221
4847124.490116264 364578.6209578883 120
2144189.8201170815 8583119.488902338 125
5965232.9220168805 5106065.626085505 38
4932368.176749635 6488862.109974666 89
9085615.381565288 4184770.764004608 216
3204249.785366844 2673463.795009765 121
8271048.685150102 6865175.983149935 216
2364701.4447999382 5481600.071241793 7
207513.1505628436 9387774.635013005 3
3650954.5570680914 6219462.739643683 193
9021590.740093686 1982334.5695151829 238
7495560.648630493 3994591.530988215 88
1491952.6531181214 9147121.985704867 343
3125073.931995007 8059859.112450074 110
3214308.02350536 445226.8267215509 152
2597398.7655434804 8155784.602594641 80
839419.2278055589 2315005.8958573216 279
1714838.4162823593 5959259.735536985 85
5647019.127888816 9011856.17272497 195
587099.5624093756 6618477.985255256 194
9932746.010093795 920388.6487905788 233
7866811.412541847 8927837.583907107 260
5042585.273960687 7144174.990956826 136
6978554.698675309 7836626.2255559685 127
8398614.430492027 9457261.354652835 347
6452370.567523095 8981552.967713308 11
2978540.0873244917 14310.430828854414 248
9686980.320156973 6712684.375797247 266
2463450.810260457 27952.700684139574 5
964735.7871537532 2562623.213792067 345
4414297.734694098 2718987.7358689397 90
5056808.986762461 7016230.720913193 304
5522541.472795312 9377487.052612832 332
7317675.926372703 4265514.9524332015 345
6147161.845549758 8280826.182084956 291
5711000.624146899 6578115.29481703 281
497827.50913817785 4557049.2472006865 269
774793.7588123976 9881187.459275417 25
5686495.2133386955 9402200.532228213 73
2053518.7543331746 8580228.638678564 202
9198832.2124928 7967681.824371505 103
4947089.074912288 6084001.004926185 329
7373832.09778855 4793498.435402201 58
6485677.751541772 7004168.504697094 332
5062636.994434037 3391546.376160436 153
1600963.7785962417 5257749.5988458535 198
2023415.2692080808 3034040.2313921177 348
4225568.206207165 8242882.452819836 32
3514115.4281405453 3179597.6289534657 358
5266756.180753206 167413.0947302821 318
689660.024645733 2891667.350988736 211
8343937.981399533 2566053.843146078 323
4637584.724548647 7215977.928539463 19
4759264.255086747 8744992.994557705 338
6007735.55423525 3204395.113121623 320
304508.18116432574 2045370.4167361585 254
9195112.087060567 2163332.9612361006 345
9338540.305700246 8207336.707463494 165
1914774.5457350286 1638009.886295244 14
481438.12789571914 9296416.882226389 101
599088.8646552295 5426048.995898636 23
3076339.1627167515 924809.061468479 250
9758731.70773997 5400063.926145447 345
1510760.1405630356 1269991.8419841717 224
1739137.5007729603 4921534.477294822 246
9003325.456060983 5826706.850368702 45
8149846.785341915 1259704.738639289 112
3750750.989168693 1555009.304193562 120
1900851.5870421329 9370827.297073744 146
6390218.537290613 145907.87468923948 132
8563569.991225755 2740269.445818916 238
3206464.1631733193 7983454.284187917 330
8008243.6186707625 6487748.03782004 138
2200688.090055566 9580309.373526132 32
4770299.329025788 6692529.146253981 307
2931411.632106401 4698988.474121005 346
4383045.422399071 2248621.4064514553 244
5176419.977321734 1332846.3251915358 53
4593300.090547093 6602873.887025799 193
7011153.015932084 1918452.254422135 155
4387501.967416605 2308618.3594900756 129
948012.5807385476 8961432.573855575 65
9305770.423112448 5885776.564249691 337
1789268.9011592322 4394737.200057517 15
7084108.825341304 9322446.611258226 168
9136600.707489563 644888.263158121 163
3627623.0042722467 2480640.3030651757 355
8226254.1258598 3258320.754521551 101
2388770.5715673235 1137154.6579215275 100
6606637.381098035 7244200.641144075 224
9755695.90551633 9424799.079410555 276
2203818.677360002 2498866.7409797315 290
556440.72308083 548483.092512666 184
7582857.760078936 9757197.233431706 319
5069047.1601855 1533050.1453400403 231
1440531.5838406684 8156735.664512775 278
2265078.516697534 1282046.8306132182 301
4253695.666011759 3243975.57687619 192
3791083.5985547407 4866529.891995705 62
4053071.3936007377 4490504.608484377 221
9119354.63049665 8067591.094374899 91
2454614.9724453525 6927499.715484661 144
1648005.92942963 5175971.490352011 76
5262048.654075611 589685.4104814864 65
5972140.253697642 3540.775373908067 244
5800862.118634075 6383268.308779512 146
3285651.052977728 5406065.105178166 17
7468537.869987721 6338474.791444237 338
7590455.775357194 2827562.7376910383 177
7141748.75656741 8468241.991007028 214
8172896.032108214 5283921.15762482 87
3535684.3821538817 1063534.7519817052 108
7852527.8879213855 1317621.1235745228 19
7316133.571538558 8052941.88046557 141
4844978.955007641 1131903.6807174555 357
1360555.2310753 8575827.90592222 291
8942142.670526683 2896086.7042802386 301
4925188.165114337 725226.6964104703 190
5965689.08854506 4048973.2383416765 123
606984.8906894004 2789486.996439131 144
4981774.517557328 1172984.43912356 209
7329071.952788103 4296492.298217958 96
2842881.681621142 4013349.1356729767 173
2326461.3158817748 6293951.226014577 301
7873357.346326508 5525309.489032521 193
7914949.062328504 7471714.275976357 94
6144688.891805455 5440331.805020182 6
5921673.419817104 386871.9910375129 37
9119750.163288433 8167959.675411815 279
1839260.0506370382 1599633.2068588492 114
6649188.742741236 7734396.2699673595 280
9732541.866499996 815203.5647813305 293
850580.460444621 361984.60045898997 101
2269837.493220813 7251236.196568716 214
2611412.8192348173 3921646.127335433 203
2318371.8392684194 3246198.9954723427 121
7026469.836394684 9765574.008161843 151
721215.3731913307 8131953.626792505 182
4967761.556748807 3639561.960552512 308
6568898.512003662 9338692.241598789 21
778099.2956026589 8356008.203956128 180
6641958.790946767 2281508.6903792135 285
6516543.212068062 599622.2660084949 298
1368839.1149804825 5811537.976449903 267
7348916.714521708 9051082.97622263 81
2485893.1727279965 6903368.236338978 292
4593052.9143360695 942280.5473301676 35
5254687.703139124 2351786.1426945073 119
3736284.591294431 1448977.893632466 124
2715595.288367705 4222859.012272065 135
1778404.1414727892 3514140.8395259357 42
4102740.23896811 4879105.161463264 11
7050267.768654645 2989874.4807203 331
131435.08483614898 8649550.552441759 231
2739622.6789011937 6303785.5357252145 87
522245.75505229185 9325519.02075741 262
4512787.228023761 740646.5165910914 149
5435655.554149572 2557179.1044323435 338
5870914.845912561 6772765.946481001 307
5365716.740734519 9632206.906375453 171
3144588.4722493957 706705.9717932389 180
7510769.971864289 6186919.827322141 1
7735408.946897016 6412721.093024213 195
5539892.332255723 8419543.165397076 12
5853846.887590625 7189542.571764412 357
1282605.961620479 6354880.959918716 332
7963695.9524312755 5223172.152360862 274
3917027.3945429856 8862587.068008905 330
6395464.801938348 7368485.796802622 119
5245151.560377347 7562359.728922435 7
52534.06341153677 3627356.3245165343 261
2544110.175785923 1416539.8580490784 195
9974803.514549583 2836537.1950888676 55
608937.3269839693 3263022.078085627 261
6290354.46191885 911704.4969732035 217
7693116.406412861 4188778.233346364 217
116187.60542132623 3771767.3057496636 185
5524782.485315123 5385427.763451255 165
6484178.094776017 8431964.583895713 90
9547431.268348547 9007937.12913548 234
3822744.628598532 9606531.747491047 141
1602775.9830890077 3272173.8595273644 263
4293708.4288602155 143052.65976365944 218
5424943.227692915 72723.22788713704 31
1561455.2888983935 8432587.43001501 232
469371.7338284209 9582761.559356928 155
5073976.073993448 6973468.182637 161
7508489.533797553 1414119.3646941562 77
8507739.628911981 4843264.458454167 148
958802.2506058102 3312668.121550939 264
4538156.466350202 214506.60804559375 218
8342690.112152242 7534926.056501421 347
6713396.238358808 3480468.2970727407 352
1161149.7272840021 2970768.448540834 306
1789288.761181439 3091735.206523563 22
8007205.86445313 6979400.88550809 253
4184233.0597705315 4801832.603531106 309
3977452.35578301 6269813.267002297 11
5136985.381762685 8056790.667285323 84
289630.13329091127 3574438.4393372885 99
8460169.045941044 8408804.295964109 201
4189422.541291923 6949259.088891624 171
9867084.287300678 8474682.843623936 318
2790467.4896632987 1203229.0963303072 32
1592238.3644267323 8200802.527773925 10
9313321.70714811 1959355.5584557932 286
6924240.401474323 4996344.097446384 51
7289644.403482974 5859660.55624512 102
9918217.018333135 1573113.2540283788 189
7566917.124238637 7760241.475434211 320
6228996.3849802725 7134808.297847008 132
6943600.98543719 2391614.310283895 151
3404478.2562055034 17359.38777957746 182
1212862.0247664745 3222577.929632402 191
3011971.5858446592 7418403.0963252345 230
5785205.560224763 4253516.184068785 343
6098855.626849228 9831132.00065579 347
6151390.996023368 7499101.752383862 51
4509163.325608882 6216947.710453598 319
7235873.982618543 6391742.981148045 180
3408760.6972596664 8686504.232979773 66
9418389.797523025 8225680.811472627 290
8621908.725577062 940758.8686694291 95
3029719.0852356204 8341637.182923067 315
4402756.030354274 4918964.8283069935 293
3089263.836844334 9303630.56834484 324
3543397.6004974335 8051907.823274339 161
5226426.18374551 8666578.452979648 209
5827918.144997115 1687882.4294627826 43
6824461.661232533 8851292.368249979 101
4563915.232650333 9391208.45537665 174
5768195.871669548 5216015.170749385 232
881929.5825095319 6041088.425175385 173
1959390.9958311405 4995861.547571983 124
471313.1927456515 2171673.055111348 108
1369209.117771527 5178746.714539759 10
3920067.3005743334 645656.0219691243 296
5472341.6434694035 3713300.6008703285 258
5670962.442694069 7329483.060859711 238
532739.8662463345 7760306.650592537 109
9732767.34284124 5503677.982770643 81
15109.25096027682 3182385.2798631657 126
2158332.154181365 2076406.5850840285 178
1452537.6579380855 3167785.079598319 136
614002.4191952065 8655200.942241695 293
3292595.460036384 48188.99807007337 140
77571.86674647087 1265118.0161062237 201
2723761.054729771 2551546.625751294 209
4921553.472440478 7580654.652131887 346
374879.48344073875 8101288.207956434 335
7146935.045286203 8743741.796195153 11
1322578.9466656279 1084860.3299287097 28
9686663.234609844 4759334.180143166 325
7088411.389768582 44104.966861853165 34
4446419.4758408945 1813444.8097936518 232
639318.0527860032 4140098.6769402614 337
7686711.259416124 982538.7797720064 123
4970698.379161915 2476500.951269751 158
2519468.485497128 1054144.0089293518 219
7100468.147512045 4094607.5980647244 306
624534.4516660945 9130496.447559547 237
6380781.107298716 7012536.391022699 35
238240.71055370322 9389661.795991637 100
8563970.388910713 80066.47885954732 358
6409376.921569203 9656787.977316845 2
9811374.873609168 1824752.7880546222 72
7403589.790568129 1708372.1996359557 58
1154099.0344774195 9184946.750164026 53
9736340.489709 4191313.1528449464 336
314543.5077225178 4165539.4871596782 119
2702627.7704462297 4195552.041878546 271
9984356.785283554 4899828.318677721 177
2615751.7231372916 8682239.779263716 149
6575365.988683961 8674352.580271859 72
9161436.044658847 1434751.27257495 62
5787270.1040832335 2149580.3579503014 125
8234380.097820485 8386402.674111247 196
2569348.6649742913 2960125.281950874 195
8181243.738555028 5711297.996658482 308
9691370.629414517 1833659.488827387 44
7332491.068144636 4001621.6718246113 23
668561.5113456922 4552329.2202305775 318
5610414.397882165 7762139.042949211 59
2107.8369605775915 5356332.824169114 2
870342.5142659982 5399915.397400199 290
7881319.305101875 5504358.130530429 219
3285209.229240593 1782653.7664187693 176
7946617.584097763 3772647.8391377283 263
5304191.503128874 323666.3013459817 9
6579175.277391839 827025.0375385035 322
2218855.3367595454 7636139.753430466 323
5124571.043081311 9159246.077546354 301
7765513.530381739 4675455.524987554 89
5736638.88191359 4561923.147357663 339
2352844.3262286847 9509221.936003253 56
2945777.4266160554 9841939.683641115 38
647465.9274200012 4960175.126813348 240
3759218.1311210394 4511962.015551655 230
4259310.67557103 7991133.616634336 262
7096913.6057063155 765235.4703183151 112
7704465.884096752 2642660.190817191 68
930334.3610047577 5986702.998642851 154
76701.19198519675 4778525.7856795695 12
6690200.286494405 2779850.4286820623 309
1778655.8295302114 9142181.900892692 53
8748574.339983677 4882212.231999975 128
5529375.031885741 2215068.038280742 263
5087590.852080874 9026709.923694873 157
4229842.554324503 9890500.848222282 64
28247.408793837803 3471090.4959446196 184
1995795.2922861576 4315595.002532886 129
3321586.1227309396 651225.983986713 257
9848402.854843788 4776674.267516723 225
7969944.921745545 6152014.637960692 134
2510712.8755454454 1508558.4905675042 264
9750723.659845727 9184119.092727749 235
5051236.740894657 4028018.9269842315 147
9110911.05168057 400380.3302438691 91
5094568.8830203 1918516.029987899 263
9968673.140214004 2820325.1434146194 197
1304611.77723733 9882381.578971125 184
3151376.2554524103 6861892.9050512025 290
456250.1184487 8289623.673399122 78
8636117.46018746 1926987.4798204622 32
3449535.2880391725 4386397.845732563 249
3506315.541531847 3474214.048530123 271
7811193.808985523 7853393.722977913 288
817062.2744695689 134026.45902830578 286
3742539.775886816 5207391.849462784 204
2065673.0086658448 86198.3615312112 193
2790937.2228610194 4562290.232451745 198
5967824.340226314 2915850.6813997533 284
2338754.2510796255 4434297.847569758 228
6983621.549034978 440768.4254371025 267
5978201.878673876 3778738.094790687 342
2484607.371086023 4750613.092192547 196
3850275.255097888 9888321.137414351 92
7253911.6298772525 3529348.706436779 180
2968510.2357612993 2845487.0530823916 68
295563.22239714715 4695909.69105361 56
2915563.0225229277 6140340.812858294 200
5820933.148216009 4141701.7224205034 333
4491933.136853999 4876060.430246198 213
4755183.7547223875 7136823.615985446 276
6627994.496253864 4658783.807712635 308
6011520.932760905 4875725.841428832 243
4596959.105011412 250889.99784161904 340
2642585.687387662 9291194.805952964 329
4626828.274304851 9694844.59634918 266
9423572.412061537 6603813.123403453 314
2704582.9120460628 5517671.346317524 116
9325304.667683864 2401724.2438593768 164
2891336.767206528 2661216.505874524 272
266490.05748971 2142461.456964878 158
2857086.1555798645 8208994.415312617 156
920696.0586688817 4067782.145654887 195
8388869.139011336 3770899.193120232 350
5381180.784754097 8012765.755315219 309
5797365.392648792 8542197.737047236 280
3943186.8124766643 2680906.921563193 256
2439798.3903205744 6797541.907011239 272
6019876.758423206 696681.9759639264 232
3482935.8998904927 2069625.9030900365 318
2531249.023822233 9702652.840732515 156
9050624.118330292 9438255.827875998 340
4303273.399206333 5796388.787702216 218
1611210.4768025759 1546591.9146301833 312
1847439.5535880772 4520727.833537407 246
7707944.465019289 3144254.5323382034 106
7328766.774065301 3926483.615989125 148
4323662.402363563 2297915.6991015906 117
3292310.032625908 9470712.086312836 147
6622022.753977504 2073184.8511812622 295
2598793.401103795 3020601.2545095338 210
6385624.930775907 4086228.0068602907 296
1274874.4266650525 7992742.476105403 239
6081681.756149178 8253428.688660058 111
4702002.071396322 9140084.528985824 9
9202226.470245669 1386911.7904241357 22
6032032.8974548625 2247725.469309623 129
564979.4659635309 8119681.824863344 118
7140078.503481242 823666.5182067004 199
9425022.515380165 5042294.01736706 299
1056728.1421572606 9858296.462225545 81
9724796.032300828 8332897.390700181 211
8434107.906178027 7573630.016199476 306
1110032.4974723142 4677583.553395812 248
3858203.15273804 5720059.258762849 171
7092667.531017937 4435949.073132584 83
6971255.634779167 5956168.893086101 143
6455794.951558503 1206192.082263373 277
3717482.7243779395 7108093.6259202 205
7599282.186600563 1051309.0116135294 211
1214750.8061188406 3596924.6384374388 56
9771126.827952676 9826972.37868581 238
8677536.512305072 3400710.4577689283 47
3671139.648990396 8420830.082741324 62
3585563.1025450407 8748581.929001126 300
7456053.414951437 4548632.441840384 157
316704.0203493654 4386665.941551023 242
9871545.35274562 1335606.5008686092 104
8537726.7952025 6419058.123855128 126
1119865.323258441 9261361.94733634 28
1937293.3245177115 4084531.569041767 239
3011186.095596955 2893570.333507667 146
4573383.858124228 1211088.3287776452 126
6397488.211588898 6511494.808828798 40
3750675.588516368 3350910.0088563273 359
2046079.3076536898 287733.7383472156 130
9375980.792231996 1665578.9779283258 342
2189792.46901126 6460737.94001266 134
4528500.146312073 8886015.445140269 300
1662886.003861931 7712272.264608391 215
4365678.902416022 4222900.094087649 129
3234211.039195115 3474712.471825104 31
6870356.613323926 8571773.546425961 82
5203462.437228691 9672630.46214216 53
2772316.198230231 3667132.8448242047 250
4113335.608008254 1987134.5012206775 109
9400763.940853091 5515566.186603733 295
5766989.20818567 2611562.4342712816 357
8805069.998616356 6589722.74236859 134
2780545.7780543985 4755729.218976976 33
4399489.228260651 6115744.903363634 218
2159982.8449471835 9313144.807007113 348
6340515.454479132 8708682.540289503 359
6048445.798732889 9136956.954042057 218
1735244.9487998635 4329739.959631637 148
5527083.87608951 3003812.2004274526 309
8860373.717724796 3228675.601475819 187
354467.51074871386 5115771.389508674 81
1766639.5276263226 3760238.1633827053 250
9137070.069517737 6681937.813769543 58
6773330.822003763 9036675.347947452 131
6635193.763829652 1660014.933612919 214
2385472.0941487285 4418686.713871007 263
9015561.036949938 330236.77025108447 42
6556884.29463077 8480844.52512571 309
5547404.426355406 200459.46501704105 215
3001355.3026270713 697963.9083869027 309
6500628.0952943 1793448.6036721442 100
6191109.302054552 9875407.414356979 161
8604439.57880577 2710004.005055431 125
3938389.188379472 7835257.012770512 118
3502093.616789895 7977491.246395351 54
4844761.52106241 6834984.758212945 296
1778980.3355288324 9791364.049193881 162
3269181.5551416804 8960621.65198797 257
7706610.13432811 106563.43838000626 308
6931104.391310985 53127.382473709964 88
7125845.156513183 2338915.362113985 278
7894952.921632215 6788680.289579896 179
3252085.805059836 1696746.2984581494 10
6220810.430816397 2861370.4803574737 70
6889242.146035246 3958834.846978604 194
9616822.941007145 742139.1345199624 145
9507045.631123565 4978329.191815224 268
2650160.7116207117 9544176.824690947 261
2622556.9278071914 2110682.8347662245 282
4805776.89731738 1696208.3136133444 43
5756435.503921215 5744716.204218695 235
5666479.199114981 7222416.296713273 347
8184074.364689437 2849654.862240214 113
1072660.9270753018 3051883.481984058 158
4760121.029384658 7435161.289194761 275
399669.1461933011 2492343.0812771376 291
1940170.4602048188 1632584.4544897117 159
541296.7357968645 8689855.923558004 282
3522921.9700977686 9862307.939894337 248
9944029.960277058 2386138.020340608 212
9303188.281289032 1347832.63711052 283
9607335.719475178 618072.588438312 258
9967960.017943041 2704325.8033773177 249
2727708.516438121 4857337.425998357 152
1912844.0288267767 1211881.6190711579 340
7404956.586715831 1190060.4583171215 110
764394.2428477069 8750925.904106004 32
9862765.967839336 770452.03583743 289
3460051.916703668 8940748.50710525 133
6706877.008469271 5476446.546058301 146
2560117.296442158 3848954.758386651 320
1953120.601089442 6120100.344181941 46
3375047.088961739 8970523.554934207 48
0
