100
31.489639689613508 33.79889680163313 220
29.421728703614725 32.0637134559741 91
29.301478201885175 38.95286008613972 267
28.968733896020527 32.60372050387323 344
36.58659440153096 30.419334154563852 190
28.88559690840543 29.061440518157568 73
30.404913381021814 34.030900780920966 358
37.011109031581846 33.800207345390376 259
36.66585225185248 32.024015192692666 202
98.29593925419753 57.34350311282852 281
67.32522487860392 53.46222390479506 237
16.329327926300863 51.188822050065106 197
30.678179452160535 21.804872628350868 88
57.87745840041587 54.52546722935947 346
76.18214526359343 6.3431063302986646 245
95.52368887764602 74.54503922876687 89
46.03412897725566 64.43191057559254 172
68.53542972312748 85.92244652829476 114
39.66590405285068 5.426173021286951 16
23.84692795897513 89.25865281857654 168
8.298893683199339 57.9346224860254 245
20.815792696175272 6.920441929930654 59
11.052821119976098 55.479641070763776 291
59.398566251382526 28.976215768932324 198
93.598709931538 4.900717627662665 80
90.22465406873252 38.02951806316768 23
68.55975088366964 12.910183605913073 246
58.998946552427675 12.508285681834897 124
69.58637049479415 12.430433462719737 48
23.36449116721562 12.02468905888634 6
92.6578947622398 93.20137466119864 50
63.70508375895171 16.40885573220576 99
64.36670664526262 36.703110771945035 314
89.5297330407317 7.910475462435651 70
13.755080524121844 87.58715929165083 72
66.12559170718411 92.46562860720476 338
32.569856211693285 62.41125158181102 345
63.570905657750785 24.607483662552287 214
16.224241197429723 99.06446908058636 198
39.889611470537325 98.63993011329595 20
75.67156556882622 24.283742977337663 232
84.64888204753494 43.25859627547819 332
45.01064212705232 86.61849616305327 317
80.08523915795807 82.59080805308001 295
82.56547692912461 70.84438989427596 256
85.11243602142584 43.80233496967277 65
56.41202780983862 2.255408199562936 32
53.88891768343594 78.86846462241166 159
45.199609355838 7.536059885831747 70
82.72390474280765 99.91487686286345 184
18.510088787695256 74.16136894698039 232
9.397876142772532 84.00372887638672 177
46.36594720640858 52.92241698303316 125
84.23170146768875 90.84091309781493 283
32.61733331742999 34.0401830942647 178
43.804371195203885 9.894762826769089 218
17.91928567273495 5.136205449655473 222
34.64018147232881 18.405718525251093 330
65.2903849027621 98.17377492608419 70
80.60982728349245 22.15522637666345 161
86.47244666587807 70.08912685436006 206
37.33379616783026 84.37348162229145 246
30.37418898982336 5.982020324387827 99
66.32391585047944 84.18926905607333 299
87.55855405478472 19.071061680573465 321
8.257980331223735 87.00301405146917 270
42.467749003752 62.41250572238535 191
88.40631680277622 54.23444416368067 115
82.66943549211406 41.459641874566266 271
68.31499851064589 33.65590206479453 105
97.22232594153616 31.975486594112702 158
59.79002461929247 24.617745157065883 300
98.42126412157903 54.517795461988285 84
15.9874986464155 76.65181524617188 60
53.77423854134835 26.490825849282917 98
11.720086003168484 66.2606293474238 253
53.145843423619695 78.71769128133788 89
79.80305586193582 19.66673406350995 244
44.142419084363084 81.02376768519638 189
38.14157690727116 45.89956796261752 41
30.99333944397594 84.79322647829434 247
38.19497831717945 55.114894883504604 242
84.74120160220501 77.07630406366371 41
22.668444308488557 62.415883540054175 87
34.604050549477336 61.61047612013601 185
7.076899974083551 80.45021489449636 71
51.31048487155198 28.50514242159624 95
31.03207870665723 35.4227109141757 189
69.47565081123754 9.704881868595816 171
46.09835533634274 66.42796092850335 330
50.34749661351131 65.54110613968882 240
54.876364847296564 11.285318727416794 53
5.95958877546715 58.324422727883466 56
55.8754523947407 37.820309314373254 55
42.50170686636727 64.84843769755074 295
40.44159213187892 71.95401689580967 104
37.58534591405187 46.236285575833016 335
66.74284391916012 71.63041585266734 159
32.709827622006785 94.10886351292777 337
74.73106475605604 43.1401600505143 55
0
