100
60819.47034574232 28079.28835036863 112
60808.21739100828224716962427 28107.14039069293550982691610 355
69969.06692549272822268226954 27305.66990815880693600483633 276
70185.41347864743502609969215 25247.26995303007777222669100 296
34361.591305425245 74592.33525002407 275
42414.2164107833 19876.338102235703 87
17376.462834615824 34279.697309166615 72
68931.31845118021 32891.27794047901 42
21586.272506569316 66478.23502076333 12
47574.039142252645 64465.2569731851 288
52875.69773700572 45472.04276350262 151
83079.38619548094 24994.049611870738 148
22485.0393265963 3149.020829988025 47
70202.24019533339 96946.21068026133 69
38434.96214758955 52631.88306808171 47
45659.20156857561 40213.49379664126 223
44088.56431251238 85244.80907027946 149
11629.032108306857 70201.7845592842 214
67573.99544775054 2240.3054026310374 184
37512.47673526713 41665.2823529076 335
92760.48656547345 51863.76442162275 169
4453.349163614217 6368.251188875062 273
61070.43980480635 84781.70286020004 218
47055.51210294372 72019.24292074855 152
67144.45441657779 3395.770995068692 135
67153.37613916936 61235.937617096024 223
25206.81889554456 69569.69856773572 90
58874.21650575649 6347.7929257413025 304
47195.877987928056 60309.091305529735 33
25252.827172087444 54626.418432465995 168
91128.09190845166 17986.764552660527 322
30861.18862147994 43167.32987556556 99
79226.64428135703 8545.663135636416 2
66375.76711270041 46571.08643759411 51
6670.70904142375 44620.1121745201 24
83980.65030901242 56507.16291938503 317
99837.90685760458 97690.58747868419 326
35392.03598970766 24801.55990915869 154
23714.627711249825 35533.55994034542 186
52904.35880316205 39842.16553627322 307
6376.647608071673 78166.49499520035 109
12405.339941894155 43085.70409522976 194
61758.804849036766 49585.542531293606 64
25436.261061488076 47113.20635852188 159
36655.41316872843 68597.7002608367 30
53296.36217803296 10480.687185852077 66
98146.3156365199 37543.216369807866 63
54057.00900857069 12067.089919221762 339
91603.78171889935 40391.7059998791 276
74215.12597485997 83523.45135043237 148
41948.61703637156 33573.654687371134 210
90050.05981690726 76418.1679466993 193
27417.7407694697 60772.56696496226 328
59267.20337165081 37519.47902107221 18
90214.95329508795 5549.3586185344275 20
45892.23158112574 26403.308882335154 198
25377.129330634463 39046.39426987802 11
36679.911761603355 67618.79398604263 71
65075.98850134492 1748.0204046973479 263
65337.06027747023 28167.83626610947 57
99107.81613560485 96294.0169060981 101
75222.36606120226 86718.8172600715 333
11018.94027207635 44756.807016159204 87
91422.1959980324 16925.259195755527 251
49933.66096458892 25719.91543080867 145
36465.21894564664 3016.573427274427 280
3408.4841011235544 36138.96436128521 102
9494.556826401013 55365.03411020715 183
70571.07580270815 6247.711971964909 206
99115.54377963254 52328.87096357107 92
47065.072814486564 98321.80844386911 158
86578.14590840912 44774.20853211272 153
47120.594498382794 63548.26717056051 329
48726.296230586144 41991.683175385384 260
63660.35536235337 92234.83430491024 16
74788.77093917005 87361.5084580724 128
50692.04019072816 70773.99216409214 90
840.1685127686353 25206.312496613835 118
81479.19016465884 52484.00575446055 328
7685.313013807782 7454.357008391333 263
16478.78460507711 9505.934760506263 193
59080.70441367289 83648.00304096573 24
6785.612384420814 19711.539792983935 54
18647.740463732633 80088.23923877877 232
47166.60587274339 77137.39645294301 98
60246.957338339045 95045.48717477688 55
32488.1137092764 79239.33328522519 2
86078.40571569 32355.044839708615 42
61631.47248883513 95200.70811443185 278
72923.32171777032 30982.708343093134 148
86833.08449324037 77940.51423413551 0
1773.682193287085 32918.65920729916 54
54186.28130941162 1247.6683577475224 307
56834.18658394229 11465.455584088802 281
75077.58770669262 16440.218683209052 107
26915.719557306682 59509.919470356406 23
43255.02420405776 31922.628922821285 324
45869.06785348785 86546.51642697165 278
36507.67551604368 39822.27487317533 307
36114.24791675612 27639.80939553081 192
0
