1000
7947282.417621009 8506448.067945091 145
8866711.079213 891836.9084360689 288
4046600.6088788062 7690882.936103703 107
564967.7211567939 9792847.204897875 87
5336807.444892194411912996004 2848145.117005847891509924653 267
2905398.8276684117 6104364.537535917 253
0 5448101.787752863971667185483 90
1344310.930899365 2752802.093331954 299
0 6155926.823258268007893134518 270
2924151.81285527 203217.33945753984 312
1202794.1069576177 901757.7914788654 336
5210318.91516535 9991498.30690141 326
4011819.118468148318119881526 1166221.869399654084993075451 153
8988322.984829003 2920997.554280742 161
4400977.386730559813500652330 0 180
5091985.38609543 7487852.369257192 115
1372946.027762949739931544935 4944217.406829847801202972536 240
0 5194852.001411986238137895261 32
2611505.6674278434 8649204.148917986 321
4333896.731520533 7437618.531727571 111
2767457.276665326677184653062 6088192.881002398085833194111 260
3895262.259255797906554499959 2575807.128463006305516234198 246
1139898.617049100161338270264 2109453.205422592889276565567 207
3051831.111660882 7392124.262549194 99
4595712.507927469854752412864 490479.4266923400666870818889 53
4859664.992309748121079101177 5761926.818936307200272560998 281
5264112.282513199103481242088 3734578.853490168850252725376 212
518738.3584552989811486898333 4784934.453775348939665960676 250
1909606.0019306038 9648738.836982489 219
1904753.796369137045855429538 656044.6917750069625365050091 80
3616435.010623443743929803636 879516.2757126348317297991814 91
2861223.788598641510785832800 658132.4741264566830598199518 243
677538.6510059544804229366532 1058143.506502829544577004753 293
5133681.445617636 4363918.578410376 327
5853871.120787434 4065346.8016226236 78
3989870.8096891656 1186494.3236835857 316
683364.7189595499082650606864 4669264.213413477776058208010 182
988771.9265261962116398741834 5122590.351627832751029543987 46
4723718.982702644 2028766.6556544926 335
249543.8676147832 5201615.136692083 5
6622706.805586631 8829677.517364567 70
2035909.830531597108137269810 4406602.906122075982200509914 74
4994668.088345768 4916715.580804515 233
9402055.07015089 894355.346128466 180
1825101.059283880728964389955 442458.8807928315430446533415 283
1161446.700704623711959418439 4571535.499320205024813670614 215
6453658.986067813 7770216.847870097 269
2160860.8063585046 5739666.915910717 76
3206908.1026801295 6723701.419983697 350
3296667.245917737972908279819 4158555.141836613953341059487 215
4452242.181627616 1234290.840389334 195
3839412.460168998 4754251.2593952855 142
8082936.939947802 3572979.710192826 337
9304750.066684598 4790469.446412499 148
8396672.349001598 7058243.065072719 257
3990989.1300078705 9792407.761052292 42
1365783.267029872 6611609.067909139 110
320827.9320265912595508938941 3127876.956678036685230002029 16
1985814.3672450657 7546352.856421149 40
7509559.130416017 6925040.802496706 129
4702517.587414982637521993352 224449.5654274126848865827214 112
6451945.0184386065 685732.5290792903 332
851385.1765387072659277821709 5390274.374015549837238057477 287
5969732.616727674054406827053 4420912.296274014896574331407 225
4481565.408592569 4838346.787835406 11
846910.5403008948 1008259.54174801 225
4140970.130438626 9645757.137861101 336
4733834.852126261 9157129.610004932 254
2204603.4336134447 4605237.668390532 241
6424407.649710588 8975331.24268789 202
240927.2997650347 7912764.362507832 194
253998.93157883713 7020620.586152477 171
3127479.036264266866861874092 3598745.326459442440522044940 57
5378298.49035746 1524141.1212300581 202
5878486.634269480791401421142 4133644.465336199802275098533 239
2593251.370642466518690732111 3815297.566146528342692694413 88
4288587.463163248204401296154 933925.2014530805706359304638 299
4254833.310083195151018374268 1575167.485512283313790948780 2
4363245.658575113 4959712.234514661 276
712205.5551566070130073543120 5308714.846481234860684333928 247
382272.5907939570645563291805 2301056.442200990452961949859 94
5631462.745392527 3354016.487793655 265
6633059.624186373 6144286.022193869 93
1543925.2830144123 8155844.182084148 103
4771426.328186631042893752351 1422824.734719349355919525432 276
2017766.765545312215444527144 1296973.089244865530424418412 325
1597213.775898886170536477841 5379933.922783320534375823762 93
5689242.971199823 8758579.647348892 176
3486291.337538293436855090571 3877298.327931581721886773615 300
2450947.6343157766 1718581.3872955723 304
2704837.875963273 93937.47012199083 268
991822.432350442 5828134.036008989 192
9823896.029660735 9491442.03503293 1
3342570.2479469897 2082194.677036926 10
3066635.54955098 3385775.8331083544 355
5608979.391300086627955060550 1356265.696266337025718212014 239
3390449.907715018381415307574 1027926.040611248478961060678 132
7361506.929619076 5656444.637718371 205
8050433.042540414 441612.13741140906 124
5149920.994320772864459939529 592264.2249729467302713331948 148
259200.2248327274678340579234 3194610.721778125395624483272 281
2935160.350812176938121308893 6201457.554870995296864850182 148
5419990.284356936736663062064 2507568.416259222215896059033 198
435002.3511756410496313570724 6320203.102978654558432906491 76
140762.0502282156890942374603 5282809.892511519574850694860 349
1557911.514409604226909104768 6309843.720796969148121196187 191
2887641.884372217350328096109 3848873.144660213549442388124 56
1207734.226213662513283396837 4171755.361916364040486152045 343
1658404.2843304025 1065367.7933451445 329
4008330.526492913170494134556 484284.4199549247870831851203 222
8844493.149625612 1299706.9094546677 68
2822673.933600979926124295804 324058.3816311568757339182527 47
2591756.380036541253010456864 3725723.428889862284557906438 268
8533871.296145571 2261965.3559055096 320
2150215.8308381224 5904289.424385844 43
149774.52603753272 6354434.407401155 113
5792997.181131217 2218406.5518452767 192
1593127.9735607796 643066.6773118976 343
967395.5440419168 9465498.932624899 216
2427950.597147164 2852926.392791697 211
9284199.30510164 4890353.59468319 63
4159557.708753824 7678263.965915951 26
4290698.521366988 4663722.2832807265 42
8102147.918560679 3677825.060247394 133
4954818.210910098 4145620.023112125 152
1694250.854588902139983577514 463499.1762770149973173979257 109
1129198.921601011323602198313 4007914.614392975052536212704 203
8009652.653338843 3998944.257947272 279
239240.9967931779669916256650 5689795.511900910200502218121 137
5571747.723710001 3171635.9658119185 317
55592.88684109009805564550787 5980322.893511204554511092187 317
5815611.740276625 1502934.640444311 46
1777302.6746003896 1924970.8908349471 102
9604497.023283118 7445996.737409165 98
2367258.0336963576 3375633.485392726 2
6340300.9872191055 303438.1879373993 234
4337296.772742560724200892442 0 180
242112.3069326068471192993707 5696559.894685897455654942795 247
9237500.69582731 1247370.2504833294 270
3090166.778623129470789072957 4013961.957993101431549335143 29
3281636.124266921 2985828.763269467 24
2580664.007372062776169446774 4814450.514895114366519271177 167
4732179.086914802 9743252.718535222 294
8866765.34173209 771113.005845806 286
4788508.985579141 8217726.549844096 134
1006617.197490282729904512925 918313.4720538203005603757031 19
2365428.208476692458732680219 6452318.369529111973508720380 347
0 5229810.255075614829457152625 270
3807747.622744046495627433654 2154491.127148800236932090471 143
7258857.918470094 5089830.624783573 86
577490.5069029498112486255130 3201473.765720807036834374701 231
4399635.601024898320443342286 902413.6941736884168795706319 12
2167736.070464787061829049021 3014358.063293754398447372075 352
4149336.990796402361127198271 3764581.847268535922704649102 219
2380706.019543826548301719941 1042840.287682897001086659258 226
1076125.472480537 1883452.8415243456 312
9799687.276347743 4276246.8698563175 158
4169424.319066907 6303254.010944814 176
1384809.290041529396869342754 700497.5088142025839328488885 228
1070194.33335951 5873066.112454804 329
2681940.465347647124654476485 6205896.673996396919833804577 306
4169014.0090239416 3612302.298457061 267
465209.7648738752036651590766 3130397.150944841102805506781 181
4868188.267312893 3703102.7836340326 75
383076.31563629594 7405708.668220457 82
3596834.058924274 8706173.340199273 172
4046938.918262895034787001563 1267586.846917797032114663836 239
3181892.494763538849035292161 691797.3001713546910591732977 18
2273439.060584136231250162453 473546.7853607853503401507854 119
6515608.438078032 1209380.471341075 6
3803287.174759916 230212.43034577087 343
4023628.973633734223844772303 490156.9436041763792005338023 201
5600770.264353599 9930085.298953613 129
3265142.466759359774413557568 571677.6603415476309903466391 57
7470016.9929462 1223014.0308394278 7
514712.4377513531337301700024 6639902.798427012138638023457 9
2758533.762167651213126207809 4131253.498632249668047431581 262
3969808.327689325328266676445 1139219.987564626800330608790 133
6057626.99343771 2213642.4598998693 54
4337142.925434282376419514498 2843031.621266023610465067942 61
6756476.551191959 8495348.05719848 133
2049379.0048436522 8481515.947127104 145
1154719.389843167152747345483 5468865.572335671716038405198 191
2066187.792899501266369996066 0 0
2079696.2280423436 5397537.750276999 210
1019981.883084697609846836753 4364066.454513041013824059616 146
3968904.987411419 9583593.052871946 251
2787860.371474049316235209960 426473.4424064564062165164908 46
4546035.719976242247195602319 1532609.981928595861818688718 132
3486473.7066273224 6818166.7008237755 96
7705592.5879499465 4689052.566864732 288
7829730.176731743 2722512.6839160263 172
3127487.271722662746263944786 1319975.635076832191791689245 206
5567275.204740495 8532226.324328247 61
5450412.91185321 6302974.400831766 224
0 2427569.420032194103173931565 25
2888461.948520925 8853217.52442861 119
3349617.2053346364 3174306.96435815 128
6191061.568551206 8031398.049833441 86
4356286.460980328 7793689.119828956 49
3826637.7243766235 4110912.3588505294 205
2081792.821115368 7183506.701482424 180
3587873.3606898817 6553453.987178819 116
2795724.495252435 182881.1452490342 162
1606720.388971786635957566211 6716034.202103767456540850759 86
8254640.3807884 2787527.939481349 351
598061.9582939529 2415442.110843029 208
1821576.926884163004070592010 4476483.172014791765558417937 24
601309.3651084690254375502191 5369440.255061625813940318045 37
5890333.78495578 5158075.690432376 261
5923711.453606544 2088199.651221224 169
3606931.720826572106846904047 1423959.383541399582396779232 245
1488890.927228606129206382136 6794197.513259069016628949624 256
7905451.080653384 2419420.382727887 339
4915323.449680324433986900190 1806902.113988339640857444451 181
3598558.6548052905 7680833.266855585 252
1226234.441870555 3843844.9629083294 62
1184905.9456085963 4846291.7438434195 180
1336675.4263501456 9180903.90479986 222
6993022.183758762 9484243.271133175 188
4855180.399488077323261275586 2324050.560038289716460017431 50
3335125.5715792747 1738272.2781641458 141
1138350.414449875820220658627 5571536.351737794806622836736 319
4371678.486023948262920437943 2944593.017646330654940454102 68
6013184.399534435 8369459.540224685 124
3844116.3380159717 5811545.527887114 297
80101.5234287027382450077182 1754275.315622352070622425186 108
9646265.601867843 904703.3428953888 329
2648599.883414380170906930142 3152143.586375740233334571490 289
4569549.596370391951097295826 1756975.632412698508626020738 213
9877850.272101028 4627204.994722919 29
7889021.579692208 9115151.49994922 136
1207103.4084823162 5894351.166000381 88
7314963.313105061 3831945.3873831965 145
354460.0258121092683911914801 4863652.220254956346894653052 355
4325288.937047599503403905089 963912.6747748431498013385051 47
4774321.049974131 5862939.928925407 64
2929345.586541894 5600322.901497138 343
5044350.1381777935 8037150.247830173 148
416689.0098366005 4934119.237788071 130
9002376.252054377 2364345.1908640023 104
5969307.998268291 2812270.4315991765 112
2126440.56108186 5740128.490478648 161
2509351.448326045971550189718 4830914.316406603194973811586 349
1580796.522520842586580565815 515131.5595979610855395642052 256
7753844.332331911 3896949.3454436986 256
898482.7124506878793711661850 5917198.496484316272945661361 239
7843861.852125678 1789815.5877555066 349
3873536.2299543805 8749073.298662113 180
1644616.3885611587 8517742.478388736 74
5541084.155056585 8485812.51595302 252
7457050.128321177 4568153.291730451 61
9327716.273719348 2386007.2866647285 243
4177030.053613128344629052009 3621170.134783808069773137730 132
1974600.903194702277894174913 4535223.573018519276991022399 201
1562275.441647667686531025914 6080441.843624399917819960374 86
382952.1906339964606263456139 5387749.571059658842680620314 6
3013023.368426705 8623700.041863136 28
2865346.823087904 8008247.23246043 60
7794603.741470319 8538290.900396528 15
4886941.326778362078338923944 809469.0231233937791780001368 347
7001518.438599521 8362041.316306544 133
6105888.222067315 7322141.929477666 221
3188074.977141468978627077823 736949.4251734129297695409290 295
6296015.652545838 3363680.1751225675 49
6894367.335756626 6798519.762626022 119
3438560.984558202362031271363 3960790.076735816576601437207 123
694772.2161640123985452263189 2751547.025102793197872287524 346
1175048.8721152265 2363250.7499253275 348
5870538.453572174 5430853.835129258 95
4346221.255355515841357478435 1754526.426980269596171476886 243
3583061.55091351 5656426.537893248 330
3165903.188509056378831677647 485032.6217371734787271985082 43
3912966.53068002 4797200.29522242 220
5667163.458580638 780151.3619385869 118
8568616.996122746 9377392.291365577 178
0 3988203.081703894363812670077 90
5448706.737294607317966418126 2802155.397481992147109958616 347
4805411.203259881472610945821 576821.5706729417494006620647 46
9070394.323899958 7032514.658022248 247
3795395.7958722794 2772750.294037467 53
5608173.330684901 1044986.1826746732 35
2082942.5817216907 63072.557796567395 342
6165665.669282524 8506671.183314098 285
234555.2005818736836850461456 4653591.439676508660540744649 320
4722865.488733582 5978971.741477754 133
5319461.144796403 3100352.1840174366 124
2106290.2613888844 6049103.424478887 95
590936.4378244664 3302689.6721784296 58
4744535.8603388 9448765.203564527 0
0 5700271.272652425935828346937 320
23132.10269100585 6777343.01395455 305
4345588.037753068223583630471 1796957.345381244521572701933 342
1059814.844860574325015900643 1278938.370564418460391995676 193
8215379.303799865 8081950.660606075 159
4021214.295497105170330974060 3047229.085931605320600384005 318
8714973.378503175 4383294.645433783 179
6618419.192878943 3619198.4948275345 262
852584.1206823104 1843546.6290735602 307
5368209.664722177645987997861 744545.2171069225664619997316 218
3476546.7326314016 3581318.377687489 86
361216.90015673335 1719075.4220642312 327
591894.842609951628552545492 4756060.512120772354270475336 312
174531.0030442670965418393112 5869411.305834947808471995542 230
5653140.664654307 8549702.605324063 85
2550388.10935731 3885381.5173697947 34
1243253.653702714 1063289.8216248588 311
2252740.139912910748331292444 2068464.211282122482218915727 243
2681100.944521088696747034614 2232896.518190035077467616801 201
3380119.660679365 29841.777446403263 113
1069318.7887746813 9413646.332992092 271
1337579.056150749733999710968 5924259.262714469385658676281 301
1626195.6717091452 4134766.1166911344 120
1236304.765253327566546934855 3828365.680724269281322048506 75
337789.9559323927 8715562.594615951 78
8958459.386618825 2031247.9987193733 93
2000667.518270574744346959087 6032709.195319864223937204393 49
1100492.4296587037 6345199.240948609 150
4255501.086510495903589209905 214981.6497182967015954596789 39
3448645.049825736 5932201.431871891 97
2167355.717460889753775998210 4231504.443213758148198617587 310
2970324.1752358167 5547277.405922385 213
3627142.289509630200292386537 0 112
1991764.1573685408 5841601.521575362 291
2612849.054738587447454395812 4376501.811681612473807604940 203
4703851.060634411 5742258.329125766 299
989361.2327423641828980226373 4938975.029293703621577539036 351
2588272.2441569516 2940392.571767593 183
4995943.919829025 8841906.799838485 204
2607017.039902939 1442725.751735524 132
383575.1279883551034385418298 5908294.822712658610578224151 337
3328851.222340233 2153998.3784261853 246
3623694.171804907983353693629 3360820.475172363000765795966 322
5222650.758485553 4668574.754054675 153
1836461.853652874271183603169 393249.8740708327106234789052 2
6405362.085719342 5156369.193154592 288
2010231.001761661 7030672.936225156 240
1575009.611499854549105964738 5803614.618718031342611560031 18
3391196.504247014 1896852.048134786 325
7334361.153943025 2701393.6674214723 19
4309002.011387461 6746279.480020307 194
5569012.557900372 3352492.852246175 224
7651766.916968069 5160018.918169502 34
767154.0542483525838387562210 4900972.479349989158024481022 45
1571535.8713301963 3556626.230152876 59
1754330.168621785215106992100 4771131.486576074428383301770 359
3537967.294243136619362401380 294632.1803666708312236483473 211
8518947.842239523 1231805.6127262912 58
9377380.182613723 1509151.2142140896 46
1024893.626152215605077010539 239826.4665238587198947709734 52
1040900.910749564525997039774 894724.8340918217619544608297 119
5859278.303739821443176458494 584987.3440878029630850029722 162
2280187.626721994254240571872 6032740.845214132757725498943 172
5470711.732245161 1616966.5041813774 330
2417268.3890958433 1881430.7208943604 155
4533915.314597358679751166044 641754.8343344214034960592993 119
3864129.6115705227 8396762.473464796 133
5623567.030113966 1930185.1106668534 241
1620673.9841564842 5051433.680002862 155
3052526.825866555666975794734 0 13
5042269.774194451 2445977.117923639 303
3372019.235222674761346114706 1089843.732487903466378798046 232
7911888.402130986 8907021.141710931 166
1551944.568393722206186726060 5012596.235291566875423275224 113
3488785.195489546502990187349 2926861.548631826072658116490 87
6773721.905342852 6485609.175746522 73
1380225.834524238470380733318 5361277.256863422575156936472 269
2397429.710502394096574606104 963902.7709407906546727034041 212
3636326.781733398731012609768 4316703.391258596145958612212 212
3427349.282111759 2725827.4414288388 54
1911431.7964352611 8364819.146123346 83
8034686.298214684 1146525.0403186001 150
3602287.356952305 5909959.706599461 158
5134008.290737310094559617663 1150620.249089421105976044838 193
973516.8247266856 5649870.99356833 284
5795814.80660331 3909076.0544043337 243
7005178.032989486 1989900.1794064196 117
7140842.655116177 7720026.49645351 197
6763278.711696806 2179012.9630510756 104
942174.2672863065 4493471.37267012 278
3232645.186870287934423726627 4058720.471151902147302739358 115
6384947.608519622 5312424.443089185 206
2471699.681023512949442184891 287199.2976733245262201606270 215
3895008.391689021 5346917.128974411 238
1445890.106688858903572331235 5188715.300066710256262654183 226
2930319.793892424 812010.4588813215 184
9089554.804806406 7449011.157068015 224
5191611.213138728 794610.6558060528 223
5313945.013303697 1578032.809034825 1
3806567.430468387116741196745 348855.2332813670399211137328 168
1414152.2665448736 9475579.886746326 197
2167029.667587905 289271.1212425603 187
6420080.843984203 6243090.261582056 44
1013260.700773321449255849320 4242691.848868646584717120856 176
3241531.284730023920670019906 1115208.020643412221680650357 349
9438178.151480393 6021773.810386331 48
7024058.409565604 2977981.447623266 214
2844607.940843135170841178648 6341691.011493639720100211369 45
4491778.670409159 5469628.136903081 204
1799420.5896094795 5474700.07865841 47
2560256.630333054878849904818 0 51
2762721.837082501794923976251 464811.5092681219504531798607 32
455490.2422015017 649311.5582321706 80
1035353.073075366120348350747 4418076.667376350409729650140 37
983684.7083857092 7156433.0780267995 102
2751724.2312581856 5967796.952156893 246
5421599.364598164 1605481.3377378408 175
1304513.788487348019083320614 1020887.494238967375631235056 135
492499.5677442590113844121901 5681261.739615396832656418650 2
4492826.607272601352458384643 3677909.510947953209389962717 259
8711511.965855764 782165.1908652327 289
4744870.476251758 6930403.754961704 282
6488654.685025994 5373273.816471438 129
2339781.769581927785924310262 2932704.533772472597684677341 296
3085921.505978032497360157474 4503807.254659263168072351787 225
8392725.707765639 2117066.4540398354 298
1390634.141105252676890333382 4875419.644285248482406648055 344
4976923.988357609 6852336.047147887 203
2502121.323027136546463849774 39434.90628799056159928423182 97
1422794.006278121295135380892 4988340.562699729972982067125 116
3567229.658085610083518062856 148288.9663911682277320119654 151
5015424.317431517726392363230 5604579.155895086531709892566 284
1286149.058419511922817661204 6563266.310853552411222722853 317
2459970.001999068659841990558 4928267.719436545152718761200 219
4711145.539492377939383155236 0 180
926154.2355239072087492590451 5845111.714322850380921532581 111
2906236.342711864 453078.812908384 299
1216003.165357300228974304275 5903784.254650203247470732110 255
2643300.287951176536882148368 3311324.725187206679706591085 172
4712194.345572155331866039168 1677839.735207599307261642295 235
1114897.7180543263 2587304.6429611314 300
1246247.1803227938 267394.9438607326 311
2630089.5947384117 5890588.581926997 30
4152739.881294775 4443022.648439241 0
553991.2926831692538781532875 4938125.835971158876240795374 335
8218467.640912893 1640234.5157087406 55
2151924.806800021170623950862 4664911.830383652325673168394 273
3416752.014514129551959818287 718952.9363268256017411798385 329
6049347.043542139 7989786.607754752 53
3548833.786306889403361655354 114581.4901998862601890412808 168
803948.133596043 7428645.893692681 234
1321237.802789962555720800915 4137053.836101696532532914190 143
4939910.307317745 7029676.992116188 357
656369.1673799171319398540590 5845480.433657416834541247184 115
4727438.532691227912126196292 3565525.523108815277034966418 161
406829.2299736587 9187631.084026942 92
3863907.689341313183339422905 1241586.506810868124623262227 282
6271326.560130814 9450835.086477607 110
2048090.713731606503542047777 938116.6450823095445619057284 341
1517266.464904372 6757235.47327321 343
369711.9393698822 6849985.00622862 254
4641574.615300513462419166631 297119.5220001950216153408745 283
3280677.627638872 5419302.656885895 15
3588233.525528121 6373132.594925023 88
5606044.177587009863163882310 2765831.187245358823716267763 163
3065548.577362157 4130235.2384264995 318
5243163.526900451 5230686.762690379 199
2420473.648998005152453271684 5644538.951200831895592891463 317
2299635.821307023119445678994 4187599.080800068846348572442 353
5343973.726476838 5023804.448987786 292
1528527.010349021503967974025 728712.7664995169636220341813 302
270954.3960119413800891109174 3134140.753233698087045650312 129
5949567.436040445 1498064.9965490834 265
4801880.871803283170119125486 2398272.848353915446301859054 281
9156613.149547588 1485287.322175084 269
1176631.830203958515833039439 5756848.431496109299722683407 40
4351272.375330922 1314638.3945417816 189
5957029.467988764 996971.0944596977 299
5536871.494623776 7136065.866267136 298
1345509.9161459683 699923.626912764 168
4949127.925042991436980497807 1019211.893231044003257532157 38
3581363.899770552161781750011 3304646.306871387858422514248 53
964921.3343380858246887718381 5431972.567632856174394605750 206
3960446.032582958857532651434 3861711.059051943394119518692 168
9489593.129934119 844450.3863373243 48
4778033.484215066025262219530 1593438.038191184648483174889 291
2192309.1203748444 3065783.8189217434 53
2872652.655575111737364946383 2501447.088293120037946284108 91
9924429.340383718 8734884.591442602 227
2879922.640316484775221736805 6463527.376745947126847046222 316
5672694.271620944 6795892.342834744 343
3379373.121880399673947268609 1039002.826445867191646573015 315
3198648.684490122847040781517 4023636.084051897577652629268 127
2374029.562900906178790895583 0 147
1781576.2872535412 9522472.617731316 2
1749894.783636542 5795265.706414604 99
4390161.870463041574837158005 1654794.569015255756203089172 284
1008279.430919628166042543233 4312596.333273979229467231759 133
8661685.128190141 5460504.818456461 212
3075845.219136237 9269951.044776041 54
6300403.505320672 5550009.992707261 176
9295974.016473403 8296972.492235338 327
961098.2713772783231028987838 5663150.792565852124197833971 336
4394174.289380810545466198058 3170387.332752960584201087401 230
2729114.751246272 4722086.156999501 180
3206279.021034787 4500053.762954631 123
3469176.436292201914946445995 5972254.054915961328604705386 6
4608042.085493141102284109772 1618216.778197354148772965080 192
1064255.245425734383649527694 3980347.659384498303148926566 101
9959162.819873227 1000297.1911244207 330
6494300.808196444 8858516.929656565 259
2439831.591599335862595914614 5626487.377688504088726021362 108
5321202.057832615 3258177.0972522018 343
5618954.197572322278006264482 3701709.955936684595387906255 64
702713.1915102080479704746305 3938447.366798680125608884337 148
4490928.018256847184399196621 719305.9698027086722382291922 129
3403602.2024746793 7983153.997783677 27
2986242.0855693426 7722789.747834575 316
3111951.282624390602986912178 4317549.384070547064018821076 14
424875.6145371801042755251442 4283835.742144247532034954628 158
111387.65311792919 5117208.604307208 317
3737566.471769086 3590256.8945578183 21
3362861.611105417413293497374 5851238.837383109046284789673 81
665890.5660349401 6571182.997397736 9
3178119.4749877984 1413535.5861101716 170
8842579.919438036 7184219.858626278 8
9671188.567971228 1653053.4917048179 199
5828408.138498004 2681941.836956041 349
2171216.4997816565 1661275.1722899566 138
5093402.314390523 7458223.4853508165 262
3371209.315826734090812385117 3974057.044578419215477997671 112
7631199.747835671 9722653.031672837 117
4855595.581025217910933486861 622007.7873734212748562876918 222
1658406.9323657113 1147490.4235114914 259
9179343.585377969 2144010.6611876907 186
4470384.326389795143491884645 1333039.872342812523096700218 42
6070052.018984439 1873593.0922559274 89
231244.3909715423154077837887 4389142.614853954852839130314 240
303651.4074144814 1159027.7700691377 158
1609385.425496186323785345122 5471897.499040672425893634560 240
605767.1697065703 2064056.6533379168 357
6061811.403798825 2542544.8301686393 187
6956011.290097192 1655714.0808962078 152
5892095.186855678 3038033.8650090476 298
2439715.451700636365645238370 2930960.184862574690127201942 179
8945934.226304496 614922.9364575049 268
3450786.295383259 5183165.526997766 318
2264866.9725839086 3291128.2666900964 223
6643212.965393209 4637384.7199568115 132
5712560.043580414 9126957.258712057 174
3819876.564004863662268147848 1270132.272779121343401467191 34
5040334.09965982 9262527.58607041 324
1283805.172641715967015827020 5428106.221556487234851634642 185
2037882.662071286683601853185 6333262.185940674603543193945 302
1325548.675928096370552232557 4856658.062314257640332634539 149
3018972.130968174986821609775 4262074.923969800855384147371 130
413165.62346522143 8791105.460421113 225
6868305.786562443 4722019.755711083 38
8105614.556234695 493637.24459939415 189
2358811.295217522669718599527 4938876.950612093356769713058 191
5295324.1488192845 2659318.9584265063 93
4487418.412964514262466539338 3231059.389232288186690620516 125
5400179.090422085 4436169.437544362 337
3460525.523573246830944749539 6467864.512655957667362449569 271
8439552.652564852 2983110.612061528 114
2390874.7178004165 5014095.517608933 166
3297268.55314861 9066152.907917017 240
994247.3571408497184088753483 4807678.081696187223288278832 204
602822.8873992323317534474378 4743923.688815183242200428610 154
4702564.910329338237603446028 1542096.209129411233783124969 300
3599345.519274991946395866977 1015033.279558502252223083174 285
2170465.737522641504869596086 6121084.912329416478508732874 6
4920593.701370339 6895657.866693706 105
4103268.104171197897782158185 2521632.998457409267660683019 321
1895663.651805821 1789882.7262341243 358
866018.9792670622068100764371 4123730.415879955017676348770 8
7696483.790010638 5695959.92269037 3
3433569.125904502 4081999.1285204547 64
7319599.628997381 7547488.901372888 144
5171708.350820956 4918931.18195741 337
3087825.071732985 7312904.004142168 177
2776588.214358765916081838144 6300544.423007515681540022846 225
927121.1055798532838993686071 688122.3009259630188292874399 124
1504189.802361205755375077776 207878.7870009737403118875969 51
0 5694322.284253491629934646891 79
8979556.417746726 1959771.6126925657 354
3267683.7232562196 2509751.947484584 45
9320596.01258091 4293586.889893494 188
3054905.416044605162380835127 432274.9310331765627774012402 242
8997032.557195175 3484737.816972515 289
897450.9039409052476919258640 6272056.500059941412971952208 65
1525216.219505994690418027259 954411.4021887581252512865944 204
3829340.0902055474 9072460.64567055 248
1350935.457676770199860677728 4256173.248955357993844239142 121
155573.1616696445734832040839 4909156.468372946768798111786 106
3561149.279965934152211106637 2340316.307097883853428814150 24
3113707.319103879 8873713.139848549 277
4079866.449943804321649170481 1505949.581147108315229573999 262
3304838.490166894274436569086 1852312.834433879151983157893 31
407094.3062195920008002599877 2991051.982012552706818919833 126
5800363.016714723 752248.272048166 344
2496874.9927913137 4649223.421867455 318
5132666.030308341 484793.59392021195 139
3154479.444048002588415635805 6651562.514698507089021977492 325
2932791.674997074862404629735 527658.0921485650099408717599 223
4350412.613311729384116577203 2147419.367455483024716944796 32
3184998.0624969364 1650505.530604841 339
868059.5733716834 1442275.213551769 348
1635788.809447417 3869163.383903733 136
1283362.955717739207791273919 1042038.327008576190244158054 265
4969306.406889045261158564088 1536943.139452481437799819288 353
1418302.252391607028552545492 4756060.512120772253064756418 180
993136.0971577164528630433698 5056391.690166775885194447720 351
7835825.249167709 8147598.3305815635 83
2744516.187694259 4888642.92944995 313
1703661.4870746236 9073976.306878245 299
5513321.3114253795 1338501.9598199544 302
3537771.681288121868929402943 3861579.380005897054126308951 135
1402259.777610805678267671461 5143534.771705727985269845124 112
7161251.031757977 5265152.146048563 317
4732207.684445214591423638217 3555747.312946541752732509913 116
658037.6149734195756939157463 1999594.631861692909503726389 203
1472142.302857418839765459305 5200598.591353362476142795217 243
6562326.826176176 7004687.606209366 209
6288139.914766662 3535613.4625185374 309
3329084.586821178499047815477 6405383.289733156050515736365 155
4928845.241321629 5396102.674767631 40
1162845.0851081219 5796730.824411599 3
1818495.5744973784 7514584.89366543 22
1986991.1599343494 3733128.776173219 185
2604889.269833358 9226824.081371859 16
8059564.499044576 2727302.8861363847 237
3482962.118315107311259597444 6421556.470005395488669343046 186
1857568.929165927 4590723.497438452 191
3902224.2408795184 7247562.495665686 148
7200291.522709822 2319007.8690147297 261
9233485.548490072 4986661.045119264 300
7576327.576217901 9661318.477387592 195
451039.3020450221 8483599.40632017 227
1365861.938379777304495865751 5233622.585079206205279794969 200
3509768.559458126027772367318 2490529.005313501150552580887 3
5203227.268539515501145573101 1384638.648650295771916589645 356
9297714.37989292 32736.83841896191 16
6184353.329871233 1422309.604297769 73
6588065.026715659 1977413.168781742 53
1027291.902599201388255914858 303434.2240517156596803018345 80
641767.8319181339991485648320 1689148.677504105315612052235 87
4188978.566134227596551579672 2452226.034881979758580318069 248
694915.0216183152997516711762 1882722.738943075232736115146 107
3021939.109226035077627752790 4880860.784417621087058777081 175
5290658.626052992 5822368.820225812 303
1364488.1572935507 1332319.8287398764 118
3316896.4419488455 5411116.738048748 48
7939065.500314485 4395851.298143675 167
5310234.152477354238507234321 2341096.492195315880509290480 153
3897485.758371582 1758364.3603173548 161
4805274.183648558 7806655.310739427 301
8998280.228180412 5181328.963679479 270
1445642.323401677442454664429 1497758.021601554080491510036 236
2780353.842391499 7056274.215136179 131
199418.4031374349061764867899 4917543.510347329586421108107 100
3470523.458980863115504754398 0 0
2196003.687044960784758444370 3823836.691387958629197129068 268
3348607.5192994094 4517360.449971323 88
4070097.539600987076913696713 3003214.415242071519353884754 349
4493825.5573656475 5947673.619781275 7
6908634.180335095 5892979.417682701 11
1848318.044387499354270381364 1240485.400349034853622214879 238
686391.7306202061 1966485.0563620084 196
1426086.6202953304 9292586.222541107 210
5552088.151569255 2723629.16128323 160
5976446.042545095 1831638.6796653583 249
4332893.945450076 3525956.9553469196 198
7540620.139064319 8985320.39573673 335
954731.2487252569 4484604.650888873 222
742007.0831404739275323202976 1433943.572854485674237862274 334
5820922.7788169505 1099279.8872589294 57
6621795.309672621 7456592.4272760395 272
879698.5502805365 598117.1903424843 350
3048367.593275893982579865484 3274548.003783773285056467832 54
4368450.990782434 4117189.905299644 178
4572199.054320286447003855754 1507747.219815119836774711554 175
4458700.826005593275209510805 3231301.918641913889494287489 248
2960040.6375694787 2150231.756890343 256
8484569.09532406 4923999.314508234 228
9727095.822765833 4062142.89657489 349
4129900.122477952 1354333.168533416 261
394846.2336914421521765446147 5079006.638322041810198898488 122
8415359.23419322 396278.0487939732 175
1363176.2020709459 9273006.389751267 241
2354722.837891652 9384192.884987898 27
4262725.228868561 3214192.702534425 345
2279469.4006236214 41354.281315704175 309
3974082.323090683515677861570 3964179.302774390343730553662 260
2672057.434355732735220029798 0 55
8860903.395560615 5672540.999859341 288
4872147.906389840300989049348 1348261.586153704429450000014 152
6587934.808404799 2386030.4837666745 150
4977325.608432567 5359080.114344397 305
4325618.991952029978790920254 964266.6153269445785689113349 272
6412151.830727867 4324246.560694423 143
2365104.5004307246 2143606.5819375548 156
3410816.7067191587 6433574.663333304 126
5002581.040904832 4080509.440801915 27
5670946.384738537 1316614.3721320746 138
1908852.042288495041502527119 1393545.818166263639492266460 287
3186441.4499994987 452987.1388555673 208
1863693.435591753943978519412 5221147.012937405614437488970 198
383516.7889240165 4801754.58296649 352
7117564.96591473 1897771.8486630225 71
8541515.496884532 3998733.64526823 297
3129267.168643437064751097504 203763.1278419504473276346640 200
2790632.8784691547 1495797.996913214 221
685135.4411598854 2108758.7695930297 329
7253777.344001676 8034632.617028613 121
2681487.1667920826 7299430.367922826 237
1603228.799357184630030671434 5803247.843968838474412531946 30
367135.51653038687 1754187.7931846029 182
1508120.8898190146 8477664.549475322 48
4674687.878297894427102232412 2664923.493221114711776193184 350
7721850.430667452 9042154.83485651 265
5160834.407670476657622131952 5021371.138420942689830639729 343
4054431.801138527 8701568.475873366 179
202543.7422002028959917575863 3462292.550990820436820829840 22
310068.3937877385549508571463 4183799.067082088611258699303 111
3876292.723755868854488160203 1678301.417161904577418366987 304
1490315.899401370182892350436 4760915.747800524911778032958 327
938289.8570588228 3308531.150202746 17
3901593.140193281 587350.9492386852 13
6821868.616235199 2906780.990611912 147
1346626.7267109577 5003595.0204445915 20
1983939.2588569482 2851470.6679621325 28
999175.7084051345 712473.3207756706 171
3911531.870076177759311298783 3609438.055784372071362154080 347
1024219.7311397294 8175084.068309928 209
8978052.417529458 4156219.1604927336 191
6682793.935385521 1564401.7472030458 295
4284371.666807683800540033683 0 160
409307.0351100717507502979485 2816904.369473547107888957680 267
5447594.776448034 7773966.196035864 212
6688639.747867191 7758467.708870144 88
9047326.624847244 7044529.734944732 357
5538558.929609253 4525174.514393108 23
5974738.631448767 4786707.846692607 349
5256054.8555654 6931873.883329486 114
9990856.17290155 9532579.51795228 148
8687705.291350039 2669644.38202416 25
2381491.9005307956 2901117.411394479 115
3426270.831239713462367284826 312323.1621456983116068831940 351
4060118.673441502989502718089 1252065.644307936292965367024 30
6128436.948211016 5276488.287724172 67
6488119.463545603 7966779.059885172 66
5927538.684310948 4982802.369742881 117
809901.7533200725 7465933.240796379 244
6101884.165838488 5778915.248326445 246
3114606.56060085 282619.0571258258 356
9258115.121637449 1077036.5433876195 267
2679891.8788219774 6261812.366929734 215
3750208.408255607695456452271 3420180.552464445190483157174 164
3603083.738261879928131307153 1001082.056369617622526719472 22
3764979.9064775966 1692389.1058922936 98
4020931.198830183741250498333 3050464.895641254672631612192 275
7498013.644320983 6679034.753736418 264
1364074.9212330617 9631853.50086459 359
7271082.910840554 4772123.527687519 225
1683609.310779139228049651077 1311837.834780437688823190506 142
985865.3840732009269857639284 816110.6771309040809815621108 336
3341577.0951611036 2290715.8470651666 35
3232827.780286555642478236239 621690.8940634372593593485547 126
3354867.3570303745 1152305.9227400667 77
3311405.907957017140747413179 642917.1125473163768926253126 101
899774.5732407223599994457376 3743992.092192031392848005041 49
4158851.015007181491767611276 2606430.264796929436435075208 53
2434226.7171631684 7216507.807060289 348
2101420.830325776226236524972 753632.0080548707368271260356 290
5610269.90716694 3904075.13446405 141
4058091.608353611 8430716.576938976 173
0 4458055.879619790107198101723 30
3524136.167754228 7106406.424433679 116
75400.25692565699937904365451 5751271.883011549738180585899 27
1541033.5897152605 4481117.082627293 30
2589043.284723608663898996812 4815423.792611892485343404467 199
6145310.546065413 7829160.272330576 24
6346696.569033224 4768028.880738496 156
5770.785488994456566694036989 2493650.351723158048047013728 265
8304440.32637368 3470235.450864061 142
3844973.8794527743 5068520.174280473 326
465798.0321640005881466359698 4639482.102711446650751618538 139
4393660.781773278 3096920.2136085904 201
5188827.734746723 8614144.77244294 344
279927.1107169283884455402060 5465384.537293329528884145944 323
4964468.554656922 3301398.486066205 0
3860885.2310945373 1585280.2855635427 334
1647902.904409705365773522499 7304971.610993330423341661496 244
9790972.603028584 2403809.365467692 288
6989652.807294768 6194105.021340645 8
8957510.441153046 4149924.146754158 7
7569082.190504432 3651502.858825665 133
5773022.337575844 3904211.063937476 15
7536974.751484033 6210878.145272496 328
4734879.353819273567362747812 2387660.850427123732564451606 9
4040447.784323195426778262027 970758.8240542332248705006278 86
1249508.3406453123 2631781.631449229 249
5014903.542664780397267945876 793757.2386336172145763777970 173
3555390.9006051864 6406497.7049616 73
7346957.605259042 6697079.9092529975 13
1954701.7729952298 7294211.034624564 351
8241990.169975992 9154548.452685483 356
1541513.589239804263239374018 253969.8252884752969918975099 128
2589891.623137094669649106699 4007777.371818325496123856678 271
7008521.275436957 415957.4471419425 49
1526378.7828564057 5676034.791273711 223
750337.6661700499659069118724 5164320.395841930766096608804 126
7894234.049001793 3631140.230304658 255
2558737.694136506276656654396 4757090.500989468090294842908 63
6517964.785648866 5005199.127605002 307
5767112.453345944 5688376.628858793 60
1738594.162933443050741634842 3872310.308830543822125968898 185
3601195.33867209 5565955.278462215 214
9305055.453108257 6185346.451033191 318
1280757.673405650526622135538 1534043.062175339649864165000 246
2894152.359099443155010458586 129942.4024510843596871271623 193
3872743.17324114 9641099.585020894 12
0 4705836.448968201138431758447 24
2186457.336679066 1435384.277136782 334
9604560.933163146 6843793.187172549 337
1392213.0393551902 6397641.846167207 237
5437852.308988486276758098792 1401045.229731009470142668614 184
8254298.479529409 4586956.138649925 121
1517399.2055751418 8642765.421969907 275
9162720.848775182 3149845.644594008 154
4043340.8837905484 5511657.81312472 312
586346.8590185198220757274418 5684538.959241410202234296753 178
2194599.792515207 9022494.061332725 236
1608418.253815964 8745496.341264088 285
2773153.0573795196 753133.0421622773 87
4610141.819472937919101653369 929555.6881342649007550533352 217
1832135.443143239 6556012.174358391 22
6656811.556857236 9052615.826641455 300
5402932.929656243096272440695 3854112.609202584116425527900 229
5386551.145196458322089960042 4952362.606440498628457404685 301
8782113.96259812 1643844.1563023555 25
1936007.460201995779362131473 6081112.213104861383143327316 68
6753795.561769962 6174199.21168231 163
2090220.217071308506900173858 4596005.732591248402852121869 17
4288316.292394168561333655860 750562.1785675051756585537497 159
8002384.606882187 690061.0409558417 343
7429700.446278148 1128676.4148947692 292
3167089.9256288456 4355302.74814986 325
1638168.0429372604 8590426.69446522 124
1242780.167634231956514291901 578174.9366222089364347645268 59
935012.6134541506904157634703 6352607.846057265985945824912 269
1725373.702227666 576527.5609267773 297
5140621.768841572 633356.6031308768 70
2959049.919999384807362772155 6387115.050975150649425069122 307
4815926.438894844704801168019 782713.1834312692604487334211 164
3818697.167113265 7291190.207141729 340
5527712.1183316 2937705.199166868 354
1597767.6828645759 7629381.3034753315 198
9148979.289947852 9867446.557617871 2
8131462.023764471 4195616.686159728 287
3213419.676227561687020826184 743081.8895992609662969011117 196
6698404.391210108 3009998.7056265296 166
5423986.869915215795059962794 2532801.864381334995022080997 261
5032637.695021428 6211488.450852233 133
8950652.172259156 249958.06489819693 20
202344.8050399923 7344090.810034325 7
4327200.195599097334038405025 918986.8671976543019990439382 257
2264706.033162591 7098490.189013464 43
3497340.9943524348 9043538.442045802 80
7951648.392095685 851195.9066606478 119
9453791.503418805 825286.9337174151 38
3823951.222788982179790438858 4495070.907176248840371439892 292
7989556.993492438 408134.4867832848 18
7344873.557988636 7734767.28081759 338
161800.3874205607050080619422 5130885.878972531549206734806 59
5725680.55433566 3664125.105179733 211
2585613.774671930436636645333 3549822.225851869729009756296 279
2645090.376013589916793288998 6724335.028366419166206905519 312
1151715.335776217510494613626 4571725.259512643914609395639 310
2766090.0731890923 7380236.825419683 248
4084613.839433259 2424678.7915716483 163
2078976.800704805780087930686 3390635.219126975909437220835 84
9016737.002122922 2765644.871663473 266
7767005.031808043 3899825.0642865063 276
7765099.477013378 9898431.438177926 223
4486168.165797973044184278530 3296447.654345842083739106737 89
3235977.880713955 3019211.118571297 229
485765.1086121903786599318369 4098418.155107544927313264785 246
2890532.241155713322086074118 3853158.274812500706531258662 31
1362640.9664650229 4507064.782174716 173
1208406.3491141063 8786136.172478676 299
2196307.543912000839635604697 6375977.330162096688891066135 224
8859328.317255689 6083670.317593682 148
3754743.120565035 3472234.291155081 212
911926.4568571586382717090016 4415922.247776391404649012458 1
3659130.742599387143649890630 1587630.346115453106882481225 39
1382199.633858361558511767574 6366282.108035412928260161505 191
621079.9347309410996341777664 5094036.338014272578158325414 355
9792400.64247328 2461337.70242239 238
2693440.065712467783244236039 5668420.418186640611835608275 185
9480649.933328267 7898352.422601122 251
7195727.326187376 3226009.017810196 245
1306770.395362446720639037171 5040191.747880992536837956246 96
5209285.101781206 9924466.14668179 233
7494985.587215496 1373184.7622207128 75
9089965.668178592 7250079.309925885 57
9934143.199219896 6285808.270245765 171
3127209.980527248 8270923.63750556 177
9612204.398754762 293555.32918836194 131
7491813.732776138 1477794.3881991317 113
4011412.200093166170967910232 1018872.284391355243407752016 253
3023831.870982870036802817740 627971.1669284675755488714094 23
2697144.737565665236759559362 5028729.618459443056825327933 167
7479891.553231198 8599936.815451402 172
5451605.971884734146295775222 3034842.878657063488197571663 105
7737656.766683586 9784381.113452481 90
9516407.265203897 6484030.108172571 36
554630.7237367132 8575778.844113424 186
6657109.979604337 1125061.7591513644 15
5300470.069135121 1376462.013575187 337
5279103.767692238 6072787.472758613 144
6186364.902517467 7211468.790304474 317
5101934.198737918185415891212 2403239.224634547531815263569 49
9879922.40075421 3846205.1645654216 94
1350933.738411575291755295066 4566505.470419229020385830404 95
8824954.17844924 3066124.5171662155 276
2418557.802992324 6470665.360410072 101
712903.2941990476 2811492.3942466206 75
140247.2912766952536864254180 5782108.635727699409414954314 7
1789457.3612230069 5892688.119754081 244
9561928.25114585 3042181.10718521 49
2762152.099312715 2833814.7925289897 57
0 2515187.216367666610025800666 285
9380988.409236241 2770343.030339842 290
125339.32848725171 4887541.447840373 300
4863757.037499535948892417962 3233861.696930306074770840298 286
3142025.363918240071628344991 1514304.470609242978502440973 284
3350898.3388494505 7795391.546017311 162
7271001.67105105 8292178.365829206 93
0 5428811.489390712614111657925 270
8791378.931924256 4937491.986718262 22
346991.7586311707628183883778 2805595.848220065188227460623 70
2133600.508755813884371248639 4173072.873206854476222984931 5
1861486.0273129065 3507656.3739898857 192
1082574.358701938191683878652 2654857.091405505613491250588 276
5041943.238983272 2862933.7831244594 316
9603472.530269368 571235.703125953 173
5108980.803466611917250204299 1519793.279999326793007613962 124
3424112.800780068 1413070.9161568321 299
8725421.203824643 5284427.896739732 166
2370245.6578566898 1707705.2816827076 218
8281701.373303243 4290496.616714603 182
4480572.939148750408018423660 831918.5335986891469225706936 26
8198205.934222823 6581524.5919715185 23
2111749.094321311805631098399 0 0
2862469.666608103496560951534 3084830.135499469919180434249 200
3656578.2335248366 92497.85803366106 165
4792924.695951136 556156.3439501416 97
7714463.001560848 4129909.9188759592 78
700605.1286357917 2300491.084737204 330
6230084.63103485 4787187.842607686 182
7644817.066361813 366056.30472431483 4
138650.94811829404 2484986.7212240607 126
0 1996261.443128112104754530907 90
7602691.5091150645 289545.6357898407 17
4861683.093775507 2745434.9057671023 309
9376570.406351846 1652458.6514951356 100
6668648.817407715 7357406.163333209 27
3249652.728492298 2021458.0661702019 245
8301481.1981108235 3505269.095894652 24
7835942.8139851205 396160.1759080091 74
1272995.8888663196 8114831.419137389 335
3648437.335062490785260826705 2021429.272008717891131014149 100
766077.7210511875343005903617 6155926.823258267891010684438 180
1194578.510259039182997369390 1252163.720738474017409716444 73
6561880.86980043 4974216.424475684 302
6584664.909915746 9528917.957086433 71
9598083.455033597 8596888.269688074 187
3523412.2869670214 3144147.934361523 152
4092657.665504120239550162130 2325313.304301767559094838654 310
2811166.555119591 5141285.781440703 30
135604.11754213853 9982700.244156806 50
8864971.532269694 7665041.7217871705 314
5940197.180905861 1087156.6044142235 70
3984574.858736284 2389370.7996628634 38
8406959.628399998 2341196.4019190846 187
0 3464461.334227521486945139249 34
2881980.206357967952461816161 2913977.596254038126872207626 326
7383402.663476622 1602977.0801623466 40
8598501.014711063 835947.0408859482 185
3534080.993240651 7999865.148052849 325
7483094.117116376 1721202.4618290612 32
5591936.352701176 3931750.723815789 276
4650077.043126364238043229063 3438931.467617759263787555767 221
7192193.527136072 9326385.857048228 10
4390309.755178485 8917256.27083854 75
8100378.519611683 1482020.9145424545 185
2749688.5286299223 5356861.301123409 153
8831626.113519983 2852382.315779568 69
4411121.785984978488561440520 1247863.559348426528465255105 62
8086383.102810458 8378181.541332696 197
4186538.909787218798674274598 6047651.889100949181946983212 337
1583144.3068339678 3786250.8531067874 302
3518196.4426949243 8380751.182068643 238
137077.1486005585871338494786 1065907.587745499369872580986 51
4695405.630470706 9007028.591009496 222
1314586.5438422076 6621643.024673672 70
4907803.683532397892418769502 5514274.721683270008446263114 40
6889399.986512089 9195651.416259224 53
922
