100
48.91794090424625 48.19389587559709 152
45.48595766849778 50.01871373134863 79
47.30151961652409 59.358970242310235 189
46.239534637590616 59.19076834578879 109
45.127451636977796 62.42049189304692 326
72.20611972325639 44.19655030434446 66
90.57146201338561 48.26459652450801 320
62.63303810508588 75.74126922167272 259
84.45349675211361 84.77959939409216 89
49.314585367824826 26.582323568833356 296
24.578180687185945 51.1513409276108 19
51.53680308744243 20.121414381524026 164
49.570421171164135 90.04981751743915 60
38.241198064125 80.46099898247185 241
61.229293302753504 10.709015147337286 239
88.67413726786329 55.66913253226781 282
70.32797377773807 66.6705933590707 317
34.46417074915066 39.93202460122796 359
14.436270444348597 12.384451442936129 45
7.855552024970813 31.71935369271297 26
61.2447048076333 70.78137238011479 356
97.67643329221652 98.64112331324662 268
7.792301964597959 99.43077262393867 186
62.272689536937634 72.3749895969856 176
0.7835172311277505 32.74834446838084 129
89.23699697832522 41.21483860256697 137
68.19162859280313 55.51872918941009 32
93.20332838884016 25.512490468003822 25
17.94743362574097 86.31878734987612 196
62.75179469873412 71.06622541752039 332
40.48576792507993 43.33849507395836 43
89.56535845169404 38.68436618003822 187
83.4744212353779 90.5537142765303 42
20.136289315757328 98.0779089889329 209
78.36396552311274 28.622957798938497 311
33.157910822323004 97.35902320663817 34
71.38118304581245 61.568922592795516 162
84.68209577701066 61.98102682715002 143
49.526029928338325 35.2762911450757 141
2.332275560138153 8.845440605322185 178
12.93459528776484 57.33867511604194 266
41.859566559858706 23.83212935028205 91
35.75203764875211 33.453047197193584 308
6.823715789230778 64.91076289838638 129
30.102901969116335 47.08438031663887 252
19.941820185863435 64.62629729335578 208
67.0892857394027 39.35478472286881 49
33.98675909196229 24.67220873506274 21
40.44647129202995 72.42260551289105 189
42.15444817574783 71.0680428380264 188
17.65575432886337 55.43419089508045 294
67.63531089336901 16.61894444199834 128
46.2396460542869 91.56726339902418 262
5.936081135488158 96.39871038944798 355
83.71962184056899 28.38111279094462 168
55.70735216155727 41.389027553261535 252
6.51190941784775 19.724621178552816 122
99.84918945912828 5.645177294245585 119
3.2057756823405725 57.735624295723376 36
20.30311521970135 10.506507502374829 125
87.95428714088317 76.55842794530628 91
37.808796357796325 27.25137371376557 354
49.74447996745618 22.9946490335874 221
63.78237954112501 12.064118846667915 343
95.92989801460577 47.23387824079469 148
64.54571343990814 56.707189590698256 189
24.132808925814675 57.13565635274853 140
83.58290449713955 42.60614167984949 174
35.751581161052094 37.56792427570562 224
93.31685781284826 6.4769568651947385 88
55.78888854268108 24.72782226461061 276
14.921367102489425 44.27337587157525 23
58.05506821290775 75.51948737710417 298
50.86342850194704 5.448250760540518 151
73.53625715005766 57.62913531233508 66
5.9445236965246835 75.82413808569956 358
99.70033364404827 24.30037702765543 232
32.62351861393951 8.563075117249042 182
95.68731311672623 74.59610068966447 207
34.87772524644747 40.19008921364337 224
66.02631625326948 76.92336036840454 308
95.77971133887344 54.984321597477134 185
30.263551848001857 70.42933518454426 112
17.891469949549453 6.846375649722248 265
1.4861341412342965 1.3217798723480945 74
34.76888886417214 53.951982187995185 251
14.012823711455502 4.663018919073869 292
60.851742429323416 19.39322171119041 335
54.092881163696674 67.0243602621273 248
43.43488687772241 17.2253332776113 67
67.16928647553769 73.4737377386091 68
86.48912814665938 10.4387363846293 99
19.17321286859972 55.88806628183603 340
18.69351410158888 13.586855525815666 232
6.759199922872449 69.21243369908855 287
75.56315130414382 60.73303996177136 251
36.96066967330639 14.866286250944437 151
39.084276759515845 99.82226359557936 316
0.9025855081101652 5.563211317785754 146
77.53645632402446 72.37263020983062 66
0
