100
51.52683090848238 56.38972907813688 228
50.74579242843091 55.522297967628546 29
58.38991645656189 59.75950510684915 63
61.983684646170325 66.81267231012488 165
46.49503336053736 60.30432165324336 287
45.304378728603744 15.94935548097116 147
7.733857087473495 46.85662842859989 251
11.439821507360737 54.25728271329113 126
69.1504900791711 63.93676406708138 200
35.611398438722496 29.35136502691382 222
5.8217534552774115 53.5515716498731 45
28.666118703477718 39.471074675482654 124
23.350527973743517 42.60802357333529 235
16.082173673953083 71.6256113310316 86
84.32504170785288 64.85533571805462 89
96.2787186427503 15.146016532097883 174
26.929104927791194 30.988084274991458 48
37.407756159365476 73.09810715611749 292
97.49241695212326 23.54639313849448 192
17.925088018240963 38.79252492737804 322
42.298255904546856 53.99579783600531 323
77.57384020566803 3.1152231930905327 71
32.186522302576925 37.23738714586469 219
83.76197710006527 42.80254205192193 206
50.382473321117935 0.6322871403749208 152
18.881650713237697 25.861469781066038 38
7.331971916758063 98.49974920309627 80
89.83094583603189 71.58199561017857 249
78.02187769479521 80.22840914768142 330
53.13487948157811 30.556589591634207 162
85.79514504531906 84.87487681336196 11
23.58477360666722 47.38915208867782 278
29.45343313557617 31.137845692948517 282
56.26081781940603 32.45098359272234 340
7.980679449914508 67.91948594084232 188
13.439286834468067 75.46593808528353 151
12.86966082049702 8.814563963793242 233
15.769337652244886 50.684997145323315 142
85.84919651059421 23.19623650755779 216
65.76252067270457 48.49994065756218 340
37.52661901404023 21.654042486518378 10
99.07156621642068 82.14463402208979 332
28.554750094513317 22.113668085702386 210
37.92011583866215 61.93781323421991 340
60.254633818039196 86.97937915902871 132
27.309925280784565 80.25104049959161 210
23.22764715273904 55.59389188401684 147
25.498541578716527 8.710938173086546 139
10.485750686961648 57.25520006935375 19
63.51848303472145 41.96041193894584 1
14.634325051448283 67.62907268659278 2
92.82807864571754 43.00210637409174 17
7.953876802168935 31.400841144231293 147
44.462607233217035 74.78801745298068 171
88.77295178858041 69.25863607098324 188
32.202038822555046 77.21076295695138 52
32.04685206191943 21.87693385600269 152
15.051671592138828 13.534080674584681 125
20.03182488270432 47.49991971452124 189
90.49109939976572 23.298738733487756 253
82.47092822391038 62.39505290099143 254
31.44194008274389 84.5995326479906 21
3.708152357645278 55.46313601269745 182
10.231867546305494 89.32690546897699 130
68.33247108114072 32.11949981535871 327
86.24010766023729 77.54707672295378 32
63.98939377979628 98.20174559355182 172
5.011818677155522 0.22791030305985283 177
71.94611093752602 55.719961153203975 107
78.36821053810043 27.551616443610104 121
81.14409736027778 79.5771715985643 223
48.830822283670116 2.966822610494513 24
17.428479159220668 36.301537896607236 184
7.2273545542550615 49.750594980308115 358
11.408049170769951 49.774913468000015 33
36.30453687534286 38.28693371813689 30
19.03343358410107 32.109432417989545 178
80.80391815601982 71.12011773018442 282
10.74979768332267 65.12437395594533 185
0.020210960706756875 36.90365064310143 178
13.148438566253818 47.98856875598386 38
69.70442893048649 91.00414199626911 168
26.861921111470586 66.05401598459746 208
75.08752865651509 99.46815916276243 52
15.368895725801224 86.18504108487343 186
90.7223686444714 36.94400866905916 189
56.87361871124275 22.13869309861313 74
66.77449857377755 80.66510973590394 304
36.658352112125584 9.483427424227886 330
61.677125105202 54.60428029667783 259
24.363621306241036 48.34553871058134 136
31.141306650650023 25.185194759643682 1
46.010941748294655 71.11028149839507 7
73.41879877889124 0.058378991291285764 322
63.87181560775935 4.051912078939046 278
46.98048081482836 11.689931703234135 152
62.017341737831586 1.7512436768636563 30
32.81467853916313 20.722902927351093 175
23.548742316223848 8.654607925270142 162
85.95794429878248 35.182547861824254 153
0
