1000
6999956.926573466 4794774.481429585 241
7046931.185758366 4279720.333752749 324
2804113.847758347 3749967.4647736903 277
2097661.2645638105 6125789.0695374375 343
9979935.441737222 8124340.64666775 129
1280521.043954246798430091561 5190297.676611560097183928577 35
3875740.273384678990812859020 1194863.676723870760468837925 81
7554684.106551527 4977879.58336535 108
9103681.35119967 2645484.062907594 86
2931690.299560588098836465360 373493.8580372805197654221598 329
4558100.0897686845 1966346.737523651 232
3707143.393173853467184796723 3970453.347969760664645256528 252
9783078.046127565 4744858.197761376 33
9811630.986706574 5568537.39318719 279
8244487.209941412 2073884.6382182452 294
8565003.602240931 8317859.785836671 315
2849608.768218076471085910544 0 169
3613177.7036500834 6244168.42041116 39
6832014.047685668 200628.45114314553 198
5674009.377812671 3657739.0284726475 87
5301581.995592945 3120941.1837005927 114
1336886.292245194138187423754 5600903.091346120378833882499 66
8306324.507692371 2489937.242104011 197
2471577.1322603975 1898613.305370186 201
2394603.187155523806273655902 5517385.821258784983864020010 91
5075690.031212293378605023111 613172.7209957449640107863684 338
3872829.4043612266 5718049.842781053 260
5463883.013594139761962632076 26474.62165013601275936711088 103
2993626.652608561164879963254 6077709.793221193659182090597 333
2996132.475719413187450053202 1813023.996626417633531851249 290
3538614.655299649 9000627.74212022 126
2884766.388253874 1039701.8585653683 69
3188817.835793436569713895391 0 124
2845098.285630272847983872167 5866542.421838241314627922271 270
0 1436573.037555418450074893716 304
2470390.152887302138316201007 4106753.374060736784790384884 146
3912178.772621825 5223031.567516935 132
1305931.8547767906 9914789.723871771 177
2717026.052904227 9193503.391548233 288
4611562.220844726 1342780.9077976982 52
6625570.08913419 8414263.220813032 250
1153482.554140875816299300053 3852470.557520161122585545823 164
6224757.662671026 8896720.681748722 68
8411837.219989924 895813.1904504452 228
3784749.8332495755 3270796.6023666267 282
1376747.9131259364 6662176.090380929 268
3026561.879392008775608621922 1004011.453689932152186590698 43
5715707.647865858 719101.81854958 142
4831240.410105843808771624100 3188177.358378995181529130110 146
482868.19221453945 5494800.524088951 221
958865.6682669634170469454398 5347435.764001490956732456926 37
2737153.115124802495790519858 587805.3334663450414573524854 168
5066726.405100207 4453436.761855938 229
950066.255783597 5982293.448328273 231
4442584.508415401492011953113 408076.2036603435944321760796 15
8517567.322672326 3976605.402233023 275
2799348.958225889 2418063.0203366214 1
5787886.184812036302138312492 325426.7970025249338242746112 222
9630387.785075756 5832186.0071074935 67
2501341.2066780874 8869043.927853458 12
4016181.518331943221321437403 1228277.114217614848977713843 270
4033107.871777342333041546042 5888572.682950167518195683027 119
3738700.361658139499933578042 6249148.531995218481969890698 45
9240907.620009795 3093987.0235279165 141
9696049.630655786 9137404.896940703 49
0 791301.9405176831952182268062 289
1992719.945132524 5581335.503067907 311
239597.4173866704853025210643 5366020.169814237294809308770 232
3306863.7709932793 4165547.071967359 304
2776672.6892439686 8317683.301650573 34
3698609.830358258219434674819 5740876.101257466171584734495 222
55467.13580898100257939001236 1029332.547461159525420585654 63
3155057.624912417166958866319 5974641.589826890314099162959 278
3973536.8305050503 9205323.758031417 9
5431189.578598045485328084472 0 39
4239014.046198018734836940818 0 180
3228229.974058555181818111433 5024212.706274185746877854288 323
2671107.082965427499078777516 219928.1459829469938939353447 183
2783270.1141173886 2017667.1158223313 15
7015940.777271291 7563457.065691492 103
4336721.797921881759926792870 2410272.617633471285901278246 127
972995.0048995817 6759931.6989636645 302
5660276.603495924 4931403.736170508 19
3352162.6467919075 7494944.080642955 154
2359938.516932004 4681706.790736473 233
2701488.213870469040639621046 748339.7197357736495820581797 99
9981707.296721505 5032011.337932112 3
6089542.043929428 8009067.326935479 331
3806095.451194208844192679115 6298113.930721901930964960385 216
0 3621839.929091705419877702960 270
3058840.994527393716975093196 4566721.114577371373899260664 260
647212.2676831216 229594.9324663793 294
68779.98880648731226913702405 736417.1345891004856169924989 299
5060053.3080068985 3885333.43113422 75
2572522.328419980963663507811 5656276.245271880706371443499 237
3978490.110714827776016501409 1921474.530603595270986337751 344
4500432.358058810395333307561 2128871.756245542450718154155 113
2012886.1932856978 1795087.233921243 22
6440190.183979462 4934424.829077085 87
8129608.528657966 6354326.140126871 152
1095095.6124427202 3225972.4812073587 79
2646919.698474893291870827218 5381746.244897799085261530082 338
3086082.989965415 61787.83345858419 335
3110967.438448861010119891564 4643117.347596920477664328472 72
0 1413527.308062518057408323328 270
3254637.819072850990021337798 2830999.917781958863927437409 234
224609.7788903930727613051605 0 0
5685487.1947981715 3831127.976776173 351
8866702.489302292 7341944.750030662 136
1672004.178678554343519823861 801963.3521738323430547656037 1
4222723.244001503646431521776 5238533.540719492600808936476 255
857609.3069470248 7891341.334834846 22
689088.64699319 1679097.7699503484 296
4179899.327241137040466187373 3627512.466140608742034303331 173
3424208.677493149 6115423.5429265555 320
2379902.381366911093335895647 0 180
4504310.47087069 62521.651239526574 178
2823081.444373069 585437.1711443707 28
6173327.202954323 5821301.77233607 109
9991264.59278047 3560793.8815349448 221
2896791.357197707913327842210 1294405.497643762866263974101 11
5316871.665952924 8545140.839871125 49
415911.4731246250896954116736 1956199.667119089313214526817 232
2507860.712514302974326921061 3625335.910011833961400505420 222
5984970.416045023 2914583.8767963694 123
6944596.693214426 2379381.986343806 250
8676283.648508186 8383717.4166600155 156
3273140.766939451 8917936.918372976 67
6149631.747011905 5128042.655375693 157
7743510.977457116 1624601.6984168233 273
4911761.767723524351094768266 1815321.633609727665705284974 252
2947139.356701656223187023381 770621.6454173956251537506297 303
5061234.478849972 2941368.4860393275 290
2763149.8414290412 2737281.658849956 136
8428767.416802624 1558528.3859721078 73
8800786.35231242 813037.641093366 153
2565962.651903692880424541442 5323039.852210033395756313558 270
599322.8669607045150642619653 4941039.610135295041020309031 214
8222810.438036569 2116068.847974425 251
6635910.487949309 3249520.4524577814 330
79813.65564343923 4465582.573042719 120
2559422.554552278467664138264 0 166
4019399.44883561 4147066.3601025324 353
6555115.159190409 8176878.25165615 198
72309.8148698429275568649579 1991409.107078365896315438370 335
5331253.746906813 4904358.45428225 297
9994854.572025256 9179825.584588591 229
8753977.623315005 6531167.565152037 138
1993324.1837768045 7487686.600692714 310
6190361.845603366 3813731.0072316187 245
9301584.710357187 2875245.2053357135 238
7164855.980282387 2220497.9718987937 280
2040053.9420831031 9263176.054507349 11
3563557.175472031 3389477.038617237 153
8342266.505809794 6052546.563700665 284
5361203.929650555771082838731 0 87
8889596.665015493 6557548.600210166 54
2855756.861217844828807492019 605607.6024850319252549233616 137
7377250.423240437 7051625.850339834 165
1871315.6154703924 8764035.653826604 96
4832087.003730843791382398620 3189151.252938949872215244751 229
3463430.568674791000226997842 4413870.653417231870649818830 291
25324.849563113094 8257600.48278718 118
5325861.254345638 9720004.959720336 193
9299249.911084345 516656.8021551621 341
735638.1820360066012453843539 273018.4549610683974386291509 148
906476.024659565 8388452.136066298 129
8383499.724970923 8815702.794747774 72
64801.57271498372528897663114 603104.5081483264230395361774 279
9160388.614364794 4207328.689234107 192
793975.5759916789 2576697.169114014 173
5216751.199659341399008419959 1581268.319267600239271347635 201
2490576.2356084636 1308928.5362744173 314
6390697.728414122 8863386.919941138 143
678942.9298714678 9201850.332704104 155
92964.28477560909346512975173 425292.1422181956716579574633 220
7094350.745751549 226302.45355667378 49
9373059.72783509 8162213.908864347 112
3191394.593706277 2277791.7202047417 51
149159.32118155563 1401663.6560480222 76
4189588.659199488 3079785.5505034435 78
429830.2128284904021974530684 85065.2884019615318320196677 203
7966917.4098641835 8869634.84717207 241
6908351.118780481 4912175.804513882 261
8335272.411228241 2102891.357919662 187
9243142.067414613 732950.0999258332 272
8999197.32494727 8324093.285273343 170
5417717.069806824 4179810.5138465413 121
2138377.8800008534 6359029.095955389 345
9790037.966387 4119131.1030629883 115
9993082.457926707 6709675.9578625085 68
2134748.481624198196254308127 104332.1918404443043344683363 141
8962026.984514685 3179458.3487924067 24
1989842.6201427232 2225401.641956236 357
0 3463016.632869736440243796752 314
3385133.7739288257 7271395.399701029 197
4926776.728308242195558397737 1528819.118331875031857872950 93
3088013.858681990774761768634 1555299.958669450996379032906 334
2455330.861011306 5716379.64389796 230
3740590.884526341 6468297.420876897 236
2845098.285630272686608665006 4988056.710563487214627922271 319
3284321.772060047905218707092 1163241.926191089346789486042 230
6254399.767268273 2690737.679010069 330
2259747.5431474 9171969.109581396 267
2439839.4397710166 5251762.508209696 24
1817780.7395577007 1681092.3749978247 156
2939646.9225248345 8949340.370572696 333
6103734.697744822 7647620.59746022 155
8254364.7238607975 2257523.7525036517 82
192769.4004865521945877186857 296966.2597785616867088798669 225
691214.7455848833426578594300 2747242.810477553437950131920 249
4587424.287217774975264015935 923399.7439721160200210312121 265
6838971.608110903 660983.2710806285 108
3003886.0074206274 216988.05920004172 318
7202788.940746665 8821682.737658517 97
7651540.134213061 9665796.947442768 293
8147681.554292547 8665223.74044424 16
3329936.269565215668309827220 667080.0592848940761545639006 132
2146035.894236292509311735698 5717928.861840165423422655551 23
9898563.904632198 8162747.4051691005 184
8434009.741396518 3778671.579781616 13
6550.737628384651 7524799.4301915 224
8840907.387760747 9917268.7766342 154
6249075.759279861 6049694.507506454 80
4837291.239346812368390343187 1253886.464613334625107651335 153
3248966.319090648 4747926.677958288 288
2533517.624941013676442123961 631089.3930938007278682098423 50
8531091.540828733 2519456.3381405943 129
8315462.104341065 4522617.545450953 309
1637906.786320631849532187393 0 86
3352691.039518658 7969599.981935684 281
3779223.135761301933475063049 363865.1699103145271075211108 31
8729396.718195444 7183424.601677821 195
1823923.812892410843756640476 175529.1521526754765042928828 63
1450744.290875968285416107720 4790761.335237446755554834575 98
2786606.7092608637 697596.6494560249 177
2643327.022491937500093810813 2411414.313354060747434140317 301
4801308.964034075409929904218 938239.5853906117101726973200 60
7602429.48430763 1552037.1069997295 333
3125712.629602065295847220144 2155405.450778871070769868144 267
4796532.995772659083542370878 502916.4150099382003584743250 255
3153386.2019803924 58627.634986210265 224
8884172.203018185 4743780.854370745 222
2749967.621918077342348682800 503448.1215978671056344226357 44
857506.317626534 5566975.479861896 80
916805.0464081093957414786245 5824749.699980693426474952340 230
5884096.636523602 6578119.673058056 267
4642639.059007979 6234556.464430311 216
9594654.539538886 5875190.348342651 54
9780472.10993122 3019066.0445973715 349
0 989792.7322647655539250738455 90
2785563.569924302 7590702.947831633 71
6743332.877210787 3108373.7823272482 248
1288756.659127481071566036429 3776203.193831808992427154051 82
1755642.4113097757 7468655.143606807 179
9661857.217523748 6133067.002273251 314
3541960.4132755846 6851930.511634386 325
377011.9693865999136455875194 1849324.158970874505372187946 70
672133.5019669858829639435493 1130791.466947597394570759632 279
6352031.924363595 8566659.415224738 33
4563434.524379693 7953332.035328529 36
4501752.086270229 4630846.211910496 348
2341736.2156282086 2166086.9056025613 160
2520924.694494196239543340257 5315098.445162740414941243599 10
9349411.691382246 8456447.892762275 70
3173694.2639700696 638762.3592632286 150
3486462.4127908563 9538425.881822934 169
6520985.431255186 7618210.038819744 302
741310.2286366934 4785261.8498191405 253
4755392.621404584 2307728.9436678607 340
3502368.977427811 3342005.839277167 110
5437361.403096988 7084148.884341031 103
3333476.2237058003 5343744.5924184825 149
2672197.272979386 4641877.040698031 349
3898062.659040220355027901292 5166738.670907781924976587029 124
8927303.7036742 2058383.1470517965 354
7743841.87214837 4249681.24717059 159
9406500.23209159 2314102.1681448505 31
3452934.148979023172836724154 0 0
9632281.0251889 9759191.780768562 129
2422742.347910042 3171284.692320003 311
8613714.633098189 5299415.751886814 43
25535.137933219154 9681917.458035497 231
1750691.477477967 90772.7528851976 313
155835.0572434211170365116754 1466588.453110035421006701805 293
4034748.2362872125 6157810.788431871 210
68941.28832876384007453743285 4764828.289201952438728773931 100
578525.9001578195275779849334 5536586.819019091820220310150 272
4692132.937688145826815000417 1098223.243914256650569061439 47
6042758.021015553536996907831 394171.1462330411806492762326 226
2922857.748209301749876972865 394302.0450344682674573866934 293
5043145.38347207 2039338.133905959 288
0 1127768.991666055998923986678 270
6122736.967952196 9761362.756166527 217
3115888.8855594834 9050120.13302489 14
1971679.036117171 6511546.724199421 130
7191633.610540678 4346142.811255397 90
3359307.548400693 2444050.0841245027 110
5070355.878415036167340419228 1578473.312914282993406230665 118
4655899.167038218 3905303.569653569 303
3092189.638825484993277375193 1549109.110015615936345516912 124
2360258.2825748296 2872903.2041373095 63
635129.3958620796 8606521.502319405 99
9293038.530954089 4295766.522265326 192
3294202.798580528860049690149 4984572.234092916009167729559 149
5552209.05497724 2150852.235361278 80
4401232.7444079565 1400224.678899461 28
1509600.686541432158970788445 5762444.367555653230987669298 174
1228472.206314154 3698168.7708827215 306
2754371.782239770459467740057 2142442.789259140855876368787 357
9722619.370498305 4529305.32044746 192
1706845.117630581 1897912.5723493695 339
6431986.034239519 889738.6255416195 226
6040263.569140695 4132314.1009627595 192
8393585.729275538 8264827.267099634 270
2605695.649352574862257414591 670148.7376392464496391423603 65
2656114.368604101502857060541 4267493.044639215773600019940 257
752443.8025864899 1067946.7063097314 332
4517642.881954217208698692969 125794.6320494657457882599611 285
3092804.587516182675771462709 1527482.601612637913382690592 233
3088966.467409428833344362046 67908.8185912672156238304013 196
4949194.819467619505336791507 718164.3185301066387724313779 139
3271684.384942256 7516259.297027441 205
3331608.753695692363941274215 6454087.236906034912514044855 326
2601004.458931202 2115703.3218837995 310
2472483.354222095339069139382 3734189.855192348197265984651 71
3925176.547362815 7906576.604467637 130
2465800.760372113315114886777 209168.4975430637833244801927 183
0 5063445.816340060950366014693 283
4692810.791174197 1169187.889247505 214
2648988.859623915 2118334.154896734 241
974770.1214543103 9938955.268302184 126
3642893.593099629293507776346 4315467.461021420190919120561 208
3521773.715511537634811965949 4261881.559592998500534648272 189
1062254.101543969 3026171.8292291528 256
8070411.845765067 5858847.7742922725 176
8868482.598581128 3165502.0091831377 213
3689852.168140092 3864806.139579422 211
4285281.19031828 8350068.604945935 286
1148852.4206874373 1760681.3015184908 348
2290312.7701824643 5627705.578876111 245
9731187.92181777 1989410.2795285252 343
5656917.818748806 5553784.499936005 3
3938447.5121054905 2362457.0153490887 288
9764928.650064683 7267454.385365459 284
8192439.193213542 3645383.3310935167 239
9695159.891627274 5689229.140717397 247
6653292.193716721 8998228.543393293 105
4416912.737859995 9492167.609585086 160
6789190.435589414 3904862.7547203097 286
7131328.530878056 2512091.7025396726 155
5269512.543083061120922834969 2751725.713586732473994954345 135
697228.9837686758844818021057 972344.8307106769639994293640 179
3903535.073208231 5177976.037173 239
1478296.4793578913 5401633.50826588 163
8640371.650604818 7399435.593659688 243
3936099.9413541243 1427037.3103513967 214
2332517.5208753124 4249608.854141799 138
20054.555007978925 459456.5786534621 134
3428010.5930456826 4483543.206252579 268
4785544.441072928864343957868 1405726.706722046659113584357 224
8787110.19412498 1262566.492078503 149
5974295.059690038 4049060.8396116714 29
6015671.96194729 2138245.021880737 355
1463214.394889591908761218205 5318220.938117280664376408670 204
2811376.7165717143 6449843.812518413 268
7018452.676033671 9159849.07125421 262
8784020.152873306 1483361.479393398 145
3553820.034019531 5986724.19725555 45
4634042.291321132 4588099.688502271 177
4143366.542116229326735263702 4942370.297362551767756790810 54
1684976.8423707278 1950018.528329447 24
457679.3280170482733158077846 200546.9313958442903808230757 160
7817743.886055973 3207543.372976165 105
5222516.582565888 9067367.36012248 170
3968754.695062791096886020362 1318925.315519854392385360313 280
3023808.467756698 2680517.901343977 61
4150195.954717435 6610284.404740051 222
3564360.898207713033946893294 0 180
5505976.2181859305 9163393.360101838 309
4659459.168657282376502863249 970027.6772520859617389760522 80
4996251.779920721180644681042 372084.5389678597998580718996 109
3546688.7268176493 7721771.844665171 132
1519071.6761546885 8514847.55277288 59
3138393.412548078 5659735.967959389 31
7218488.133014391 5083167.844441103 135
6558469.008555924 1007728.063899509 239
9664478.39894368 6018602.410220291 66
1585301.6880385983 2822050.229723111 169
6779920.532401402 2083037.7158208613 63
4209471.221253430150251546656 2814333.238751266030947607150 179
4075865.209576842774042726324 0 180
1592063.6946232535 6282525.874607608 98
4914163.346726671 38100.79211286732 239
0 3355226.574727413365706499562 90
4584537.038458111 779718.6030071846 272
7671800.144733887 2488321.1573770638 110
1672004.178678554324271564924 487615.4283348095430547656037 90
2529858.696353763 1158846.8934901163 233
167302.22843494348 213508.89085080315 358
1960537.8287919285 3596012.8839966776 328
8224089.382804525 6039704.4602484675 95
3635023.780369535786458041873 7772.667535178071074822506040 187
4041424.182269924 5992591.766595795 69
3874383.490302549521271041351 421043.2794468506634597959579 84
1957137.0620669671 2834140.867948407 176
9026217.541254785 8374989.880182651 156
4062621.3513794574 3345816.927000904 81
9470679.207326299 4528450.893306064 46
6257743.876645135 4009120.2381997216 357
2911765.3519396205 1161674.3923418804 91
2343987.449137578 9590646.206260271 25
3232041.425628404948496226832 1999402.231018476923531963080 177
5951143.553295224 2002597.85799206 43
4330316.086915975 9583482.061837196 238
5259489.240973250277021076137 911801.3166114400745385035857 244
2588614.545617718 6670416.641177181 134
100480.7183906609959450156293 450105.1522522272963801532525 344
9770799.770184426 6228609.535277714 168
3594808.645767538 3556113.3103258167 184
3014056.8861571336 1234481.0760680458 53
5918436.452624745 2568182.8685836904 64
3579725.440998091511590060754 2383169.518436048627337801984 271
2202710.932360151621916714957 4287305.288088041960447175263 296
6045241.731274283 2235183.722580689 187
9845889.322755266 8585807.884133646 354
2600768.008181590408078527831 4804307.673456106284142683667 59
5921688.267918579 5124940.082866741 266
1924486.568572981045650144861 5655109.182777734132886381036 215
9926217.45280231 9580054.303430237 63
9316290.1025082 8044253.583860446 63
753469.6987280243 4588616.8862023335 58
3180852.758572470579353902681 942148.4810632594154307784498 264
2930651.975079007 3953484.791999122 19
1943768.3127533079 970514.9441847849 94
3199495.544644586378218608828 0 180
176042.3173600644655724059798 382104.2753094747883765039418 148
2845274.236910402723655877550 0 54
4328154.003500449 7206335.618659526 88
5009868.065311864 6191715.095996515 156
5356497.488576061 5764041.289671189 296
1286438.050462323 1464399.2183000098 330
206803.5855897912620868340163 419617.5606822302087625878910 18
1375762.0629523292 9138418.764194747 146
5239995.471904355 4496498.078729089 127
3993074.9653168893 9619061.43925883 296
5436361.580796299 1014971.7428199245 295
7244372.749013362 2098034.690286691 3
4797977.698289180330911244057 1755605.296033645481081264519 214
1478784.948423163063842481413 4431201.284769820080320834728 96
8170671.674450363 5555486.917867519 65
6161344.548792953 7382054.826368334 59
519797.0311378055292870588701 521315.2959325817064253874675 311
8888433.600449972 6373197.122648673 24
5859571.657612973 7905224.795349203 168
3829448.962328116 980142.7093147764 247
6358465.763673284 9966705.616949769 251
4269983.202628367 2345332.671841538 295
5887017.266015355 3916026.3130907738 276
3334789.094376466 5768517.414905658 302
9201248.25528213 4217839.536324944 281
3940173.539343044398148093580 4599970.129252340591618593729 77
1681015.8431221854 4889763.154053525 105
7047962.792519407 2352352.7611685446 318
8374658.525519395 8498733.915152391 332
8917054.110801427 5291382.905004935 87
2429784.378425014738411170910 338159.1086510464404946844374 321
648646.2591599973 1126957.6080088518 302
5646545.188907618 5125339.094814154 117
3591498.173623422215058477958 0 29
9575280.47853019 2726083.2542671077 134
8811905.113709811 2903133.2917637853 29
3432077.526813635960573461556 0 0
2958094.220854449 3146914.182226228 40
8300836.248960785 7136454.522405805 355
9026976.099089818 9027758.055478698 345
3294731.247673015 299594.0195806701 278
291887.1830216918 3264863.138137506 44
2971183.6062994637 6735277.412799746 175
3502969.306416873587549674711 4817181.769653037262861960177 208
3916851.121964169854738686117 1189137.136385445914372442696 14
6110725.19944967 1447851.544791844 65
0 3903396.290946087197869903382 49
949572.8851209095 1284375.0764872853 83
7917797.069436882 5582578.647836526 59
6188204.959598697 7629597.7756079445 148
314766.8641090646007860958983 1826740.471168181958054518527 239
6808924.966388788 1129980.4233696575 17
4278693.755069205 7033669.088775648 121
0 176560.9741907162063230595130 3
3729366.249949875499225122561 0 0
1480322.6324926743 8967066.391278641 47
9362829.737761436 2836145.7248080755 43
1896122.7110399047 7397862.814531125 335
4662461.367274654 1209864.9667804828 321
7594965.822397273 5315284.198995608 165
5335176.816383707 674818.7808740869 336
1282209.021299618807022808047 6189773.997128287725765047526 249
7525140.922780461 1412608.5172992952 214
0 3682640.395206674170996127112 270
7796174.247341973 5889943.97490999 128
9422391.538532179 5387312.64893285 308
8996278.360507024 1301872.5147783228 167
3131432.377545480925522249300 4739150.281876944173797408703 173
3215103.361074870251643134600 6281360.889185151799831704680 56
873594.491820352 4051699.8252997273 141
8373807.559146292 3679606.217924688 275
3882654.449240889 1824177.233479607 7
3711736.6609539604 1874630.6746827334 186
2506717.480740609 6386450.289201086 137
1044129.825881925505459009497 5131632.466424902845295164628 15
9523270.864055164 65792.2295879676 85
4432279.793664795437163206541 1055765.364273860667711250809 90
694803.5714108763540062744994 946158.5678503118587577720187 97
4432279.793664795483479258180 1812163.889492700967711250809 290
1390595.147287959472188396081 5270271.193915558997824196256 216
3817639.242095228 5502862.258387117 149
4104803.366130795843378264405 6327988.090678243154049863299 183
6738146.716689537 8087213.82491469 66
4191923.274406426613651863932 398562.8159790077735296707284 212
4702842.299427277700080319921 153257.9760524669576139870827 342
2698722.710393080914868366304 827973.1471961352932930980941 347
2459604.7509840666 5771058.550112876 280
327053.04601556406 3847905.011516478 33
230674.64265942638 1299297.8694135228 350
1166620.500456136659737653886 293214.6150080571368070320305 152
3105071.655164502 8658809.729153605 148
0 4227680.072573599268097250823 270
1510447.4939819167 2128266.9906996377 187
796219.0352198418 3598827.2467393843 56
1408358.0009026253 2929152.1467949566 144
3182351.908529243110149749517 2120013.301263033842210139097 148
4741221.094483172 685068.1280306136 184
1683334.0468150827 2036407.6238714957 242
751370.7751032828851441970889 4982702.470101697629998113699 181
3545673.295585755188840962104 0 180
5726666.438374601 479982.7410516633 21
2010833.673661620581827616832 4517781.088885590694383247777 109
6510126.894838879 4331991.520153454 275
0 346054.3224072442705643381314 46
1904239.815587854148682012848 333158.1828029324802338645408 17
2311589.0938288476 2846245.8782889056 73
7896736.418689982 4632514.539502866 54
3187127.988585039 3860838.815526271 161
9750807.31983656 1997225.697519275 28
3430223.980323232283862304360 5344150.484958060773747907490 327
1841011.1828102537 6913132.828796398 231
661259.4145197193 3616374.036473944 182
3154767.478241891157613358791 239455.5663639109605580812032 197
8320664.43436063 6276463.722099226 114
4561661.734826005 7718879.245571164 95
5505903.186607928 9217224.254474347 256
795835.5602154816052553265247 5544334.614222987549231116890 53
6560170.44905235 8973355.926232805 265
1059444.9577415953 6175145.333186562 330
594011.9347285067 978777.0596916357 117
3525971.778350415 2638337.7381382124 314
4139278.388409013776494549318 303639.5312623953209156750618 19
3715918.6809138088 1238950.8007960182 88
6206103.731799442 398654.3951006138 132
3114667.306102560438498541282 5659579.730980313008325056495 14
3362020.092403556951712990967 5294040.030279881068575533138 167
8738537.43503055 7827545.693217133 189
5580738.494539515 1224174.153597184 298
2977054.416059418 5398651.387850774 21
1900856.8638918444 9650542.925920423 202
4473632.862422652835329980254 1104517.196487121227601356638 182
4783055.457449989278314284817 1340926.558437252520288016013 200
5218168.556684167 2640866.2880090075 21
4903786.746800724 8754311.729225658 144
4550790.845820660967622099117 0 132
3168294.2476706756 7371357.505037004 14
307041.17895399616 5709814.354136538 122
7357922.323042939 8452855.130441856 159
7408.523393265254 8417254.646661805 275
1358323.3062359379 7480138.016733268 93
7974439.686203151 9592386.501867076 306
332984.32304167404 3822764.512949047 242
8543874.487902585 8853799.821990464 288
2918909.371121143458232329062 1952768.264832505822924734600 0
3005277.3247687803 6946384.9359378135 201
2968182.749842898197897886671 2013230.478260959283744779285 234
8938227.561938353 1524388.6245074633 291
1635172.638061373898050181398 6270865.193202770098443744156 255
6740578.958845068 5802504.387221649 264
9974862.500900785 9052044.476257384 234
5671602.145914628 2969758.3498532386 84
670086.1659558289 4739104.718127643 155
6165768.556040589 7617610.172287151 157
3025203.807867256 3220647.6659690687 235
4097164.552154183472562105095 1313672.803257385378992680925 306
5055401.586251235601259231008 1771567.199370353632377184952 116
3595333.983481094217767642900 1488956.718472725509653590069 317
1486017.7996115743 1893345.1885293918 211
9088343.062103251 4034740.813140907 128
262840.2033401769493939951941 4714079.187753423950500050293 252
2111256.076471496 6009190.954680844 309
7639482.216459422 2780639.4874162874 89
3983876.290357045089499224714 1877607.617674073172693358344 97
4035542.232042618 8823183.298035543 54
255183.21822160183 5297275.54576416 299
3368407.9582366277 2844400.191389229 346
4463316.148820038 616888.9575253478 275
130688.21101077988 1955497.7521510196 330
6755949.8328263955 5712200.802793516 319
8773739.092126466 8853329.26814733 330
1641010.5966930366 2701224.97961543 269
3177752.860693753 3819195.3051746963 58
4684288.168653283662617970696 1376874.911678427111700984642 340
1470199.544193597406282623365 4750872.154621413433184027894 116
7912.915717037672 6525241.037729223 269
8684756.239064135 6754696.460016558 146
2105659.2479758975 313722.374505927 226
7951383.195819323 5077672.45495817 16
825718.6919707815 3757849.3524724054 326
8512293.287270566 7860295.590805716 353
2775845.513378565649716286126 6415088.701894043301263449844 255
4031913.956199619140206621130 3645682.784943994940631450941 135
3798599.3584876987 2446747.860369608 94
3536436.309404855662358374126 6315929.306096187750106901649 171
7385415.352324572 4658312.4092040425 135
530223.1772950723245487167817 4257219.929375374528484926515 327
2877246.831023167 8598707.152466485 344
4527148.724292753030172070331 769985.0630069379875483591732 353
7442506.635136675 8326137.679567364 125
9806449.340162313 861532.5452938916 8
323310.4734295461393223584636 4275322.445303104734045850212 355
79056.0029005927335224494325 183252.8621926022613517202139 64
4349505.676266634889932642289 2267692.370899825173956267569 308
6241938.877356783 5633689.1961766975 336
852049.8646739749 9155366.311492952 236
1613649.309416249658331608158 235807.7543522800273422859489 241
5857065.384124055 6455497.672917621 128
2980750.361132212169429494636 4123847.125120846665078342667 31
9107267.66408363 2087292.4198317998 41
9549992.322471198 6504571.055338021 303
2131438.0891884863 9039310.441555986 230
1118273.9804781273 4205969.834302993 295
5105804.173940103363269820295 627779.9776805982495982396736 346
2372999.146535400863663166832 0 35
5093034.620243229 473745.8996286714 109
6868629.65804824 6675392.75553179 27
5659664.09598372 9160758.193749396 147
2125662.402736632 1995221.4463622607 157
3129594.632263811918688162787 1535019.660335818363054253837 67
208187.3616500933877496625210 1680093.910214169579472488952 128
191802.8870853797522457250562 615919.1203967459851664072765 246
197142.0865427478722699612265 1302801.820799003050426893501 146
8663190.45712205 6468470.031724188 122
5875139.920334559 5259153.772100729 1
1789023.468309135844540849499 0 14
4053028.680292855 6759630.561862071 144
3455791.325223837302306237522 3908200.635656662934571460282 55
5444305.479747009 9350651.593700612 325
5659039.03336168 6396784.329782744 112
6776954.189085261 8231494.911301864 30
6068519.963914561 2505859.2156892433 298
8565445.021960348 5061861.665779068 341
5210075.933992135 6747874.645663396 120
671115.4954292465 3800187.9124774984 310
2455464.666079500993835649321 245770.6886452224595960715481 204
528230.7872623862640933732568 2322655.082931106566029706300 216
290505.8975696492510945137775 4099925.131809523824522325086 156
1789610.9436156526 8885032.460621517 283
3213375.326379958 287656.6817426884 222
72342.79495740292 7316305.948158781 269
3295785.4268710553 5416008.890722271 292
8874321.151863122 3770718.2608571886 117
7553704.746553296 9391322.617067145 83
6390500.402317895 3179705.221287498 300
2772773.7884301194 7047243.019124322 280
2048974.668554422 2122143.538518666 305
102625.87331049012 6291506.15376112 56
5696124.36063557 5196097.862329785 63
1593342.679683860978498554761 5278793.607073923698408353150 256
8044183.279986475 3650335.842413127 60
3586987.0928185033 3464272.707652457 127
89600.46479985605 5625071.367400266 21
8218619.59360275 49883.907933315764 301
4504160.014037905 4280332.478587617 233
5700951.716277085 1674070.7023937106 314
4841198.640788129358744188542 2162202.202181531700257430880 54
6242377.926440612 9954382.867803333 135
4966840.349022531641472502418 1953144.644275380692551695427 153
4334104.833034871 1282673.5266276158 309
6309252.976990306 4909734.039467814 192
2743916.455589179764796543716 519211.9488299215158275423857 291
5436028.418249711 2110256.368834724 126
6496624.509994404 8847763.816122951 135
4027368.048892593410785271735 986512.4675580757330722678641 183
2243736.603909825 67158.42597766142 118
1774007.1157727833 8260405.293945213 60
3656505.539804535859084919218 3814606.060297117501568158200 155
2985286.559847309 3865049.6392901023 85
4311532.864889412827241232345 1521773.736684201408185105061 4
873405.8854480794768932162752 0 45
8309865.494312515 4400283.835163454 225
8988519.450040046 4014284.947762092 190
1383114.110671244590199760769 4447591.347627638977305629018 224
4200044.751720700023581253132 2591649.184029122985746892006 260
7720215.465246552 809340.7931287955 22
1262164.7891018805 6874593.201001137 316
4143272.242758331300611176149 1244033.038514475454260684444 309
9435426.722808272 6424240.082874673 235
8157505.106097425 4530927.174573371 285
4010377.33487987 2098200.4825816313 226
234564.6998707518 1782070.8158083542 147
5837309.784664251 5141258.034434151 183
980883.5527427606 406206.20673048944 232
9582559.823843587 733127.284541224 307
6850827.127404575 2599280.732791537 164
2054902.648837548064361126418 968144.3324357494181204044874 358
568869.7372920404 3735212.3708739392 290
0 492271.1863962837779673128127 344
233363.8760195753115368071062 1283942.001976711418527659587 332
0 1200414.436192784531550320247 90
983740.0178790401 4752118.329359384 255
1479465.1530039948 6505460.921603953 157
1235319.2803304226 8431909.398297356 148
9031891.884804917 163952.52539513793 162
5946562.61478676 1327965.9837605506 239
9208092.542959876 6566967.98438509 74
5179541.951546881093914498500 1593358.336861355692789902926 342
7448373.387999938 7636111.017745275 356
1558096.440032608980595463951 135587.7250418363919228360803 7
7274056.653181789 1981556.2545444733 214
3350368.232417572934145450983 5427317.958078930802874052541 139
7177472.833744684 914919.4128505711 359
9096188.35084988 7637046.015241514 202
97360.41593197742 9830993.401332496 92
3865027.590472521 6513387.75414124 62
2260975.375885489952115409236 5176536.008480813019252201349 28
1274214.2353119124 2832005.337838591 270
3165218.807584625520442837744 1707367.130017076939363793972 148
5135973.765233772 9865272.862326484 186
1443369.451697849 7010268.848770911 108
2896495.449642109 195080.39359647734 119
6654399.049532617 7144622.667870201 206
1087764.8762431592 8182646.070101824 18
6874384.184883853 4020368.890706231 121
2967041.707920966962366015468 2011659.968789113451396490778 129
5509775.99595195 2697970.238201224 330
4881422.495691528861930570079 1933805.325989790506320315604 317
498568.4016957603 3006214.2960360628 8
3649665.092323670258232329062 1952768.264832505822924734600 305
9547528.996314 3658086.656637183 329
1702981.0736218798 9955784.61285552 154
3668772.623472443 2619674.593766781 240
9631669.096689053 3625514.0523791206 102
806110.5938842117 8406534.209349515 260
4136631.716632541 9444425.776807213 303
4016013.9764692984 4025805.241203887 255
2749630.237403387378568517733 943883.9104558840909252503163 78
5800040.480795305 5872546.677478397 284
5596504.168893923 6501006.1271444885 195
6838410.289379514 9827896.417229649 262
865831.6011634559 7345915.341934264 159
3537093.888792106550838472215 5800799.405419277658216776516 76
5989923.600465076 1553006.0690027503 324
2726021.643670120930563928265 24022.90347507333415924322700 184
7679302.467745256 3871849.521561662 346
1757836.7084959256 2138680.128339462 354
2312656.104500018 8167619.386303392 118
2451261.606705417 4373169.704597864 295
1624695.258459392 1659275.883714667 322
3727207.2543138145 5630807.273430512 126
3199802.148056287629265233073 5158367.235462931749873221394 167
291081.64862045704 7232917.778760694 248
8775214.142676705 8054429.068006673 186
4433568.762170094 1243639.7997613403 294
113734.34581863906 2402762.735923246 86
3527615.277464402 5383260.309921871 223
71178.87514638931 66457.52535970329 113
4431927.624557861 5026009.387504008 234
5105804.173940103326196562204 22327.7261923170495982396736 90
2607265.8485047217 8479827.842957146 234
5058164.908206627 6022168.179467652 117
5845165.407728368 8775881.549237458 0
5396631.601048563201443079153 676000.2404732972253108516259 163
9039078.943852775 7790069.664815224 127
3746178.104714496737347409891 0 176
9295735.030895937 9227595.213698883 247
2199699.470853525878377327596 0 0
6774860.491808104 8319777.680504447 89
7865129.19133854 8269503.687902744 337
9651356.324988883 9648292.050119221 256
6714579.340591109 313860.72929244227 265
5886789.881921453 1208931.3575977823 23
5050080.081768280773500778647 1573417.989030293010884482291 14
2777191.391754114403525414489 1073548.947066297468936470432 344
4194742.631955890848555563887 1179368.098384021880570739343 243
758487.192456131 1578714.3582929852 37
3517800.650300618047824018815 2449575.726354846685930307951 313
7893138.814575837 2872071.517886533 245
3616881.655227964254606215539 832771.6385485735383916157135 38
343342.44179317076 9193829.068541821 87
7031063.373594462 1745691.1057791102 50
7967544.189442248 2745565.385792118 263
2295146.919495673 2994702.858910513 218
3288522.009746115902493555877 5189574.128628691564427141521 3
5660998.746051584686987381529 0 180
4230218.698312951 5576006.191774889 358
4376274.724105679525223707974 1101117.375380808517404864642 321
6906589.926154455 5632794.219613404 41
8263732.540600973 3580654.42509097 313
1460356.758343467245703433480 4745416.209333175047448956229 29
3971479.320458003260542521072 2009601.461172895391602132733 103
5961191.618527866 9064571.370012756 292
0 5156170.081814405118113122279 347
3675040.7033062703 7536631.113117977 116
1411415.263752256396155379492 5435791.303712936114512640726 170
4521696.175313223 1161903.4377428296 58
7932765.359044716 1160879.1655294937 320
3897287.677214994454512230894 1005828.660074643230680514695 148
8004069.256178606 6220610.84266763 90
1384382.6390566328 5324816.543686555 312
1023102.6481910311 2897981.0356810833 191
7093067.800738388 4185882.8382183164 284
125984.6324558512355323942713 1512554.076395396695792055594 303
8130652.000193747 8811988.976540092 148
9687205.814760327 7115320.465294186 118
5345853.868130589 2366833.6444169604 184
2776646.5512492224 2599699.865756494 162
8395350.939516613 3800723.19782131 106
6638683.245652137 1517701.0235469944 207
7705776.392188514 7363691.03069321 184
314226.9174217827 758334.9739897238 299
6027909.856888668 3521738.0762660345 21
7291671.925079333 6035505.51883227 177
3590379.3095440282 7489363.488437042 159
2304010.971909383 2705992.776561205 236
1750359.041888987 8813708.821952058 135
1846180.929705813982437307974 4995967.378921216360386423600 127
7639116.022165616 6470794.117350811 202
6454846.331538632 4500819.756555396 116
9042126.02304406 2585693.318359272 335
3883717.911122717 8599066.916306075 341
194231.1355906845 9426590.181032753 255
1415555.5661245657 7951893.637632662 141
2818977.589814968951796389878 4453496.922757479218330314909 33
6506958.150398268 3275005.2326463107 87
4619792.274133923 3731447.8487596647 246
363413.8840789702062122630540 4975930.657379518770059124736 352
4187173.9043846256 3208740.8423089245 161
2765151.631356588 1476434.5521399158 275
970621.7204830392 98422.51926207246 33
2442583.194328929556647955093 4249807.774384132199575309840 281
671864.1781160806 1425060.7046883511 44
565703.9842954115 6742906.211701243 347
3047441.541794399 518974.7291749158 114
1598231.648826223751547113009 5325007.188136981016850285403 314
8943611.806803279 5402920.525187122 239
638921.0237298948 2111526.263870601 61
2506900.66655048 1941957.1995979035 98
9563349.109210294 2861451.2728753705 125
303013.2719219444292149546133 987337.3876626063803569921365 354
4465239.8922937615 7112156.399434155 28
5679946.896071408 918579.8708408854 160
0 1947624.530780777038254510996 287
3480422.418672987864895840779 1836318.120934883570852702861 339
2109188.959006880865239818628 125029.8851520345352837018236 20
2656555.375715843225731787333 1032034.494693191070319222072 262
3939880.811370655797928605494 2146469.640948089558436090655 1
761151.7894595399 4088340.3334627566 237
3557301.853853805198666620760 0 0
511628.8177761582660194072226 4955100.406882356288077640423 99
3564277.647268065362509439615 5909827.505616496694024325148 171
9622833.926474955 6292725.464209472 10
129415.4239343459 3966155.0120240217 41
5235048.513086527 3291305.1662572837 189
3280685.1635027137 1674476.0394236525 254
2801426.653864174212735469001 6432343.399022128878731582090 214
1796421.416456818 5092824.773159756 229
1781512.274879576952630430844 803874.8231031866900538005443 31
1899176.997746662092025720403 0 180
1305939.6943013456 5931442.279977864 298
6825543.157363303 4761614.83998927 101
7679534.559299011 9015219.252470538 26
2163519.932257558253020188238 4665228.494878977850596160887 224
390820.9280624336063448703068 5717851.403547081221943674730 316
7612126.932141657 8419012.007895844 322
1862886.2671822743 9219125.698451417 84
9935081.63270507 5158102.049990722 334
3220835.116722808124232144151 1357393.223794400349823328448 89
8755376.386971777 3884304.62275422 307
4995087.275165389478605023111 613172.7209957449640107863684 0
7884834.906259651 3743308.1393043646 39
7169860.782312455 2395010.28452366 232
2213842.3012187323 8123267.51066998 137
9409552.420006273 2272887.705131237 51
9325725.598901847 8548285.910380019 292
839327.0833602317 8585185.543829981 99
718171.2920025773 702767.3686282443 106
5412895.690339246 7971031.980573347 10
2705147.369819959559449080637 746053.2253290803493385085224 148
656074.7558938407 8791674.611048067 314
3500179.573299479198932913529 1445667.098320377628263988464 142
1168742.4954918402 488016.38684439764 11
6974971.635090466 6303467.614231208 254
7564794.52284221 1560227.789087878 61
1408286.0864232138 5795486.763139029 258
6915721.524226434 4184389.1155601554 200
3750811.402236457113516711355 0 180
3409413.613293832056883386824 4244085.467688439529929345481 17
3705385.4466302306 3259244.028293802 359
5640349.24838042 2966936.802098893 179
1411651.8863101557 9373110.461488975 251
9701926.403141858 4952476.698322517 300
6924484.957519104 7015881.030239731 155
139269.20279250576 517108.93407212023 237
4173990.473703875440462792146 2443888.030789040366368370900 245
677221.1888427989981403629582 1047938.882436683936647246427 150
883942.4085428882 7778579.133533563 324
2107333.516898739818565847173 3264699.603228308820274904368 148
1046590.247863274017640136149 241245.2188374526848813523325 338
4669930.457441222 2516453.2925786297 182
829671.2690759911 7708058.315205423 30
4368671.557062451349305470184 1495351.222555972112238743658 92
1867815.1508021224 3104864.1490998287 306
885664.3224327738154776193289 5787637.630307102615937940461 144
9532731.557459509 7397950.643388821 65
80168.20284996478770413941106 1077811.121132981320603271363 78
9807405.270010991 3751634.5230669933 47
3024872.34039686 6030584.10735989 297
4535918.375914125480244201721 1250976.016974778643722662513 201
265013.6446758422 8108052.932774022 309
2550844.362533545 8662302.945861144 81
3060832.858081108111656572350 1485054.683627573375499330812 119
2311542.992732355 8645557.628932767 167
0 1020547.416199649024066729460 9
5623346.689638357 7367056.001118209 152
8237896.816539007 7659429.692341458 330
1800031.922788151233669130068 5116036.887118163333070578934 77
8122870.546800259 9692403.238313787 323
2074105.2908025414 1912152.1661323037 274
2565962.651903692792501211681 4844407.537859018135756313558 204
3294284.862529585927815891493 4130108.911017792813365834989 172
1137764.800450481444558380196 308557.4628582581969077983844 162
3694589.577822603972873586829 1132488.490075218712546091198 19
3610775.873320142133288155495 5592658.846185853304567281526 234
6705682.669237825 1503504.232023074 296
5556770.4874515915 2124761.991706475 210
1358770.7770976953 7775258.789979401 175
8694481.078910507 1495556.517004356 199
0 738818.9847238568078750284262 358
5839742.643573243 5138026.5045722565 131
2378608.617495019866323139720 6433714.103409566411879029615 252
1586247.1279431668 1537909.9224904492 142
8409275.256303513 2793058.699522032 38
9757781.764315281 3049172.168293506 301
2976816.3736951435 7209025.7556284685 72
3244065.2572738747 3670158.572490593 141
7158040.85366682 9749501.369428365 138
3574083.170033962556992262354 0 180
6360499.774384798 5798985.505507739 313
8919980.962118033 9003139.563863927 57
4382572.745062232 9641227.974134633 197
5745052.259901638 5263156.282432647 27
1368519.555433898 4310958.357105447 260
6116739.464336808 976267.6151188588 319
6850830.584037053 841318.6434499997 22
7083766.572355242 8989560.323298357 328
4133568.944662076071288331053 5437657.661589132238741512940 229
2273201.976534367052397314628 0 143
2616211.656900331446003062681 170299.2331444315505015564989 138
4558144.933950498 7001260.317873124 294
4073389.043844095380437144092 6583837.214181174309924239157 277
7046067.865016823 7944195.955453347 342
2242269.164494515 5973111.117682821 292
4603736.915307484884734078635 867318.6162880463866034172525 327
9374846.152077759 2403065.8103986233 81
7443993.462930201 416132.6383125996 356
1974304.232354227 7438007.702938162 352
4016181.518331943092507363179 527045.954815382248977713843 139
1357348.315186924852433029547 4422709.608154456603873906470 4
9508506.203225633 4800850.562665513 304
4232372.306787723 3138601.2956033926 242
8016892.138409181 7822936.797412467 270
2999509.252035312 1792797.101254252 272
885252.6933485236909831048897 238429.0613480378739144666965 1
143681.6329015088323059150013 1355978.088682701152448024501 247
2853998.735615546847370074309 1858193.317975104013254835564 358
4229667.464339601822708131970 5061153.326430790585897972636 128
2663307.763043094432408610635 326712.6360684030446181722421 252
8246696.22590562 50449.32734221796 50
8070671.852060681 5361464.390226715 80
4272251.725206252 6130266.449341156 232
3445037.629636669252683026643 5334530.388610949719007651409 206
4525911.434185214414059564181 1764503.992032482215990320864 94
3761549.000488282 4209423.608323832 212
7863248.186420418 7737417.656822702 13
2480615.7413105313 649468.3197772944 110
3751398.015562621061343592883 0 180
5372147.057391713 6119979.8290162375 101
5705993.656417655 3613792.32685495 4
1935520.5445862822 2675604.6607180117 170
830521.8806813525514410757730 5827700.959337568593303239216 218
2909387.4879182023 225027.75018511945 154
5887983.612271485 4672594.3331487095 165
4884659.788698917 7702085.051568804 23
273
