100
39.90817856264245 73.33928318819999 333
44.89145263760078 70.80017822520291 229
38.670354997686665 63.64362404200853 73
39.709125595331614 67.04128957131984 94
69.830733699429 56.35678364926883 87
93.32734460534007 74.95902420969414 166
38.62372081850829 90.76433510708776 98
56.934048124823 64.61483800219006 11
7.191739556769072 1.526352976399059 260
75.01762116889822 24.228479081007315 116
32.15214630070547 88.5695220707805 198
83.2102637223214 62.38015133705282 129
96.56836982423677 29.462079709843213 235
0.32091113041312624 99.58360108510233 86
47.20163571554957 26.17698460275556 61
97.70239038512396 93.2375518471309 44
70.9838532216149 38.834821642249295 189
0.3270566113594553 40.7308080247962 139
90.1849051667107 2.3113205393133995 4
48.166191409104705 45.864174994968984 3
92.04912548884859 78.66218002206942 29
1.8469319768464554 47.944374011761624 229
24.341174476369154 34.26894965056242 241
55.010415419293146 27.73138311471348 134
78.76836377600878 9.954978148526205 106
54.277059285512216 54.35803513039045 236
69.22769877118488 66.25626199175525 128
47.102203679230705 32.31854568391267 217
59.50160519390402 0.9706520418869102 106
61.67977191594679 18.19546492263946 283
18.982877107215433 48.57110683451392 165
78.26906108225256 68.27771831267239 139
15.158823208505279 38.96335223561999 149
87.07128244836476 6.391686255401085 219
63.457819382151456 36.9002210177604 332
77.07167604729224 91.33823778079787 270
19.884275494853544 16.592118667422284 306
44.728910144203105 79.29936935862915 86
76.5863180819382 37.227164836354675 352
73.9807563982132 29.906031455827552 344
63.047978149815044 13.078945180315603 215
53.18164213376899 30.132433129351433 101
53.081224841675024 80.9993510811985 208
3.989426648757821 50.97297101277341 201
77.44046795321646 50.67391044441371 196
5.1342870529111355 98.60459957121014 347
25.663867651027005 36.25874991951012 331
50.71504527327802 69.84194662035242 308
98.0037237843006 6.0974515705187855 102
21.309517808500832 20.47525982230881 331
16.741188624404156 50.17927756075176 230
97.6790542002197 31.102580237096955 143
66.43000905800662 9.171087074439166 220
60.444730380314795 86.1965613429102 250
56.63046410635707 80.62501488174736 240
3.6746533140938453 8.558971875083465 96
95.17011066188013 66.22644301347697 356
76.44901975145558 21.97979329222701 174
32.90388819404458 97.11158837380106 26
97.12827594333218 87.1120717562814 141
76.16384861293967 0.18712145592548746 325
66.35258139563192 87.19039528277392 84
24.776420822862477 22.071653055478247 288
27.363169349592887 20.67451617218866 223
83.53847516227485 71.37683380766227 236
30.771119829818637 15.937794226323742 262
61.41198010071177 63.356514328670734 167
45.72320230744681 39.14635072805536 336
21.088853707496668 58.74482379565661 163
11.019938939327545 98.8997295922384 148
81.78807394622825 95.02603798105986 275
77.65382208581019 87.58604219710284 239
31.106398541142323 72.1630734195844 106
33.82914151377017 1.310318361036611 230
69.75172326887883 12.56163670358984 168
95.42284323487048 90.34223135268246 316
5.344155599819411 2.911879004148177 152
44.52160842883692 6.994015969325407 213
75.5865983102125 6.692711176380661 109
96.03260762981401 28.36614310115545 11
74.2608801443332 7.470632430047186 116
34.35522235041974 64.58675184132713 56
10.824980003940244 8.167604083387758 64
19.33205873464222 86.08853613318924 101
44.10061909769289 52.16510664434995 86
23.940171795261467 33.94954697785754 32
4.088112537784506 83.53453427657553 37
92.12539300859343 74.91042283915115 183
33.0247816067611 18.838272099574617 145
50.858863201512165 80.27125910636852 329
34.11413480157497 33.93266404782773 359
97.87712761573736 35.97437801804991 229
85.7567349088929 75.60906218310043 198
74.60869664018874 75.07720302449236 195
85.67977138993261 62.082193150652145 304
98.2594331399875 33.74200784171924 68
76.18900136418138 90.00199587387846 353
70.08873053976001 11.431661942325476 152
64.18163847270853 2.102143828840075 102
28.93473049312988 3.2157323480191735 59
0
