1000
459448.7897988178223429847077 62162.1092075515508320910252 190
1161107.503260976209909918010 0 143
5674986.105094082060994462083 0 121
1267139.154521191369137502365 587372.9510607672413091831280 143
3381507.318968371541667889144 1549464.898190101331284312729 195
579439.1628998879625773138917 254643.9611809407809900175206 347
3631353.131646188179267508487 3718678.159115954326033090929 314
8986726.013786944403849635486 9706128.147934603079902123298 138
0 3149371.512298642991414632278 278
2763071.113809130407282055267 2845999.143707421109197201401 151
8052172.658424896711805519340 8164312.649083197875280888599 24
2210728.787451658207366088793 1486297.571237617703076789488 143
634283.3041651301018906250761 1719438.397862739979326708814 42
0 4571207.304771115891576169629 90
3889927.255145306 8121118.137024547 16
2544236.660264951496156536687 1871427.585320726867470899467 263
500750.5190944013511559748040 1912222.121500647788071070908 295
4165033.879128588 3023982.251574813 24
1253059.4161574747 2284501.7389102974 152
4854903.635413591172207603894 3201012.956489486081988991364 332
8565471.784428111626796017150 8651440.422544231801412875807 75
2147188.942944956979404078226 577187.6289409632428171327800 201
7294475.134364355241803398148 9818234.450059196498903044908 21
2983125.494802025095547117893 4202905.538409662118934915804 6
321676.8927000731994017800610 2960917.413688255249756169580 149
2139751.983222386188971023831 0 55
2855920.548532120345242163020 558246.4954360991325237231252 264
2913274.422581742999095556772 229700.8649572066541768768328 338
2107088.8596037542 2741853.2785310987 67
468175.1456542445017611345994 1339320.122253901449768367775 178
5253451.977786872289199177750 6965537.062209085078145587634 11
3091672.545131784 3944935.408744933 129
2658020.060194600616852896426 1281695.054859321432323871985 266
1359680.473435768748438696429 1128.191573257583068737926000 162
2341187.860370128033903357732 0 121
3600689.402206285150801432923 1090109.820320254047280361836 72
8693828.178865223044303575866 9130473.008059882871106896797 39
7983877.753011937063905378969 9448993.087411287619644695529 329
6125704.548598913676880519873 6939288.843436748009551183502 82
4372085.807295909 368384.0558958318 284
6107499.033223541969093317539 9488849.092518005710760533288 89
2024949.422902072557043056253 148384.1717148045850237324521 132
1794689.199697235426054726858 1974620.024509568911837797039 335
1530480.530078064775328485091 2447230.848520699148993852924 310
672031.5602691812386057201505 34789.1143581912453349748975 46
414322.8477647867049196782065 2025941.384977747260257349122 222
7690927.247922699033259787907 9577942.658769248001913945709 313
6944080.908727588 1209445.83606576 55
5510001.401087801929373935967 8963704.579419248468403532625 263
3591362.899867769364101236646 4684605.985302689546763489989 156
2137810.091247679182418357526 5015552.218227917287363399039 32
8579413.658427945160166933965 9247942.385647012373551670801 26
2345923.767386950955762165022 1424502.956711420932712553884 246
3210794.971955630967872591948 2107839.825424297140299715592 287
1561947.2274680224 5020324.579544512 286
3491802.387768853477529665717 3291611.381313774906727373557 150
6727735.405072425440306483022 9765508.452226684156524517789 32
6632666.769859652338865623598 374519.4601154824220516393008 174
4875852.967169601135633921415 7277783.168837889723747804584 312
1234350.287217696679271102328 322384.5192010441235447574961 36
8280803.880942721532883456400 8926837.958518577579792191580 2
7455739.036474597569967236458 10000000 220
1181036.612589092660638053679 49194.7264940319468062823880 350
8992725.979937251577596523101 8445098.275010702924433811035 89
190907.9115795754498307761569 898433.6123025544626414743762 312
2090280.996346902648436305883 3821607.665340853997982767219 234
2647021.8814298618 9311290.746589577 292
0 2892552.616596666277345426074 14
2164907.185302649853937705058 239841.3824206437601421206973 16
4566509.582043566548824421726 2831123.214341146423908340174 312
8308539.712902759413135482927 1449922.544024613178596231903 336
1459427.265487265665800026234 2116695.529872114921480688212 137
8444659.390287671 3413059.4029720505 238
9013985.659412832056548526016 9780461.068656840760218634904 161
2145390.754243179096893174678 1535533.310787617983259491496 15
3038875.761260321648159569879 2907730.066703904253267523763 302
7816328.051403934389369190312 2237625.861517848823459599696 302
756395.5821974826992879912973 0 34
3495187.160622496942918876341 1004394.012847834487639619833 309
2064823.647327633582079893122 92131.0685294773576806626634 290
6873599.128147934720016544420 9119471.359225709005009310896 241
3698201.775846611918877398778 8439572.019181861215332016561 292
8693957.451177735476259510701 9123349.493838452665853286813 207
868243.3543099955337521388324 2543881.913234285112756004542 359
591843.5810360433914179886374 1634925.288354136427732761362 97
7946373.489460112193721209169 9530535.914803276951091815312 136
0 4410533.040853631275605108303 15
1204525.033005561444036280044 3945854.018672892659390536458 350
1474142.6737141504 2235617.144608588 351
3021260.798308985729277069412 2146682.751549498709727852083 52
2814700.406313383796360884013 3619754.344224712151432564011 76
7404310.788105097 7331023.601078492 150
7283102.220790388 4288863.298346262 294
1938151.678707008339138205152 0 93
6334504.734041479344848133829 9868117.687345682543016239012 45
8619747.105796220663283051635 667693.0560102995731374223536 276
4519136.739110813 8243246.106861171 9
474044.6756105051100144592251 5296913.096926833556919860631 229
5399922.746716039796375692209 6695744.713029838144711775389 59
9872479.820273669195969471593 9355446.747768403348397147426 125
8762282.175198143282383332473 9908218.287917691301959135061 262
3316809.102917554 3225815.6818476957 1
4521869.478725655673383177102 4794514.831568819289162955378 223
5407504.062536724633375742405 8128930.746313877266726507630 349
9839304.127537444 6859334.421452221 86
6963067.113961502937634883874 9408140.435533399902499857118 76
5150279.320579350803961804157 2149125.307110619526127402835 200
1733963.525123096908281165954 799434.5153205401488622026403 101
6097630.699548952466218582377 1669000.335626052696815041666 116
2892941.715218603147725617617 1022047.997637886374446031092 233
8172544.920034014 3130643.015839395 221
2599246.880651643482897030172 868709.7071614710754550571881 106
526144.6840912313498704477017 790614.6446328024358942302183 266
1655931.866692488348988004959 4338142.203302819756545128950 287
3159985.471813015566611763936 4913264.134215491284628602377 148
118555.4597161036282718473318 0 107
9640634.107643101163246996815 8680173.369529521877867855180 42
2797580.301858003251477872596 1477220.429244652637477027721 218
3560966.411990865404181476081 2127336.660966737379408869914 297
462596.7923348384 3807541.0899172835 317
2352909.179557321681226890730 3166653.805385514288740625285 171
9718170.425614520281020118472 9959627.274655527677546065523 213
2430175.599968969352294147227 771943.3118295642000091924116 162
2342680.075149800136211939927 5754439.973073212045115779729 227
6424861.709438360914651292270 9475608.341250912429643117604 125
445740.4162028440827020033037 451433.2683178694647652904384 132
4343466.143785343552301227782 8026449.301765501962350254159 84
3493823.754231825988657473814 3385192.699069314313537099380 100
6712946.755140361301997381100 4872453.191912996270805354658 135
3514030.974063600577938033591 1382616.322962571475489582162 153
7562714.974457754912615734340 8424026.693093036649660827578 35
188575.0360287734709401049443 887175.7923969514344372000592 348
7835064.937718474696500497290 10000000 311
4974407.647156900280403642261 200218.9829498805758130144544 343
5067693.887408562925771868417 7889093.561641894534119805195 265
3472337.633568784558632728980 1403860.141019116883625865819 101
2183772.836010365426604573396 0 136
1903944.157229019896581619268 0 180
2062804.837071941037612803672 4991683.454143373400657052990 111
5270957.829992058051420957400 6089121.684978407324299320185 102
2547335.127376226739457912054 582089.0549049912435844819239 161
2906101.094289245360423364293 1422080.184210600580790392308 242
1517595.9875520307 7847081.612751362 323
3996156.769302982616712518460 3440327.243024881037415130713 187
3026853.322884073209382883186 3878402.758146589725463547245 55
830496.4566338469 3727558.486810042 174
5206191.286941396207612413979 7949302.111573801542441257116 299
6109690.804931804112346218743 9614415.609587727325406867357 235
3104842.820580986628026147072 3746252.942194713131445410832 276
8882843.148419045430702710613 8985758.889117266479545634994 287
7489006.825237465 8546078.789841956 305
1978623.251461850215284734641 3128097.812567632654070846647 283
1674591.955046260439911578733 232588.5590999021797570992489 251
2233766.756515420916339366670 1462519.312898867219602730615 290
4354208.821469099794526654626 4638168.739325325157338975782 205
9457591.205400461 5432044.37156067 42
5530680.360152985008924022496 8104987.699504788977466499574 205
1407116.686457144888843798599 1315818.332812694906252820870 156
3489151.083306701654427751080 98903.5124653219664409191133 333
4437787.084996241572688745619 3236148.728685975515341793018 358
2038444.98920296 8309326.900887062 289
6529452.984110812584005982036 105150.8914578579948235025836 106
1964695.234048474072308346667 4652765.880344083349546815077 238
9686881.184633236727503660656 9656816.985179020760679185499 42
1788966.714531011382832891256 4641186.640621647562091664550 52
2293534.843640037245389691856 5891999.190320747705001083603 242
8769096.239820736 3437133.1456290986 232
430194.4619822909318878343979 1898630.675910354724515694718 194
2343330.125253422343158660980 3636277.855679222651473411641 109
5013199.264720302467538048623 1100160.723883140140791307181 116
3299383.542722210691364728783 0 91
9602566.06455693 5556886.370281669 76
2495386.062343149022794833344 981961.8483302965842412611646 48
3810594.677484248748586117869 3268950.403119598253564984086 143
1596673.602686859848070493101 0 152
2722466.723322919079432640432 393828.2377025571247625396005 269
0 392753.7934717554420813190589 41
1018840.385868165728804972690 1032917.683178590599159677117 66
8980867.411360303 7588258.953842632 212
3382579.3289425643 251040.2157436875 9
2491847.950389813468082053581 2324708.646253919435359190319 297
689989.1166951709844592423958 977437.4501472270011388175905 46
7390889.073531657193408490561 9132213.626492382747329645583 98
1412621.621394132288802231047 3761355.003283460568157092735 26
8266767.160541976621288548746 10000000 275
10000000 9701894.780078188796570983953 204
4444083.745348995064358649595 7190477.750677571464434264211 238
1368946.968898230419708219157 0 180
235356.5300526630627397802119 2202797.776721590446663224244 110
3141674.854832046484278408448 0 0
8974017.292887849594930575062 9245568.748866418686028915671 195
2125021.539928545263694464453 3783545.648854474254713229881 221
6519419.512254181962620475924 140141.7661325429005410229281 53
2981604.120204071377701017504 4289168.577633803755481854416 275
1409527.061309935526433008444 4879468.440846131495343334392 39
5585143.744034679 3480168.449554113 32
2396904.140952116432712441287 2175210.677611474474661660268 228
6050949.564129732176070243020 3860312.182422928035825880156 63
4935290.870136055892724766021 3252775.979931579641047473495 202
10000000 9538715.697437825843845231589 177
2557353.449883165526664136193 1068198.130535442439726731073 293
5218833.401206832771868683943 6074175.245538930390481600493 16
3317608.204289742348270253605 0 180
8873003.518900983 4209172.45757162 82
1052697.348814731453082014991 4105886.318648357707417624164 149
2184748.611223316616126848957 5687402.043949304132311297761 23
4772589.9810442915 3496141.95474523 51
5322226.366254056885420453816 6955533.812004758230077009449 167
7597346.713038547813672999511 8501758.735350853169896498668 172
1420752.322900160082129109326 3314292.947421837946866342632 87
1056079.037325653227426067898 1109040.621549799584814975899 164
6969548.068155370204087529896 9912197.750730674257666314720 6
3531413.584184779660120731745 2119504.781819186882272598735 163
7075642.536479016206341949809 10000000 238
7884227.632900284869511707349 0 167
7960181.485698638681963771798 10000000 180
7152284.811925501968854393711 8660201.794509088276860351529 16
1934267.552424958858927835718 3427747.196807189661012841623 306
2140851.035939218973354327177 0 180
0 2629182.421106396735261300145 352
2023794.466692832559749868123 4564276.791076195252825891441 124
499909.8469935446727989877712 3080987.762630353259882369048 152
2229424.798808424612569833722 3692242.542395008503045717629 67
2728730.491638488655666280826 5182742.154184817776657113503 197
7888686.534389462 123005.84150999105 246
9809437.359924766772703405044 9767167.061065189419411571613 309
1522042.985747462065132894448 3496340.286459107412898775202 299
8366764.335820121122714567902 9388349.810285439120403530982 171
1259345.998506541358237018347 4904525.520454670965986033242 305
0 2846051.202997855586823622058 284
3282695.457387069399307404715 956059.7685410856501510804398 90
1991637.550028335522036267730 466359.8484202864366939204395 292
8095866.516471663 9089699.64392038 175
2391745.465355741297836761491 1879670.350629609445002401941 89
9549351.616982063 4689680.217378411 14
8950566.537574945 39692.70960721083 25
1153833.737616198811864483659 4577072.212986705337865760338 223
859295.2340683139526672084158 4514317.856936570737107911260 345
2275864.057037269 7444391.53991026 259
1469876.910108538226934370829 3982928.387870544520151403185 278
3372498.169398748041450570650 975487.5645828004904982613354 285
2546585.498163162883718920653 0 180
1389716.715261597914429283830 22923.51425820207476794554887 186
2236989.440688863555111601912 184114.7847524714139634132544 131
4754393.455829040421503104554 7585783.710235292420224954090 133
2259336.298785299041767227232 4945984.072358696403063415409 17
8812425.844192054062667258938 8951151.168450698578757137671 77
524279.5178476740644593204048 3947517.993218180689306430362 45
9162260.742884205386777665835 9582619.751521489293454856135 125
5705266.481891198672173103940 1933653.342140423099271230265 326
2887084.716602416217477578795 251962.4293670204802621245183 191
62284.4079632989196027056969 1443118.924846438616812759118 262
5495244.688472134810918829762 2388991.198042315265244526834 347
6366381.979888152920915896592 8091485.540513290833727983588 236
8864514.026934826692505636213 9975632.582413573653508225585 178
4903554.267173562 5258607.791261426 307
4457593.279988782409800245838 1897008.206643942257359026539 215
2880759.073483199013834171404 1561427.590363033802358799553 8
1992043.141635913758208613417 3905154.234988379064759082763 338
7256822.189753998354759937085 9846947.924570514417009267168 203
1460369.403240895200076930751 0 50
8405959.484267994435592918917 10000000 180
4862041.303665223618437578315 7256515.072115502242470152198 57
2316413.777442743 2412099.425199706 281
3572613.753649204116669538687 1267049.831538557488253582026 108
7322983.304261272088396618721 8680899.333444625280417762020 116
2958919.579667464782098519335 2294533.763951262853061431364 298
7426547.656333129102445767169 10000000 307
10000000 9002378.313386361426099177619 90
3812908.893508428029452756558 3469048.066872255574311014793 10
3468661.243618545751338010758 9127790.498061369361981127941 175
666927.4405529372262181677644 1645371.817646142301161582862 237
1854843.900202045116757332859 790871.1734403940607945391736 146
481052.4248354249820057994316 2537246.845607819177259113266 191
4938021.314077768787367826618 3218680.164480337449167930021 192
2075028.200462622722737353443 5478688.358024030617048756716 222
9540140.931943621 7301420.866164057 324
5045781.553554543847483029932 7004398.413680297535336482730 176
5398349.024134227448533328361 6447915.389753480996140676723 302
0 3282008.493426280568104851261 290
7947253.34366427 2892897.08682378 205
9528687.413666913 8318349.219318871 287
811230.2385179117185627848898 3391620.468198377553506492915 334
5500312.920501350081253475871 290704.9972345084237601563820 71
1282121.311740346388647858620 150279.4256452856430736225639 225
8291502.158141109525761695641 9291016.012488104898698505984 190
5875381.779468279661165907297 4365954.491658894130460878066 193
3728170.581995906051849345533 1333429.558198693414427726794 132
2371199.031410674703505685471 298994.6174117859812397349167 130
4965875.269255479364358649595 7190477.750677571400533232254 180
5938198.647419380718424988690 7889102.820442773108562122424 15
5987404.372179645448099828506 6833972.434759875089543349416 83
8046110.551436678997287435793 8113626.121973956508910534120 46
565638.3538017077716038209868 1773069.710913948900180130378 322
3364741.746640703009520216781 2586318.317184423508817657692 75
2614607.352399370537257495947 120823.6346276647405878581765 199
1310518.794828202941803832095 754566.7157613698580061297152 106
9242890.84978213 7219310.401577866 52
188713.8766159248105151707532 887146.2809191262985678605259 79
5027280.952825262 1007992.433021514 73
1023546.146008028185025582231 563490.6307292436552447268959 244
6610726.365210325835489438072 4933873.398683596030076937527 329
615009.8201343990172718079010 1121288.522769471601455481130 78
3323267.079781738882238894202 2752676.885242232160916632274 358
7084853.079617001816695769357 9062101.029174490069089426522 90
9110145.286268739347872849182 9327759.074753178476722485305 206
2048082.6831414322 2487281.622928947 347
1356208.256803974035986558821 0 18
2101047.130007132 2223510.855339639 128
6294600.418934611 4715869.354481494 30
3586825.363219087 2748628.4398951433 186
6050949.564129732199268860268 3986599.572735701005825880156 270
1952972.159795932457063966584 3628838.577280949845406297072 230
5295785.384381495490609614948 1379776.651312500219161287582 170
2224482.656003788588077246575 2830153.639694110473188016605 253
1707507.268751013488152457734 457000.8806280085490171852200 339
1170457.113133656 2655827.2941216896 356
7183886.391531227926224543362 10000000 0
6063723.083155779718813841839 10000000 180
634515.3713642425493794033717 2834522.463857558598338037698 158
4909848.855340443053239823973 6083527.351498829149154818071 260
215597.23483838278 8306447.422578411 70
6874044.416924694455904716714 8103091.902600848698906932396 52
3194756.503601684171454712099 1748389.697386084374155414122 185
6000053.113757133 4349364.178935396 101
8749525.981394367 1072383.9453569262 328
5068172.011029963262655407525 3087616.149699138089875602724 275
9153296.536780391520677191476 9822641.699040277144619600342 165
3517662.616040618103917758972 8833499.220333126575356735446 14
6179990.314344367 4987875.527609057 22
6060645.477927281731714751891 8022955.580474092706831204277 190
6101300.867820118 7481224.481381166 335
757131.3150726631735017688079 17259.2794087665514437540075 94
8621193.624655256132895217572 10000000 180
2705463.9480518214 8639524.046053076 195
894080.3552510789790534558192 868492.9201772456508207152385 293
2146101.764758329510552880182 6050772.278239070265192673844 290
6563705.815157675534149691182 10000000 0
5096352.787720099391825213076 6960959.367308292023583689465 258
7069890.220696517391537600754 9836584.515287260440350752017 143
719594.4527307858440941188401 2528050.016072401201765324438 319
5511751.855879538770683137974 825704.5761511182669581334896 272
8309560.466316939918943374832 9510870.276784108871837017962 291
10000000 9372147.939881118081114265530 90
959396.1045431293294298711975 6391613.290395619958686583016 252
0 2441132.337120043380205976732 52
2376478.591611939373071350111 0 180
3118893.328804347904792681434 1458041.089607397356385022304 41
1452587.060687546089251082132 156146.1436867417957834281355 19
2175232.479002405467256043236 5013520.829595573830928150200 93
7564666.886546130792225838396 9429985.120662136966332816934 95
2933767.849872178344292708820 1940553.538456819691995882419 139
3165943.018018717841973605862 3164923.395547178666126503048 312
5656190.178040992943133097774 743405.4241634147304451464887 30
1381739.546377753046752414266 2462798.612710259882086086526 277
3016138.015623371173341925711 1580453.859892540351843386951 278
8402494.912967770909046169119 8320286.165907644119924329278 178
744105.4859681846981922865044 904784.4258153883684737930731 13
1781344.098061049350059332962 73699.0385712965923990085870 189
7512875.009066260487171702008 8522263.450590225088763187089 337
282216.0250682090165607475446 409757.8854217129575154043529 315
8535684.33551124 741233.945185702 282
129061.73453169578 2087168.2650286683 87
84114.32085177907545422634876 2550867.020490983514248666478 137
4360715.272244213 3512561.4189710207 33
2005613.931257709982583297265 2114266.298254115621360852125 320
2190317.600370095648466023788 2073792.891069764108507308861 327
3096248.162807789825415342194 5201853.706867130251305021888 191
9298437.319127656597931515277 9670257.694406091182761014671 231
8986314.773632001722788257466 8911839.395469000628830276492 62
2874254.492770087996447307413 2548019.958829815042019876935 292
1897511.251440373818375940816 775465.5477223297312093137547 284
2816174.872187885857882338751 521465.4903327658838456353598 151
7964884.702946727499717263534 8901544.618013880167799455537 220
8470384.039357992 3868526.922669604 346
8968938.059882176406134015249 8950868.133560715366718220903 294
3469715.269665136906688288002 0 180
1742594.339914585233928314828 1654576.435686952740356326598 67
3683502.191954126726251919730 0 106
2001369.693978341431831275526 1219324.239068901596337291635 310
2609420.679782031374224180079 1830377.605307270760861214252 71
8681537.189646007736411064428 9333687.862485677271343081154 280
930620.4059923897948780577537 1226618.444661005297064949303 166
2127997.694956742932049934438 3958961.843568366832084050380 93
5336851.480782659119052866580 4715680.156792259381847448491 327
9598038.119635194044802231699 9747390.115502157636318560014 36
5756352.163528243525666666841 2177525.878950097830394708157 344
697999.3211249872267763437523 5587116.713399039140880782654 323
2424385.440784220271262859231 3572312.913386778114932991976 295
4925578.787861646 6282721.1554002445 328
2721299.777033567828184335703 4987197.602759763626243959980 198
3606038.773823175436499798408 7077319.198718794426283004686 316
796685.8912487702502744968423 18051.69908481221075941226945 129
4030692.802401487750054579612 2905655.615970005367542633158 331
2496572.225005236783291243822 1647326.594679449387539848449 85
2326152.416901736836248113116 25023.18007248457664642257590 352
2432742.648194295 6163903.328507605 51
1558416.2749151143 1324246.4060158732 7
5722838.060117344378300865459 642210.1382712264767678936226 139
2232557.591868432878675210478 690475.6524235927268579877413 233
864328.0902427486822388389976 188872.1698535924443790489591 313
551115.9706114225463607742263 1768670.938562707355558139713 118
3750183.272007614033618576794 2516058.857800123579206041360 353
9159782.818220966 2166295.5988141587 77
6468530.014582873640660362472 391770.9282578377771436499784 282
8092119.982049126501479311540 8331124.697326271279721445561 64
3470055.670143588353668202466 1085826.723503785249874329895 194
1852878.322000523387504092742 1473833.840935021757259589697 260
6143836.147924695 3808490.2307823543 124
2985382.819091121352713192729 4245977.851718436322489784500 267
1006088.751391102809692554647 1123375.105374295356287306386 129
1676555.979405017240260501766 2311489.877164750769100682322 14
2351319.596268275777708805944 797565.1805981345013273227146 52
3035278.872407313167345079265 0 0
152460.1995085857922456184572 3103113.003776259074669126613 322
1982343.913609861463076876524 194517.6492836518104953168009 309
1933301.223937386403358257102 3605395.668801837325467827849 83
2884018.112709168493040919111 1446780.320129147393729286532 38
4944810.412069023384644872542 5471361.810943059841567397772 238
2795885.185403639735235919446 0 0
7341220.354422618209950451204 9938796.877351588079320960963 318
6073846.604319353099846289112 7250248.265312873134337750429 146
5674349.332874473420267956365 8992683.554016873031139062351 190
920904.3925771960791682060436 3122159.869607451016135342559 71
4367619.465295988788293465477 230804.4338067993668442046570 296
1755969.054896126855632250199 1947715.883078757034482912530 126
7008415.377585395 1395767.383075731 18
3050608.389816340935885925878 0 180
2683049.564335978250760397874 0 51
2111555.755839898360479459416 362557.3192273507806372738186 356
8942418.735901038629690910481 9308849.314036994646282054255 318
3483979.489707368173713974804 1472382.814294036103361200892 193
1510469.00969954 7791541.423141356 22
9218813.376885939839736426536 8505943.677007578526229517387 125
8258717.3914135415 8473023.989874452 209
5855040.872580085607832756807 9409107.492742363884717394346 40
7862037.820830152 7270170.852007376 165
9468650.126216386670623486647 1157807.443365768931964677862 210
1519138.273153724789954392133 0 180
6628337.304317691528078155281 4868148.479165905594683472534 105
603120.5755107298601177671512 598963.4384709376570615859563 359
823104.4667083549145403736979 2710076.139386788952296851524 248
3539144.0399957253 4773032.181830338 167
9558700.859828219325540832657 9564048.037821369532261927118 282
691932.6174481245 8776172.114831226 176
8469369.671707920950201632813 9104601.185268294800071847589 13
8218998.815864770952488288656 10000000 244
8744551.903995789971504854226 9129561.711511840201728563083 187
4213702.333996685 6010257.811884281 140
6864232.785715074 5411674.868705769 204
1992223.397601614096625203477 395595.8777245666087015834733 49
2163637.713550009718355602563 281908.8075849665850144761081 131
4311792.147553832439721596357 6978766.938823961856444159652 2
4280025.204080437506521912823 136871.0889015135583523396626 47
0 1789396.097798669154209673338 90
1933503.738273606227488256777 1739338.794339497126010950459 219
5069754.690336631 269968.79852140945 200
4319717.215625138846152293709 2745446.767629310261717430499 116
2583037.572828133 9774914.779010966 294
7924998.696184172903623231518 0 180
1950780.748073076736718371632 4672524.080467817176595268900 112
114401.49487253914 1787161.8974689562 96
2053731.743797991526717625071 3880230.421879788266375979279 17
1871995.334702757197334954292 0 180
1777660.617800527453181084367 4317422.391006366756629341405 88
10000000 9530050.162491294181127754339 270
1082237.848699174742437979160 0 180
3450128.369492139792752816468 4216589.100980236471412132190 290
1298734.8279467858 3015772.842014782 301
1351392.0155586235 2124383.1486729993 212
1806664.019117105155418583142 5658953.098019242101538824486 119
4219356.775626068012271168090 1730193.210412439208672406397 353
3120207.773391463564219689622 657678.4387029319517244516286 330
5085029.931692403356429759071 1890282.177534180279544279553 4
8485898.838928116018820253884 9017338.335910778266795143274 258
4385745.000830004411547199368 8428705.756396381404964744834 155
2562988.085266324621025903350 1638602.745169395525500380450 176
3650113.621246559206079539382 1481208.630183340816665271071 252
4959993.3690878255 327630.76709455554 313
1208122.750930000371499719823 1111664.158244129427263055008 135
3130612.993538273135618305116 0 180
8047243.434107342466209021071 8081184.606877011534267399684 92
1818266.286052378823428484034 2961939.306484929806301278715 292
1907016.807351176105177725540 4002487.647104789949367738222 229
1605436.084779317642017796973 2875493.345388897448544809630 211
7782762.776943096896369775042 9527286.568811652049070218749 141
535960.9448633973305716781968 4416372.874200631968293177656 123
5114678.273949751839390867967 6824359.189830966641331349948 307
4748310.948925838502896584482 5167400.359670575325440179148 295
2665978.581865293989359025202 0 180
2724315.233039114 2691057.052700194 216
8712834.035498789620572083825 10000000 180
2200917.098140263332640388075 4167820.186011693233720490766 300
9814089.193979703 8329794.269371386 102
9956370.459182468750224095599 10000000 180
1486764.609478709629486290459 1607438.115196179268923446260 341
5158938.19073609 3061681.96142929 97
4607876.814214659311642411346 2785180.248588085948479059123 55
1592484.495672404599280055638 3110530.085814778623536330697 35
2309828.172558173528803700479 1793592.270857989103158133247 7
8769654.416767508243177250546 9575738.464079823563175794259 90
6059436.846661524315713874326 2258737.175033903143380101974 195
2506047.500029986571505246745 0 180
402781.8838215644705038148855 0 0
8341002.845864453056290385303 8880821.928385925289957561896 57
9180456.771564716894764257241 9890849.432824247602694407656 151
6489915.224593176 699975.5227132887 100
4105274.448540398543042208310 6595212.911661135895361227505 24
8335664.33916064 7065820.125627229 330
3070093.685565621551175230627 239090.5493437649842181325566 173
746062.4288532055352126849686 905236.2216793891699549079732 184
8854527.121413717784909542361 10000000 279
508488.6985223519231562441389 538122.2875789366889540712845 288
2678027.411586516420702038195 1383815.474468205231408014616 120
1161225.056364782643455116236 262476.6136402767784653165628 123
3155419.537566793233605337265 3762660.283331061539349405826 305
2803420.376922533 9205896.844363872 292
9020377.269940732618245827625 8535905.047607139909419106095 358
5561149.086526162960393028042 6187380.828577629065584370492 126
5796456.285075837 3946962.430234073 11
2020132.934605263802880366644 2308416.390596387593751772568 112
5904502.979013480996533981012 8014856.766928584514507493323 285
4848094.441649682225747510690 6925937.680614078172745244069 66
238014.3813818765604209235620 3011186.922028307181892418089 73
1152209.425282219113395086210 2593117.761934299331100704297 155
711759.3242071180648905321334 0 12
1042332.323813835308493400521 1738034.547044216037479634402 103
8158685.243746740966170894614 10000000 0
2448498.5121226334 1508815.3203673994 16
9308599.048908050665062854313 8991740.385173054064277239046 276
7728012.314918254322723756883 9445952.799610030937170219691 153
2442407.588688194497558801409 5503.004417424277999354975838 181
8535777.858651696 7958736.8695610585 333
2456491.283898399627099989330 2505949.588980973817189142288 277
7356013.169117326552599084523 8535675.953055227823122091055 122
7553220.339780363184472020968 9392761.243057139740876637050 191
734731.6016841139574048696187 2471697.266786202978229463356 168
0 1051970.461729546194098700324 335
8392952.029862302735327309182 9293627.826504366001651025477 72
9413415.321601871367886233592 7535460.706746009823654705095 167
9656616.53770762 6073464.177513062 295
710689.9916483160735334428436 1010547.177910361471323088598 230
1548430.816939650307038699428 36809.19889673245430005315170 185
0 945154.7737472259159021605054 270
5408414.830242933 9415883.177075379 6
4978634.983170374532511196874 6989142.708856012983732317310 328
9007831.093671484 9969462.025739497 113
3529537.408089594112417229635 421351.8639226748168242879071 175
114060.7593648331041461577572 2968629.132625554527684350848 279
5877535.495971187879075316909 7516395.412531653256093082052 11
3424560.001962956803782853882 0 146
1515182.699498399706534019688 3933395.450066841303199890834 349
2811916.529794001491711909904 2809639.996795837919799967055 178
9760776.234166702395258363594 9277211.035015656005736443344 228
3730265.803209205 8620921.267073145 97
3503916.520129611839518681052 1478478.176191290703473634851 197
3422699.509493716603835065232 1422290.575830565541779821581 314
3392078.580815618884768000708 1695517.406147778871896444920 165
7806215.996302934325382624514 9976350.361789479203173046522 172
1985672.982666235210608941732 3677627.086574382199157616696 217
1928701.68952325 8304064.710368256 249
1603375.638875245143322309848 0 134
3937521.466739575475943528430 2275617.856718087365118420922 193
2989014.469783650789200799709 249045.8252519061221140019970 218
1387607.362539740021206023277 1375861.857854711332835452649 288
5545551.95963582 7517087.8606718015 328
4478848.274653269342685935570 0 22
2928970.2610465717 4436376.94091997 180
4338739.382534213 4119532.380965638 71
6280917.801550140139023867384 2027109.102719694014759301212 354
1065620.993144352855296742850 71954.24642856293327156535670 44
4197528.577640636536712945427 1083867.485088663007076807901 152
9018372.445383308 1702845.6925204839 345
8719232.512067276619335576161 9119907.065753306755184368990 28
2445846.247492064571086228883 0 122
8706475.990875899980945524920 8204906.014764822382885855139 40
5036582.125361726242654346536 5731410.447713903936536984856 62
1721190.403222084814057381981 5240780.124679820991967773482 305
0 972771.2065736868351101718300 270
9176154.039437110600425113605 10000000 180
3282695.457387069426010632720 1392156.576596452800151080440 173
9695653.844823299863696129312 9566391.141530158852563643461 135
2190317.600370095588326232996 1091635.572996744008507308861 90
3740296.986908891458915623261 3874885.635850723031747049678 92
3345852.284055866101688958114 259208.8478135259788308785363 201
4576313.396077115926243822330 1807749.971001057159413544942 185
1768308.118091761449466216306 1694172.181789286413960097713 237
999088.1398249344548429718226 3896405.576305518280234562754 5
2158886.541422052843368641176 1570137.898922462514118681244 132
8475005.063960725442024669676 10000000 0
2456576.701231161683094062947 1580076.232587138812714335980 331
2140632.706436839872167671452 2426357.766937539541344449969 74
3353981.484648859124270217189 3479084.434390975892070059788 133
286633.1950135493058610577233 1950882.703880520410615803561 340
2982507.740220627381063241544 1522965.280025618817316232387 325
2596609.615093401210034332843 1090862.688086924439759273800 210
7630363.893956231588366170643 10000000 313
4087496.881586731094581287046 2474641.954361377988012508230 233
7084853.079617001833421502144 9335252.974676684939089426522 7
5565664.995431376 5690974.06755805 191
4542036.323181675982387997520 3597612.905098263009783025340 259
7751061.051363335143808159450 8421159.474062481142680021719 113
6142606.585489934887075042679 5442793.361563422775276373005 113
2149640.461471923 6677307.650629741 258
5537128.592354808078625005501 99009.9229515098329293626372 212
8008838.670445862 4161318.787031063 280
3305543.120511824372246114153 444840.8124261251463002042830 185
250169.7442957307 3978668.6685482543 145
5498333.102874085078922238997 10000000 320
97488.83878805109592730904284 2455044.827154190062387671426 103
1235812.569082901719245376995 323446.9291640465876309087784 32
9254673.952349870811626511359 10000000 305
9021090.29935676 2559149.736469468 240
2609569.051533341730255653401 635988.9668044071728257352683 242
1020673.0020721655 3826084.79907985 193
2418064.403304314165120605982 3585272.960814596318823786912 296
3340421.929245988972449040979 4240458.906915047846933915240 13
6965622.875612730036601086483 8348193.879367877360753747157 73
0 820415.8465629117908968968812 270
7191855.438165568954787351903 10000000 293
5953451.669302064532364887573 808076.0719221817160832013052 139
7218079.919651685756984871553 8679068.238055075169766613791 1
2494479.930402291489155864837 1532055.824862243353949135901 308
0 0 78
9875786.628508178455924382268 8265097.468454266214884234762 230
0 900914.7542902668121307291850 90
8800381.0623775 3610470.1616297197 142
7378162.969164400135491796629 8188731.908426715044548049488 55
3157687.311124110503519993583 870235.4596537685021935960363 260
2083394.173762218598378113849 3222750.223639145416714678911 216
5972149.857076784725387711640 5844364.248466119449428213828 194
1425610.311382747712630466311 4892492.399956977238218592697 338
6670768.596291662167413387836 9352066.253609276464298324244 176
5041953.616650352025085136365 7594880.920588305817954358632 242
2541626.294661094983401079225 575471.4942824943968398146549 261
2184554.866445636 4021063.489833764 17
4853182.267585889 6645725.171489969 171
3933672.619681883474562661210 7856761.229242338827666014878 231
7308586.507830822475164581546 8611574.476709154773482334204 355
8237145.005751211955593557059 8939808.308226348283820231528 188
2996852.399815469901260505930 2244579.490845437148789760666 284
6504136.000291707293507357583 10000000 304
0 1536725.192445853372833483329 270
1873552.149594361542264355955 3540633.720023223020815031987 48
8366660.089810651347650131407 10000000 0
9640584.463820067259789167351 10000000 200
6275753.134994173829547957779 9762126.996965784324738254228 61
9258526.749568773 6017023.471151211 243
4645258.157205241768541651928 7032405.737895791358386781380 351
5427882.030657332254234292584 6742276.775634543512121723854 128
3386834.392782786709094635262 4251174.068417469495737049659 226
4679982.799404441 7010224.12964452 271
6638773.242384157188610670672 9584601.711227161565573491944 207
2487021.618577994412989410497 1518894.066636135257542227903 243
2124791.657669172539993674819 941220.3952146716276941137826 331
6147691.347669412088277827565 7568908.390500117703630907947 268
6884735.960741707 799367.9681903754 101
8709233.392690454145416775284 9311259.700685798126709704049 281
443114.9300502479593429193699 248858.9804396739389453853308 275
5624417.210224388750066331385 4308014.755520950912557010939 323
2725693.736008536415448075999 877880.2718788146336468008364 220
317857.3095735445124785886692 4752223.020664070127644035605 74
1939394.934282892295008026173 4733141.318770175877188219083 249
1016564.623501366224412626645 391563.5454382418769858769751 51
2227610.433212116340670060057 0 0
2062609.973871681702554891727 1803939.392017542370473879989 295
2511005.793423115722132640157 85150.75709228241343355754632 197
1707339.218810865944660428605 2286562.101403875132884952434 141
6371142.014627523802222402707 9904754.967931726994638116094 26
4566536.774588553722291598111 1508362.856863135114387457084 229
1263505.940223253824505513438 0 180
826461.2389051516333629329955 245074.4354062893931197910727 106
7338277.803362787946814360905 10000000 296
1427312.350886418070036157335 2845643.137710531322452131433 166
6310366.402470288729130823225 9706851.064222075280768978726 8
8121714.108565174826172886559 9800536.790896720846246948189 237
8911011.544297714199919360608 9230635.059310844041309485456 329
757517.9595899897028316152266 4350733.007511862707958384066 298
2745635.756401550129673893934 3909619.971403647905242642341 358
1117914.773086434140443371720 2154902.128429187233673366444 333
3037567.202368074045799903125 9165506.339584362692615213463 288
7433722.926907815574944401188 9168761.245327089352869471788 197
8381676.486369028679706667422 8487249.916481927425306269129 319
6405998.586835466 7872533.132511692 92
5678983.298206116372272272947 824952.5582633326710358010231 297
0 1199665.458606999407970016869 270
2098248.998954834523843360907 0 53
2661971.251206724887579780580 1569767.355115287705665889701 126
2570765.135122316655894773590 1106437.882131856949716440832 318
3223610.738571331 9176527.84554859 153
2349922.673308971118658561342 5490778.934383457364561674261 98
119194.5020819412276488713821 3309155.820078838654391759580 192
9406647.412258123117223559607 9427213.845927463431522444275 114
2244909.756713350330060866894 0 19
1786622.457851738572649804122 2527851.546353245683978208293 128
8070514.252762282916855273293 8163672.146495230863043312008 178
1346978.155163542511973233589 6488248.349014672053640139339 194
3925751.002215968159939255568 1411406.591944558887348367551 184
2025851.591969836658781567249 4649979.180770914088496516236 282
1269940.829466041218044303385 1264049.343580566777724310879 19
3381948.877518460764831198623 1152015.165491771005383817611 109
9758725.622663304 3844378.6823194404 129
7894581.828013168169576360583 0 0
73364.1626861602882983521935 4835982.893469557854513184819 255
2015530.667899896544857661674 661615.4316265098034694648766 233
3604952.319126676454977422972 1722766.888577561209810184913 291
6369247.869676266266946816536 7845176.356337600845219129896 8
3359709.065971084907791558907 3628333.467377495548686024035 246
9988204.075299249572223009399 8502107.790829280686211299514 274
8982183.806018995906147211630 10000000 180
2343386.080148157064943729521 1418803.217852422402163909005 138
6633410.051038563 3176223.177185079 171
8769654.416767508282176882565 10000000 180
3743480.962171665428513528550 9443934.419966247784894276583 229
8961910.493888613618683297065 10000000 180
6107319.708070436371473741991 7810604.472281411656186705442 155
1929382.469955362706319555902 0 10
1769822.055174474007807797145 848219.1320291477074936203172 303
696264.5116049795418619933067 4150382.006778910138758061294 73
2594813.495587239748709791874 608237.8022256747381841349143 240
7309067.793099323 9030883.56184245 282
5512824.285410673144028699173 7014265.086881231203327475842 143
7318700.569425815925354328200 10000000 0
5490107.198139159 7984395.022750555 54
8815378.019516844 6747708.460317537 70
1718796.804386355964000864290 2614664.423954289654679878262 268
9109939.164180998666452459254 10000000 313
6809942.437436030335554152649 9816877.107262119055127597927 338
6897566.012251112694685322923 9553134.041527316066185692529 41
3434038.953337590475718648597 1600889.770208869141470762848 274
7950836.648546773 4499061.315759496 129
9210631.924516823025488295711 1048285.214620613928896434546 23
9710437.625402532846609436337 8850182.681785580714722623353 215
6665079.509194971353630024192 8743292.008723562557771004478 230
2926993.789580813582238894202 2752676.885242232160916632274 0
1729970.839949195387240416228 3026592.776439357305972077158 251
6357063.385897904362522920861 8077670.156781930921226147862 273
1876044.3790468972 2918161.260435883 236
7099178.824841910669237563001 8785035.705618277725253985745 124
1854245.813828070104158958687 3513061.415081099912459065896 55
5627195.193727643745721838172 0 137
7430949.533042602397681595980 9809994.796631678333423478414 296
8133614.582422234 4140162.3161897273 228
3411746.9047719217 5924992.948027287 261
5019059.739358970234785667138 5606732.192885964988950725545 82
8815580.935542840831942837491 9791242.598678646757557674782 343
5160187.775900255070138084009 4580463.131552614816041410379 111
0 3284807.994268246238484030464 310
1491445.892264740844182700677 3305200.260931816267234651726 45
2719155.519292926224451859671 204129.4858726503143622027992 73
5555660.738619786 6679809.373087523 335
1434755.414999875306669807788 3581487.861827350492973907482 85
1890190.776211350597181486748 3703945.144878425957626804275 47
1639613.321338986480991817128 4964834.714675827537142748949 210
10000000 8348880.445431212085265561017 214
562714.7123504684 6433891.047239788 49
3464821.695631492424236629158 1625908.127161342165664285674 184
562500.4789188503 9461216.437353967 128
8072706.883529464276457327485 9004063.352549074694376198192 39
7295109.934979406069450155519 7975297.783814584159482985618 71
6480139.074499806251194173642 4702644.024327847089903116598 59
4455170.706547626701121981237 3150728.048193826921959644549 210
3140927.4177431813 44080.28051526847 299
2588641.559751188159643955073 618228.0521065676096932342842 214
1747286.779288777107729144242 5115958.832433382728166405592 201
2346648.422447829938401636824 2003771.995730858616485425945 60
8154892.768131858326479377339 9070616.169654100776227020013 234
252901.2497226064672213868853 1346837.652351320707721160571 256
889820.5509575982988011825746 4506138.622927382888562537347 348
1665545.751398474681121226102 4019739.807062647554707863825 330
5372493.282755665516960839898 7901615.781631579221826981930 164
8425936.491208592135681787152 8735237.669394490107233516251 48
9153514.249768706 5244393.982168175 227
3087523.535141267301145443146 9011756.556630657130126306181 300
5840554.861077908197606548035 2196083.914820453232779190241 295
9444535.281965928938344285136 9738383.633756912469621511715 150
2953963.151344047969320115550 1011649.209230239500724514240 34
5133375.305822023 1545538.856332167 326
3931813.260385064971433711276 3407542.587721430264897679527 27
1124525.075647945297953206223 1270289.382862634568668207810 247
1057332.0810424024 8544564.89448731 206
1713014.773382595 327293.7806453258 325
2660470.731576322 4544777.805394181 202
1187267.9549930366 7718600.5870415745 285
8647644.195417680551474312850 9073987.406357409004781416393 329
8995877.973547018069161722218 8625675.867974623241338981475 101
8760065.264785994647704553778 9171713.551010402440026340231 221
6242151.970071638212014195644 7767855.300433484845018833900 69
7159915.235331152 8285281.068523374 95
179724.6200956196404407655967 2589667.642495510585967021406 104
754329.9463430897 9252472.190674424 299
7938686.819666587 9723818.459353667 173
3346527.581328751978580837905 1031181.670428610004366951316 295
3594351.131506994506622479817 3443232.207400059941424459077 210
2066989.082177272245645186904 661537.9173135955572136299802 74
1437123.620539698084986045634 3934728.715090188605166694105 156
671373.9710488336566244376121 738903.6375435429371524474682 244
7826933.197169227370659343711 8414799.989442210010011198342 178
5729192.596601644 271403.6632615524 51
7334309.207983211552334542225 10000000 180
0 970341.0211727444118349762795 90
2079568.7235030713 6661737.316607561 196
5437051.400032777 8521773.703631734 29
3431833.680752598447748802201 754044.4215171503631884409172 275
5779411.137635771259288891125 627851.8255535075003711643676 46
861122.4147309797985147016534 406525.6484090616856045938422 109
8749874.340467490799824714027 10000000 348
3706040.206758802991014426835 4855871.468885812493407906080 174
4770764.745369268932538243251 1597225.150239994277773430274 43
1691831.092216472399894434690 1016187.092232914924278888760 291
2247176.1672628187 1813422.3150315054 256
1142025.755614819583717296658 3230280.714358719841872364114 63
7009233.801042674417225152319 9625337.621630348736267002314 258
2302651.175435271334598392040 1157046.698019587021944635164 46
2853225.043774980862970600598 1322634.796625433800779795847 254
3730654.788183319951564764746 1490102.149144401537401763453 183
3578433.130408656977891652560 1586962.137548884939270433655 188
2622870.229735203357862452979 326802.7281672786501584079277 21
801327.3763858717263206603326 1997843.707834595162597409702 98
9305696.686051175362079638865 7585690.731429306624858770399 335
1117235.671248313969935793468 5271199.463813293226717576364 273
693764.7589473940734304999856 707842.0562578189948250834458 45
7172934.685372836 893511.933261002 54
8464556.132216953795587526974 7754522.111432174074182892841 134
2367719.157280329805686845708 1224426.565677319498016104434 235
4174759.925161693687812667755 8997331.980089912495312458023 134
2348269.450354698845729226787 1826744.178558972631431961772 11
7774441.470196557 9522559.54770819 189
8665196.324133463651310828368 9063441.023431992144527126335 345
7528707.698453069634717359480 9841000.521330658632847674715 26
2072921.792529092713760172069 3236906.007531190594951232629 45
0 2594270.198797280721154947871 90
6567532.632226058 351701.70689381665 101
7236819.397787675916946530340 1715833.926096173633027019741 42
8829878.946880177 5418659.991524535 96
7362284.787918115408196493756 9632300.282197262610489093817 128
8676533.027709654 1900267.014311221 243
7645299.951848840454951607734 8582115.867500807300813381284 171
9048416.842202167747815938359 9028636.399381664486137802402 117
0 5173223.383528717451107658793 270
9170782.611269118488689585657 9934753.391132657939845594003 202
6157769.077897168564947188623 7141318.499687049571216424366 241
1317948.620348246187702494117 1240872.088292070647811987176 35
5122967.424662858984468501524 470200.0015024488310536323789 16
816540.5240236878 7333286.8219842175 202
6617352.474221709361053154520 270103.1961774986733406128946 215
6491087.665949671 817130.3635520987 276
4726483.938900044 9871071.628424795 277
890837.2194771134127379941459 2394231.936550887790248600384 29
2197983.394357284968166405860 1362545.848472163552142948267 7
6885540.983433870196856425470 8142942.434333668827334693695 10
2545500.750260031898756130129 1691587.179239706398856088523 69
7875510.426577592786389586754 8686079.365839907539269541167 225
7426701.571062832193115938374 8357467.644739228483410286116 336
6553938.664451505078933082650 9926164.513988735488407044277 222
2749964.310936800902640195404 0 180
8626793.795976437204837744976 600648.2774397276528986134256 229
5169234.208133666625908017256 6990854.834806408895697709518 16
3751570.117649236755247694636 2737720.213584246032228833067 297
2472758.090855511897889805634 4304334.932192378186975385578 70
1207908.645749421478548419281 2636634.762292953297269333302 218
5867770.788015826087010295180 2137719.171154005823901720609 146
2303882.773335592224652610626 3956709.266607904417514366732 116
2472867.168763784235200676193 1571046.278981408680048496780 299
574779.0976389422 4156405.5199231245 188
3120038.159611547103392191698 841165.9212077137480412947107 143
5428149.887160970131185370870 7548878.197084492106972190956 279
9558110.194094207990795510824 10000000 296
482511.8006050177342815199056 4166032.577845357906348992045 293
3364018.654342558 490809.2217192794 287
2863214.878162588868755680989 419062.3947117832531736773657 93
3232177.702569880628628182417 1586982.240939726176853863512 216
4018338.377507078482772941011 3317943.206037305852538187329 134
2384435.848596596153389736516 3849956.386079770792206061077 79
2503603.478300109860588370568 1631516.120917225171467325802 306
9950505.565734943952215842952 10000000 0
3057620.542372611807423940230 1582413.403151839056068059856 307
1353594.992707071910991817128 4964834.714675827537142748949 0
7742226.944307219 9891474.08366938 127
7017363.435531942471020467315 8286531.881201319961511829863 130
5045760.852526128806809627633 4529516.982894851971132058620 24
1166849.748822560312203777620 2910583.758098451092542417259 15
1452770.755372445100954480669 783852.9605915007603120809179 1
3495117.464224768697005275841 7315190.714784560905569665956 295
1429853.566367580347892206123 892625.5899918431168891053783 4
1391519.072723654372045367928 1165389.685388763873253395331 278
2363437.298303595801962511902 1691075.450638145153924541492 310
8106123.104145070996818470898 0 180
346243.4089137235983631724091 4503308.682656662496402427856 292
5462350.635102039 2369338.359885862 337
1104262.8806941612 2634695.2229335653 103
3430768.0467343437 6910922.9218761 100
2336515.018486809230012531872 0 144
479657.9085119959025410842431 833499.3638323945544697401755 20
8681754.767585814584162307208 8908718.165022290970980919758 176
2369519.541013993270964605351 1957417.790099887430802272145 285
3614323.361132217502193787911 857273.0575979908563458804356 147
2445203.241988404152301883264 1064865.118930012530155402114 118
8617926.943128518238769401557 10000000 331
3249724.201624188837161226054 8730816.761260702834453476809 327
1154761.6913679037 1006719.0081568921 137
1858357.541180459933922526124 633093.4732298809445266035756 287
1268450.316410322421477307544 2050936.892803109112860153559 19
160425.9772696334380533779801 864284.5316622399957872701329 285
6013370.606073803 2583367.2497943216 219
4577222.909382756348736931484 374574.2209049033137974670164 59
9577921.475155199194297890948 9074130.251261404359038693509 81
4621527.0467214985 7931396.074137496 27
2026966.195634167059877389628 2445388.903969875994848843048 329
8579013.04745499 1312843.4716847604 124
9598237.983611597743541987361 8813433.264270231609666181321 84
1351704.134389334798554072306 348221.5245903886248831834126 273
6531599.049294326969217806378 2000761.441880095688040787760 338
2125465.730070585 2120546.6721387347 93
1429524.633946642494458413765 1318998.454097056820373800033 199
7363132.647119682348496490263 10000000 180
1200132.559976744323255623331 210844.6124498456486021233811 127
6320917.019567625 8371576.781592136 161
9154141.13546597 8421975.762085078 349
7430608.023151779913771553706 104726.3387617212968588051778 151
8613335.006070746 2604111.808811107 282
6229789.661614791049007834475 0 180
7981308.067925945 8526598.704382319 93
6575087.477981822464180609055 4860664.704124905170455861281 8
5709491.244484901184714876167 774178.8092228992770286144248 121
2000129.321239880649276242413 801045.0427378200703649188979 144
8207534.47288241 9973445.19336534 146
1350575.656539756524966670144 3362375.326733631615472114359 38
1039501.195381638422745700056 0 131
6863086.683584046409306183186 419308.5541767165411108620137 191
7504697.527763189 1381080.9334538432 190
5047759.043776833446162519309 6945949.201903513920650552568 2
2517136.451610439646837106015 1882376.780342754553180547640 338
2600486.650718590816837875476 458928.9673321611382937523117 345
5265887.5400203485 4040503.361271774 84
8822661.591556910645430552203 9516796.901573677747078198790 33
7796030.631381603625738910925 9061467.618219235235718552468 287
6904259.101040989556113379516 8146242.943495878140941082795 235
3966198.511454524812024360373 3436648.831489542156031272370 197
0 3350197.778497963514373983230 341
1397846.8285728018 5966992.967425339 279
2746740.767371021953527074580 2012904.709235771849897348571 8
2586744.584997937357383212084 4534035.206045209755544272052 284
2312354.233491163704488490228 1246601.994456104058489415832 336
0 3335987.385496457862564773268 270
9472659.118776553438576740808 9800190.367779108112841779254 146
7141876.478928004 7769647.497913454 266
2198372.064751460708680983063 5053395.539361575111083875893 93
814735.6909446695287561764815 205602.6734415757027152412511 77
2146542.603384901191655514413 5560956.267807093613454416444 229
976346.611722927 7390929.0878007505 188
0 1654065.341505346205254701810 46
1940103.985946485805907471546 3660799.719271007310382209490 78
5380499.918357797550081153017 0 155
8448188.896521011 2776688.8025437407 135
2290468.324482686423788006732 1114100.942798196820933346752 160
1631334.976471656033230434000 2327037.199702036577258943264 225
6605474.617787773927136797170 9208538.136632270133377804999 13
3145925.3668280984 7746995.556942562 316
7765813.516791615023757431523 10000000 180
1938338.676182433738844558417 497017.5228232780498562603348 95
7718266.844611805821903685417 9599302.692696937770938417811 218
8872515.682454711543476189952 10000000 313
3931709.902478117095177258307 3540979.652335509688733613598 246
2095400.874971763021955666458 4580946.221287039018000254058 166
5293699.277198145327437395504 8190001.910028530677443054918 344
4518105.949225732263314071274 1693511.424311898895903205259 63
1117372.331529258344983874102 0 180
42841.6770789277424141844099 504334.7234853665820107195680 37
3565619.518519925472261146474 411105.7380130146358603766503 339
7451762.086393955692417264884 10000000 180
2065396.746704355937851935051 3731714.606859651687203336713 226
7306882.210395945 6892628.702147265 102
2732060.140945372489395433256 167739.3291157555719077397787 337
4897262.170685483286613590635 5265407.750525616354783310689 77
3454798.905942521296766253790 3606513.611685787334659213893 339
1864696.521208917451564144875 612359.6038052819991534782621 122
1133228.552594684663258601001 4966037.108812575913835363108 334
7896822.307721229 9356574.209957294 231
1690483.826028936524736894112 1026015.663613851350892503694 245
1309773.6572875117 27349.295117073958 57
2963284.970613149672712912790 1431375.252962771574265421608 151
1552478.363543395668865897647 4716312.006760077799053413354 18
9265057.291569524 6299245.019896931 226
5353436.7820341475 8629618.599034544 75
2668204.871807985716540738475 496708.6963733472005529605852 240
8134498.880216632 2668555.3584495857 37
3838913.188765456828109290999 2566299.784628468951730030711 20
8123581.960955238 3988843.6934786174 357
3609402.541781215219385252266 1711173.662204769656872929970 256
9612008.274141852 2508941.173551 48
1540235.861513206885454795554 2754199.481832631037446208760 141
2214480.248694481855137433310 4536289.215122291415386499757 155
4847279.577119741 5341533.025958846 110
5376140.199648347 2939553.115812329 305
1981548.505559783113751978857 0 0
9368878.679095815381011609254 8418218.014400900062933432285 176
4377990.097926481730537932990 3027611.852280726965689675662 74
3005698.350155299910526554662 3572263.678284123975568709356 9
5787436.254629719518331334956 7443434.485490348689898533760 39
934
