1000
5813474.581115454 4532676.479675003 5
2628619.6038543885 3488843.956514508 332
2767050.7339797243 1839994.257904436 328
6742956.7637770185 9054627.352549674 9
8021155.904816906 50178.347982284824 153
4309305.227299204 7166221.630341168 119
387831.59475214826 7083908.83570455 17
328527.4044539654 6094423.551515977 138
3775070.9064068086 959526.8690532622 351
6217405.786146163 1271493.8428998513 151
5427266.758905666 6413629.204787507 100
1516630.067848198 6486339.404767616 199
4100774.0407029903 5813196.1903490005 17
5414642.038067745 648491.0100074059 275
4526363.282261102 671946.0124934517 322
5833717.455469544 4645063.860281384 233
1751961.4779317593 7505232.083688789 28
4393795.448348884 7654525.953292794 52
7948388.530356848 8070104.6773351645 137
6236228.07027502 1174662.3417425195 13
8929956.934297454 907036.3178617246 145
9657767.290396702 1868551.8403707547 270
3024655.869289641 3989173.8656231957 126
8653181.532321557 4354199.224610962 66
6790942.747238911 4114345.746710172 172
8395736.645896647 4972773.465123161 102
9626045.287163885 5092266.7689315155 55
4400918.070092693 2410051.0539198495 336
3682769.9460733854 7287876.905107917 261
6638326.044940209 3777821.923304064 27
3720750.7544721183 835662.4275978253 95
193496.2031829146 2978758.9322959143 122
8218999.342702993 3757045.383430714 238
2129121.9302330655 8594663.109240873 317
1123119.7275212302 6675419.358351062 171
8274825.977247432 9874400.574509054 134
5456445.5176198 9748495.1477523 342
6416570.406557671 9037256.075984806 121
6031071.035979505 7510292.889669653 87
3094069.9075965607 8033653.315458961 131
167431.06725347624 6573133.635576915 335
4244188.588557101 1100361.3178646953 316
6211583.4266797155 319369.5369349669 238
6581592.60319345 6229888.648662574 191
4447926.802723548 7379587.8955231905 86
8812073.665869659 8999738.359900473 112
567597.2110587535 4243627.799889363 66
6956513.210406653 4393135.910391961 167
4208050.248334918 7950274.072216688 270
7016270.71060969 4491510.772761732 270
8985838.347181695 9385676.382116314 46
8001812.478956798 3652277.3713998822 67
6127307.686496435 303505.27085022506 35
3929245.476015323 2945334.482875962 270
6128553.00347848 8236624.753927978 306
6174020.788761422 32556.858334095163 260
335452.1384165832 1145214.6972293907 9
4304373.906798202 5095288.265461086 255
1835510.9088522436 5279246.039638633 11
4222447.563856076 5580482.065323925 294
2223333.9014928564 4979890.861332692 190
3568697.536998883 2935335.1805994264 64
1302704.348432353 8849356.528532939 77
1199336.0896463268 3476910.5192003725 286
7766706.164483965 2332724.7512161587 356
2576345.496526775 6676702.167995427 208
6623656.80684063 5274920.326355552 347
5994559.717735128 700579.6523720497 94
3153661.3158677695 4106699.4327959004 136
3132277.54032262 6639755.571167758 71
4880535.874538038 2008360.6529718877 294
6872818.022122856 4027284.579523772 256
7632020.522932596 8826779.843263201 40
4207156.726926398 533352.2039886818 171
9879881.613302602 1982851.9655482192 131
9437473.908076787 8148307.5921337325 153
5337748.114005864 4811680.140557181 159
3436168.056120923 4182598.9339994974 102
4841144.4563058335 5268761.022458056 33
2850159.395877734 7094519.484345841 150
4905666.261016775 4289846.849446825 85
2953145.3593872203 3378652.2015884845 137
9212195.922421737 3058594.8048433466 62
2252642.2775967023 5828208.151627897 220
5509959.931063807 9574879.178931104 300
585089.6649209692 3031467.4752997826 84
8266743.078564097 3759348.264430865 44
8428695.305847151 1881330.765331448 87
2678983.262045345 4610845.476698097 77
9567274.900939127 1579845.4954204278 196
744046.6076021679 7737576.702958071 293
1375146.1701257871 2089836.1487443794 306
3094871.009614455 6402243.3316259645 229
1178884.634003108 7976146.127944484 149
845119.9271540155 238270.6045742966 293
6798693.371620762 3914339.7075795773 247
4663468.31793708 3391743.9415920423 238
1007641.5696149276 3485513.06114233 224
728386.6873231704 2027232.8466198242 196
3948837.6660971213 3094988.5464468296 70
2516822.5345162186 1672128.1828854617 216
5579502.68510648 2054863.9867205897 185
548903.3878987237 7216483.472514355 10
3035069.444976282 7047121.9210225595 150
1228303.862392105 9872985.108531754 39
8686129.918741886 2659309.628515353 319
9589831.570613172 1755831.6141797637 217
5179119.386959069 5881905.324642049 121
5003857.935216794 4975161.299126346 209
179529.48956690638 2787794.152219644 111
1131042.7222111209 552693.0607350011 149
2673876.0012061293 4521664.870171196 146
7672639.001159239 4696506.738711992 227
8750826.151908197 355873.6181553235 100
2536233.7810063427 6454187.486119878 268
5724176.360428292 9432037.89691776 23
6163249.60455464 2359485.5301495944 356
9558306.490229972 1086183.2842929286 1
7702814.14379369 4935362.904453319 297
7333809.560054184 9869037.227758866 1
2727120.920243502 5196909.440909659 327
9437711.737967134 2483147.1546842097 103
5200093.657263254 725414.2934065455 85
349667.64344834036 5268240.758751695 152
8135034.495956677 7939971.743243699 123
9901122.317036172 2388455.25935815 207
5105700.158975588 4402306.620313805 89
121620.35337208831 3677453.172217916 263
5042615.886109595 5712439.973821709 199
6022345.369988208 1781328.674914856 320
1163206.668498501 3503189.346439989 188
1435228.489292305 3068061.9865085813 228
5881982.542686154 1297303.708136014 113
717447.5575920868 286548.3971810956 225
8452076.11173582 1212462.5695071444 202
7237141.82306485 8571934.666299902 60
3593458.6704043304 4514962.919030824 98
6471729.478922821 5212472.850329345 235
6246376.956732681 6040567.762030582 138
2218235.479726266 5900141.312534201 211
732061.9284242458 6602043.156630896 282
6026142.87214001 7560621.595258693 103
3702981.6422899263 6617846.44903066 338
4218335.257349711 2274741.7928840583 99
9704357.096891202 5757335.466363695 63
9352627.660159826 9308562.424670864 76
8850428.810953956 4177773.2188475756 190
9866233.630229685 9852255.317550294 99
5318146.517261951 5762062.577651209 34
9562234.597991103 3646376.358062526 280
1442245.898523974 4845320.078974089 165
1156820.5080014681 7233787.234685278 162
3218842.0932200267 1250769.0216834277 55
7502294.244439762 6030632.069501555 44
4218300.92521326 8039090.6958098905 202
1618837.483436354 9207225.43659805 23
1275130.5295937988 2596613.5440296168 187
5055837.5843831105 1913751.6857435633 104
1478977.6592143956 1145335.553035841 35
7565803.249329908 8145816.419006841 199
5229081.023731633 4590622.499283482 273
8948746.881918607 4285212.900643972 11
1339574.2477922002 224028.18827147118 4
8497963.88233106 8884787.724899437 348
7953740.077350648 4910874.253683941 304
8868117.162947854 6008826.492873263 262
6274552.311095189 5988555.532206772 344
6845499.417542347 6500555.853475397 108
9463550.043999825 3746970.2323712017 329
204400.6519811037 2904717.467980815 187
318218.00348746375 821763.6876930023 13
446535.15500363003 8319278.580375722 166
5844223.810487884 8435429.85152649 271
2207852.7313134833 3183703.234393598 288
6029224.398339553 6214937.092456571 120
4880790.5811303845 4087483.6824917304 214
2034775.9990959868 9466439.774641497 259
3564250.189437468 9431205.697279835 87
8153431.652912732 242127.6434294617 321
5309732.839565263 7045398.149384915 4
5810223.7473538155 4539184.873363225 290
7912915.485107956 6576835.618146852 225
9293926.954226881 3606813.2361663408 291
2866667.0231716605 1846760.1638972242 290
4782468.525583512 1744848.4289617948 278
5278037.804361715 3496489.5772531 354
7608552.868633178 6943733.5264645135 121
2236353.724789245 1900159.121193551 101
9672904.426818635 5833623.584190771 160
777920.6022364782 8914488.452684842 23
6050615.517279314 973866.2309893997 321
5622827.7791896565 4918615.226574682 187
686668.0308796669 2375915.740456667 143
9652287.492513115 2248188.1096569058 156
7532751.441264921 8716681.41851516 344
4280576.42847599 7618745.12539458 328
3044675.9899605624 2328548.540973191 152
6187525.410255663 453168.5203423397 270
9510717.196311103 1043084.4548665896 14
6007042.1300499 5474253.0522711035 299
7916523.563537069 5239279.683380312 219
3759951.201731865 9762160.279146647 327
9912599.154127145 7347006.8585649915 172
7158085.382934413 46279.44764062475 219
3012187.74054518 9350125.320594912 108
9587176.756192762 7100299.718477377 46
6859845.354256522 9690610.375971202 75
263285.39618751145 8522140.007846164 347
276435.5149828912 9834338.77936847 63
9599862.62409564 7703135.664801654 329
2984961.6733203954 481643.2843587204 187
8559053.354631867 9432381.055228192 75
1647631.7179930145 123957.11454344704 25
6302121.310260891 4906204.803799237 104
145109.14538917286 2342581.1284391796 308
3096751.7397068976 4630923.565276654 342
7113176.075052349 3204882.847105337 192
1268205.5807947933 2389367.5734487274 358
7058973.033928375 4012313.8624606114 313
5994203.507393571 6099583.538438933 106
8175229.264377559 4652863.75504984 17
3619546.4191351878 9705611.363557361 111
2519878.7527962895 6459331.352293716 129
9590652.387049008 2453232.601674523 121
8426841.637264537 8974061.748567276 126
6198228.426863146 6427648.678999235 285
8178908.296600061 1175935.10957422 74
9035368.185093762 7457661.624172226 357
8457351.354123542 9514070.811297951 29
4501876.763476738 4274313.033541201 257
3114824.441619105 9871169.497888433 78
4099500.3933800124 3377737.830927916 351
2175750.1137290327 1556158.7106608844 32
4821703.214284594 332485.796110068 270
7574563.221400111 4190269.5856169113 280
9935250.755250577 7171734.071171437 61
8922511.999414949 1512102.9725572022 207
2302082.9264235897 8725465.06353222 72
8016774.75740477 8221035.340105669 283
3895463.90119624 5897657.405659043 96
692422.9318726283 2576123.205964488 47
4592702.237334 2732693.9030482043 219
3460267.10289833 32483.977417384624 351
941427.775883713 27914.61801515349 55
3447504.4554918045 663580.4569537918 212
2324207.423085374 3307365.320625318 41
6128060.333331171 1561327.9823915716 138
6406553.48041697 1329482.3492143925 48
4336521.325768165 4295403.265604673 295
241128.7318240285 7605010.77386343 297
2386930.101326974 1318266.8806101128 326
8026099.386414316 2589791.346214655 159
2960065.2713622255 3171796.4247144405 150
349502.65473093436 1883940.009209475 232
1727675.072789605 8300703.665886374 144
6927787.0116709815 5467278.077569991 0
4231632.106551793 9922887.258400539 34
3049234.906424858 9166065.85980066 286
9995361.235501504 3329258.8895317954 76
6226193.419116822 4940609.659644883 302
3189964.3623168836 2356889.5171157313 322
4059435.397911719 846897.8777606973 88
7661444.016125232 6144334.336020527 167
3089101.6982954536 7378893.524371694 50
135505.66050774872 3954923.3504585256 247
9065365.495395029 577423.7817696437 337
5360140.9468473345 476666.0900064801 177
1694950.0990995304 8794509.773175187 27
9713384.931629052 5931343.953848312 276
129458.05452982183 5336094.331091944 253
279354.836004444 3116973.865113057 195
7246107.653151724 231271.53854965887 260
9828251.991391808 6427152.167575261 9
6587564.304133963 6998148.697386414 195
610223.2268782837 9950792.4615171 28
6573478.892858071 5995065.740610874 79
6889406.644210339 3642158.5198216066 279
5565728.303537101 6879014.422872532 35
2420849.2479623 4507286.541945607 148
3294718.1923755375 6941283.55593195 177
5945310.872676003 9535022.218899768 108
2262494.8660056787 5850477.253795956 123
6002866.860776891 7881962.573824085 247
7252020.9323858265 2256920.360987921 331
2171806.3596153124 71431.31172872242 158
320277.7598355866 5741587.213208514 337
2205954.333431971 1585434.8237403638 115
1803649.7504521897 340129.1011006402 67
6583771.3460733425 2548328.4004935627 274
3820996.097936277 1056007.7181017958 270
4077414.7048408403 2389693.087975783 307
5828142.915296791 2996153.7035667696 217
2717784.608610887 9496211.84152303 42
1831135.3968133726 6013693.757578481 206
3024496.6258180104 5859090.634701604 353
1751787.465391098 9512091.211731818 169
6571759.254073186 3850370.729205871 235
2243910.4582445356 2115954.829452037 219
4826560.003995832 1178212.1450995177 306
3277067.7065769127 1445050.3182007924 129
74951.35450719336 8129953.730011931 19
4386217.574114524 9053731.529782258 334
1943737.4829354836 6097309.553373402 209
2800783.3629031884 3820977.420773549 293
1266978.6164736087 1683152.2406018716 267
6749641.969218454 7072239.724995042 26
3845691.428341755 3999043.0441781464 81
9402145.5719057 1163331.6945961302 21
6255729.414999925 9189475.695320029 115
7861064.104427112 9258717.13959564 353
1307415.9510121585 6715353.145605872 312
1974833.5797850536 204115.42322347875 238
3633382.347018976 6619657.202715903 244
3392537.5763029642 7437031.702265752 331
6884695.034899074 9037740.461098807 15
3994696.8258460127 5995020.889183085 35
8199683.8289144505 1273399.6340904885 3
8658774.306500347 9120328.537517115 168
9423903.80947274 1314597.6829756745 91
7006047.008478023 615621.3947703304 72
51310.43560506199 3159635.037698324 321
4609264.273829086 3939836.580003555 172
4504360.797748802 8618668.51064886 36
7622521.511609581 4310223.755796404 287
4307950.860989956 6327372.862490328 111
5903638.048571339 1206024.47396444 118
9419913.669616373 782233.2896308703 339
4501667.951713288 4477908.530474053 85
8586551.464739153 7752248.055320942 280
20086.06746767394 1542691.1646633057 199
8260160.382823987 3076358.2272031866 341
5179986.1830825135 2550455.4027528046 167
8473158.072853563 2277693.389593379 309
57660.521279711 415292.93352196127 273
1947642.9429198594 1549573.4907778213 318
6963191.662472032 9785897.99468883 299
3962058.9325123723 5028833.6399812605 78
4388325.170479404 589857.4356307696 69
4575065.624845593 4382757.643165075 48
6448510.866799777 3850286.481169457 218
1258081.0592297208 3542810.1776278885 198
2751961.9573654463 7030681.039759562 308
9199047.6983729 4534397.904520986 70
6874714.5198243195 8704450.237043936 28
1808176.6053892479 1477677.3353842432 208
7429565.064254947 4216381.264537238 309
580924.9470830812 7619754.138667634 12
204461.3459697453 1711128.1757864272 234
6175048.383189785 9615702.729636291 338
6869935.812995479 5552920.478989935 44
4112642.9813257116 4930573.898912575 266
5698492.68649016 8081204.065734482 223
1045455.9548167741 7838006.036156655 241
6891328.139496587 5228652.464310439 337
8359213.786647739 4180128.360038994 260
6699135.671871571 205166.4044705048 315
8570468.278127804 6391118.385237838 81
129815.86979021852 1151542.9693145384 276
634355.4656829231 6577473.372291053 56
8617642.102348097 7670392.338031895 84
5695003.279519315 2661704.1638459526 35
8664999.460551526 1487232.8836773175 57
1905392.1838932363 2283871.043338531 55
6375217.469282761 509199.4143455969 93
5232616.545716794 7718448.790077697 358
7162588.92209067 2848846.8738197857 297
3677202.310216343 7236270.027798856 341
17190.60398305494 7734433.204085851 244
4911782.369052668 1425457.853903963 111
1705123.5581026315 8947319.510552295 185
1959843.3628211552 3051777.631909737 45
3306222.955424987 2841362.7037322354 83
3999870.702328817 1211528.7899346305 97
7160600.370049595 3017064.520355327 326
7018364.886807555 6371448.711916639 151
9237635.904813582 2915400.7710201615 195
2053775.4872978053 3307078.5523139914 9
5277129.426955649 1955318.751040107 200
4455811.3493851395 9139377.59271688 335
3131328.691871318 8612324.277561378 35
8173402.7833691435 731324.9734772908 128
8543823.375925047 1232144.5248795105 283
2781677.122150642 1518324.5117909939 22
2513052.0210872707 5041682.874828557 251
7941663.222688916 3063685.5672498844 345
6786095.6598673 5381902.849662902 282
3086866.7552118776 9023012.755868267 59
3177586.0497148735 4088027.6234572944 12
8127398.862342001 5209744.401736287 208
2964120.7956130975 9692929.499561323 71
8689946.401405063 7849094.65986248 84
4916324.565330096 7217954.264118736 83
1000249.9670313725 9427738.232614294 276
4831715.84311079 2920854.2302334807 50
6455651.875599518 961840.2857379848 2
441154.62786155526 1510617.0064808822 134
4442434.430599998 7458027.819034426 357
9946315.78282356 4461245.48818186 319
6319600.23980204 4328231.48602531 25
9801781.754743742 8984191.087099073 226
295110.5300189016 7843376.05289129 204
7470567.231840317 99803.46190448741 162
8817717.604169097 6493586.527887999 81
3508139.9432874285 4006438.8796378803 171
4293737.123232453 2232008.384298357 27
4376309.096263033 3818952.2419168153 271
6754821.272975898 4809353.8385495525 193
5474063.648972425 2275037.8363452773 347
4809529.32650537 8665939.531227127 165
5215346.67596424 1305211.1422016732 241
8439911.117257016 4181045.151829105 58
6321784.211623491 7056600.649297578 120
9290229.850008342 6505789.640309568 184
5363394.123621543 4907629.755121802 340
7353081.0949373115 586995.5007326133 14
8863108.443543654 6907519.891888792 193
757696.821255428 3127535.768717049 240
7251359.4132827055 5225117.950541732 100
6284231.230021431 9070265.717975 213
5347999.200109514 8990237.075788995 151
1667190.7057190726 1413129.1620823205 91
7661634.992231702 3565698.2039615572 230
8502419.961283803 1742729.1965617787 297
8953401.543551039 9872493.240022773 169
2267618.6198899574 5341240.680853121 231
5264254.315017153 885162.910050602 250
8276868.6190618165 5647267.266838192 24
3864514.792244966 6691098.8588661095 148
4780114.425922976 2834957.9048914677 117
372038.1847367404 4806799.9070103755 94
8068716.904606822 8068116.1352653345 258
9291296.457622308 3989262.3975379625 341
6794281.3897124585 949271.8872696615 121
6082552.432132684 4450204.883241177 45
5166618.226574952 4894350.747741476 313
7406198.4491840135 1416039.4429835244 25
5470712.946632057 3608040.873798598 151
3252117.704394297 7813948.616832989 141
8250717.775770733 373146.75758077786 66
1570433.1619299373 4149893.428936474 162
4381573.455339225 8024062.10461991 54
2532782.291890607 1088490.1768963207 314
9509026.22886914 9959930.641742924 23
6097618.098259757 53061.24482631347 196
7695455.101933009 7849082.776993993 205
4541343.09057936 9029535.69311259 328
704065.8222031259 4493064.281956072 152
374945.29255346354 2615016.0091368677 306
8537291.363963606 8721477.641369166 297
389544.69211909926 1337252.7784415588 127
6977940.638949981 2210301.266626606 7
5925759.076265722 7771622.754732497 131
1369370.1359199428 5414349.207721415 68
3521380.9126511673 3989155.534800609 163
3649944.2930498826 8160366.36237668 289
5478225.913453564 2812348.349361078 266
8342564.359826615 7409984.1508411905 343
7248979.097014147 3372380.0661552115 6
2328056.0736181657 5030492.27081952 232
5795400.338811468 5685762.908825117 218
9463630.082414368 426827.67256396415 79
8914905.471310403 6525713.345904623 161
5841055.121349815 7134979.493435295 210
4841729.949939984 3871666.710392557 129
9796735.304378485 8335869.370836569 127
1337509.925097412 9236257.846483773 95
7589818.3527526595 5706480.139866749 296
8717887.963779178 4888201.269360173 190
9409413.631639788 1238637.0697114668 226
166031.56682162502 7013652.4299206035 137
1815111.6046166106 4322587.6398378825 106
5491492.546708262 6834862.126819742 160
7448344.627904003 8766756.718062406 50
1522969.0576235822 5338757.349481766 271
2793862.58060655 3620026.679927206 34
3083786.9097688487 8177646.51180767 99
5335138.010108006 281729.6363936217 4
9582541.440721542 738202.2456063709 65
1163611.5200739582 6072708.2817210965 297
7047601.102341584 351108.5753976262 344
5673365.688732591 810754.6598647741 284
2021846.289943402 2333280.4273521747 136
5112877.758672603 5635752.384669384 252
4151548.744044272 3540536.4058376844 260
5586531.209028966 1087794.5708584734 161
8442353.521568507 2723337.5527459523 277
8714584.313539993 4191630.32757357 344
6301947.897370802 3429342.915678414 332
5700174.784085464 2903138.663044279 294
9644290.401497817 6000114.649262746 1
1437087.1507534399 4753614.513522963 92
4073655.064804723 1525844.1346550232 154
7670828.973205658 9123497.512438579 30
5142737.608701075 2783934.1721125133 155
9236966.099635802 684513.2206230009 108
3805762.7598684975 7214610.732661237 274
3271851.353877009 6667171.859305936 187
9299719.4341618 3150216.9695345694 134
6278295.574507954 7861024.502129208 331
3608438.861065546 1115062.57290501 81
5864938.371367819 5178484.456845182 128
33975.97786125584 1484317.4379090786 306
4305316.339810443 3393415.1844923454 95
5086352.212290194 5527885.10045901 106
2317429.719542813 3647958.336519397 34
7386106.084685902 3074155.418266499 172
7725244.107200873 2313243.9542104467 186
3042488.3098970414 3943848.870022205 286
99996.5433580563 9350472.812914921 131
5106007.589113901 4712240.879983854 289
3401087.993948203 4356757.881921362 203
8465113.502587935 2876289.799322523 285
9787656.424618967 6734063.451037067 333
4134731.399356346 3685366.956469086 86
4357415.378878671 8672198.539826043 325
2106876.471474888 2433528.3129531825 139
3479811.9860192323 5152909.799329815 208
7816913.292755463 8557123.531869663 206
140210.74691196956 4252630.222783619 310
2704748.021701825 8180496.581439166 350
2459827.0416398193 183923.51667298801 118
4266718.273107651 1967404.7030920472 296
4288813.01614227 2705851.5515118833 18
7181633.62614098 381661.0830132128 156
8049816.038854576 2019094.4246941945 97
5624914.319877113 1336527.2153455832 318
3720546.793224061 6306387.873488966 187
3964458.2663269932 6989361.780184592 350
864487.1211609328 4222949.582664541 117
145811.07061434674 815348.1366539295 350
8593380.596851327 9765059.30156348 209
1178804.031406805 3196553.11551472 187
1087382.2780229358 2067479.5541202195 354
9929460.486770956 9739906.197166512 230
1790253.2784015157 7724028.579902837 335
7174691.524848319 4633110.156928358 40
5881.351641460197 460271.07165241276 243
8025675.287375778 655832.0798427375 276
616768.3716695005 6186047.955933867 8
3090654.856732009 4439456.4704688415 138
140472.10733187266 2688464.793354578 260
8082297.442928862 6627710.286796375 60
4877974.012725969 275827.2132110884 327
6043829.42126979 9659637.15854388 106
8374070.090421781 5915584.514658788 274
3926680.58442743 5546454.711255497 338
8137711.172331221 6323519.118198189 113
1915662.5967409657 9803399.603015205 223
7665542.555125525 1004088.1478798735 10
6895350.625951196 8314363.528380433 109
9770626.66966262 8479269.93402302 107
9488679.12791845 9000995.94297496 187
1914264.4864375924 448950.7544922322 297
3643366.9213730656 216350.77359330014 184
2165473.2002592003 1014002.8217488739 85
3511330.3325427403 1230427.9105315309 207
9151438.524654916 6975835.738701799 355
8771650.340373082 7153190.164325737 166
8529803.974299084 9966881.576083269 343
459276.49967226427 176178.31402902407 349
2820082.2663544635 5535188.611005542 51
2365452.792596635 1057491.8959344015 198
4263359.878241844 5520991.271902769 106
4823765.75557654 596544.6060616908 0
5233276.927467565 9380593.139268978 288
2761527.0631141984 3557076.6791950893 75
4591677.766705653 8145673.104411264 299
6270091.704653734 7538781.281605009 179
9640898.505929144 6046633.202135415 359
9236941.9150318 2225456.5675044437 187
8624167.838649249 8415798.689475734 281
3136956.1503617414 1353255.748668839 95
9615589.148376744 1112234.9047228452 53
573989.1821721765 5032630.8935978105 157
4554606.692731469 6732739.997645067 354
2894938.2530287583 6851410.822305341 180
8833911.572080994 4942967.497854694 11
5353658.756074106 9752641.547273219 55
7819411.452568539 3807443.5664562513 69
5692330.654610579 4745976.875898275 233
9992447.268010842 426583.17721238406 0
8323896.643359255 1060837.7388918933 354
9216329.816384252 4912551.533755653 85
5779907.445975625 4157180.7193123256 102
298966.53474004497 2501162.5827148585 224
1031759.3345518538 2205069.778380806 157
3982583.6299000527 343962.08382411976 234
8163288.628466991 7680993.606356503 314
5346477.680256465 2571381.7830482544 207
2303636.88729205 7669097.67433781 252
8085131.999185588 5906529.148084293 164
1054687.693919647 8217967.435767212 249
8591119.626322871 7326951.904484492 255
4962421.827058461 7855804.427224653 333
6913606.781174998 1854909.9618002872 9
5970612.005026845 1504043.6432194137 299
3647799.1730119954 6579239.291269031 115
1442224.4727376988 5199842.570957485 180
3730378.347316248 6087087.124234789 211
5707040.731275747 949514.6658534282 283
513444.5111276964 408123.5027894503 309
7138985.127690032 1213484.6787418306 285
848997.988412764 7486194.045227112 214
5720593.4236552315 8563843.81520312 103
609020.7373080037 8528364.903285975 33
2512149.056044165 3917480.455796225 132
316148.80893350404 6812788.850269717 215
7600250.594444324 852070.801597401 224
7983940.671993207 1783930.9683099648 250
1359926.424969825 9816209.896235013 181
5847113.453775574 8235604.186584627 200
1748015.7766872307 6231446.072972387 293
7517423.305569276 1787294.0275120598 5
1165774.2448232423 2967557.211976541 239
258428.45832880324 3969923.6344451914 38
3697332.260439834 7615571.262571823 306
2216993.49485309 3456197.421045003 198
6621581.837282293 9806710.148413632 96
671861.0510633327 6456899.729661921 201
2846537.512028707 3106453.7084912458 65
2677109.9268024 9590929.367092758 142
2092976.6557232111 3609095.530753895 310
1679602.517635439 2394405.1336661954 206
4902696.596731997 113014.67626489425 149
3688739.4673538953 2752622.9655311783 164
9390373.330129327 1554711.7809893873 130
720209.196956535 5838583.771782347 315
1879682.8980084246 7413377.069672012 123
6403069.246186532 895016.9467261948 197
2022055.3663289286 6710903.202962354 205
7972338.889755719 1959692.8918155732 327
6624642.700211723 7324108.696541321 259
7483685.2036720915 9750719.053736398 237
687509.0078725476 1337166.481849058 239
8001220.1178065855 3435545.0477390415 132
6050929.222894748 5378392.432324525 208
2956410.7419556063 4040973.7777651334 215
7973903.234212033 2556818.178193193 232
7700730.429700077 8387965.064287495 301
7143198.442787971 4402578.582370732 234
3352222.7049062913 472310.433507116 202
5055997.516720109 8878926.541610815 89
2590235.0734665245 4902896.847791321 350
6737997.243199851 4211028.9064233955 135
1110840.3241284282 6023022.032531338 47
7405209.148381786 6539228.697924724 321
4992260.094758035 9490196.758800538 183
326508.0235070339 7961887.773784698 72
9616826.913505208 626795.3433778239 135
6630426.010982631 5528470.954854368 13
1247521.3156018627 9524184.604965746 209
7560441.428475169 3360464.772543007 300
8269014.205787239 2345997.7466753665 322
1789895.9511589496 5640285.777429891 132
2274946.7660696455 9144355.952096786 131
5101891.202952277 7754635.75820581 96
74428.37825282656 6113019.074981267 353
8235772.034066211 7163247.117524983 41
3670289.0512975915 7261749.12300446 230
1462837.0512961876 9843832.404024119 331
5801001.510166599 158047.90568733297 44
5846288.210561646 8701998.042009063 308
5435135.961011226 6617288.455819022 270
5724021.974042044 7938114.593067126 188
2361611.103867722 3554197.870383886 348
53582.012742822146 7157707.180875556 95
1195103.1801660217 4989733.768206749 109
3404299.4963305886 1360934.8987217217 179
3712339.7462516804 1025139.4390120561 21
6467128.516420644 3975598.334233261 62
3896274.524932658 7408476.477208044 221
1834563.3416912067 9800198.38766545 168
9169258.480883416 9722580.49836476 76
836612.5381720657 9145951.58489938 331
2116678.579378569 3897932.486208929 56
4451330.965554442 5036106.7451447435 279
5805471.973475814 8181181.219798853 30
4882669.987206242 5019760.434216767 313
3897364.985312831 8563111.138813477 339
7523528.266760028 4090977.793166125 1
6290279.840122566 14108.03056353771 23
1152897.558178433 6223605.907608475 20
8836570.438150546 3000762.951968635 204
3130974.858619181 3819085.1263675895 92
4740689.7465361245 2574977.171116748 140
9192277.586904986 3700325.625777373 310
8177233.420949142 8788721.219178753 121
4325265.477501329 5508718.33879208 329
685308.35085443 3089168.5744942375 22
2766924.7910809424 5175670.831479527 227
3382316.226037226 7415241.2232850725 292
9906591.746539216 4186243.248184267 136
8570064.230257506 852969.6172797508 263
277147.88669691014 1392443.474362234 97
7379578.292932954 9868016.039122159 155
4031942.03896158 706525.3522195714 261
5884614.640606101 25121.8101324846 226
3936968.0615554457 8866195.706296962 266
846188.9935259836 6544762.012821817 14
2475695.413666754 3676374.968405518 320
7458518.915733191 9877549.655167134 6
3698354.758024914 5254422.286635874 31
3942561.5123413624 7411192.5343059 10
31031.38220916568 2647392.265496419 206
8939610.74619968 2589977.368558896 206
1012945.7904667594 5617603.341561607 311
5924472.082009858 245581.53687957552 105
9315750.091586681 6465278.107816844 219
4505937.583357313 4852333.979642523 322
2836059.5794088696 9435294.741039105 341
2624761.750035902 805827.0441664339 278
6814805.960202992 3415615.5733177094 205
7978865.467908601 5590240.564296164 71
3158737.273166793 4371404.228601517 289
781887.3737541898 750456.6873947293 244
2935986.104678222 6285196.798708093 88
8557939.899870448 1344263.7817105919 312
7620977.270194469 9490723.942268569 245
4514764.612183313 7855772.573290544 128
9913735.637815265 9154669.47845002 346
680335.8739724308 3815309.9653890166 116
4836535.770173931 2256465.384259343 200
1877385.4606352947 6537034.0691726 147
6480322.504341278 5228073.053875697 93
4427018.020463135 9720359.64199874 306
9915891.798122484 8890059.013562934 244
9461826.94872636 6029850.586732414 207
3597513.2519487017 508665.61960479786 303
7299239.443829387 16683.074779048067 276
9660485.49359396 358696.57474990934 120
8627037.75025779 8316473.907931446 76
5415597.1922564125 966593.1285308526 122
5580142.95429277 8290807.392458624 344
568777.077383934 664382.4068171844 264
5483477.235873668 8669047.78318315 250
8848301.06273463 2961026.926182907 256
1045867.3060734436 9347482.199739922 128
7833.285976627247 5791460.400085908 110
1511162.7537145289 4854895.710447827 4
2656422.9968566555 195776.9072704818 41
3144281.59677289 3236446.945417195 34
149769.87291221766 7449307.26099158 146
7606817.451178878 3356650.8458209797 68
4864730.514931844 1684729.032128439 81
6503367.818417163 4563714.412480469 358
5275857.201401353 6938755.870405253 357
7127701.005412882 7789516.910754534 356
7415306.97279131 3422502.7518770467 180
1420392.286413874 8704445.611992123 203
3157769.1947810506 7685622.179449137 84
8191518.864751372 7925276.696848816 131
9177613.061868133 751927.662448475 0
344659.6874801644 1689262.8024140666 93
6556171.936457024 1351040.8748833702 186
5302788.254564677 7439390.704167251 214
8502151.619684262 8413933.519325841 358
6201274.205530752 7929496.7676657615 358
7569986.250257355 6449678.405176586 290
7150684.437493787 9165903.762610223 195
163648.88445290382 1233841.9789602263 338
7097990.999941644 7205286.760266012 359
9413866.421479683 7686298.656450654 20
2152823.303404634 3904615.1264311504 242
5181574.4291625805 941117.9710805028 342
1630148.1628939928 132771.82797816533 227
7891879.079883536 1770644.0157128845 109
9213903.966790484 589786.6616075397 156
6256479.115951014 6044590.423943108 25
8065869.199973236 3918654.1639333493 323
8403921.589167507 5736557.978726355 30
658160.1166495355 2960350.4631543932 193
8094591.219782152 2342648.132742109 261
485956.3336674688 1377420.5992187383 126
2406866.5814290815 8395069.449777696 26
5048230.553800974 6416623.651874705 234
7082567.29174215 5157101.10981868 71
9587288.110716809 9044488.57586431 161
996542.4850349291 8305618.989818011 152
9214884.766222207 8647737.990754563 300
5341880.936799002 2133904.683550517 221
4458872.528795555 8327727.517473536 240
4017255.874042263 2104472.5012468677 353
45822.86067724373 7405262.011014494 150
4043704.044264047 3580327.1163286623 208
4349491.44591779 6579562.387409261 63
1932062.6893913373 3941257.8374806186 261
1791846.0131450342 3212670.8687014803 338
9481337.617719766 4804188.383132679 238
2836658.9629886006 7862175.045136419 205
386984.8886049465 53650.500484568875 63
5823627.921835542 4648976.97602127 190
6352383.215646896 5922953.383480282 350
1366736.7737522628 5715336.932584774 13
6470519.246417702 3633021.793633675 319
3637744.6764561404 4487165.772606008 124
8154856.297329256 4498212.549097613 85
1323785.5493745531 1527203.2555395176 121
855852.3704543386 3206408.526518684 331
5663290.170751502 4827667.002578202 116
7768274.986545703 1538419.1081445552 336
7676915.365096687 8314148.258865521 97
7269720.299740351 3744694.032023229 298
6063112.181227924 4359644.199742292 157
144139.0226948991 6688468.708629825 178
2565822.787343567 6236567.942322997 49
2273851.8732410586 7439120.521374177 270
9120362.609244771 3052996.2100245557 205
4297817.515190401 8781169.417851625 143
9083403.699060678 8636056.839321746 87
6737386.440821041 8154419.215314361 157
214262.2362242519 6004143.462909272 22
2911973.7160555716 2613754.6877184347 359
5240184.970671034 7365776.447992444 237
7836621.227882629 4110865.529466756 198
1978195.286597948 9077323.690041123 276
893038.8497040676 3162835.2882216694 61
3453702.9647132824 7766049.746341837 80
6174395.024804789 770639.7960220845 144
120462.2568817526 1692230.516731097 198
5872206.336743195 690310.3885034134 200
2069499.9504810907 8084623.559072528 84
4706075.917463966 4642046.480534735 25
4699816.284326121 2955072.472618564 12
7750398.38548816 1095431.6752030335 343
6612636.535011816 1488544.9279146434 227
2434586.911758284 6096790.809724032 272
3406494.222221712 571612.6972318991 4
3379473.037976605 7371780.061517341 308
3287159.9703139244 2167832.96427837 31
151387.2538581773 8803662.433160588 183
7719752.829064923 4837283.475163408 294
8097580.282675836 3841501.8531761845 349
2256655.424601489 1200459.322394659 248
4470745.928541188 5406864.76170659 78
4131101.349512196 6172915.005726769 232
1227929.9760233918 5785463.423731065 167
2494565.5393012557 3978014.575812563 107
3263022.495211739 8800928.137374794 279
170040.9486479293 7913752.582367277 82
6789004.776171819 7145389.129477635 287
8682574.594017135 9981003.205255521 90
4579174.052387615 2686812.8878044575 134
7524243.518340535 3888819.259624089 344
983857.6381915997 6598099.328587937 286
4506961.502460562 427199.1244405826 140
6847799.193638444 4826050.269213321 108
4687194.683419209 1049957.0898074096 263
6245582.600821233 4556436.677348888 296
2502043.422414394 4783496.0649984125 201
6297731.660035211 179150.56137647433 301
4812221.110958373 2702612.667927001 273
3963870.74803083 609794.0065717422 158
7980453.904265458 9661896.79293746 199
3853481.5674255495 5547210.080096866 7
2640517.9995099083 9418127.512765672 199
191916.82370366502 3681894.4637800734 65
4086077.4672942837 6148466.550131818 111
6827031.682673209 800913.8367320101 64
6865258.574187205 2876646.373161714 162
577681.5314227158 7419759.949035476 346
2861150.728419384 6117047.184990658 261
5517994.547138641 8292886.623682549 318
496127.43288807495 4607820.5504894145 176
4028847.011097539 6087712.391970484 294
8327832.224151205 3323183.3301719595 27
4774392.500597415 2418976.2343999078 93
1596037.7666846237 5902768.464846693 213
5179808.206371195 9374634.775635965 134
4691848.843191713 4099482.532162696 27
5913727.840486854 6838796.80026095 304
2181901.99457177 2699884.556230151 289
7395538.952746624 9961191.059069978 300
5037040.609912857 9023567.071097158 124
1148564.202384742 9510077.043777268 307
647607.1700822162 1029820.6010539413 252
914242.2197808042 238403.13780828292 265
8112293.1153640635 1324043.098387162 32
863638.2262021347 9281097.252246004 17
8043548.799461889 8980215.523303557 254
5428571.123634114 5832669.211116556 68
9773246.200237498 8862444.085670931 93
3255028.847020304 8681704.254918687 7
2612917.6286414503 7123412.62067145 68
1339293.9486812449 2888880.6155225844 44
2542100.4139795345 5768835.026237037 296
9103625.915970942 8442951.725135026 341
1749761.067356379 4289653.74625217 12
2833236.2484131814 7609951.693952165 285
1132202.3920731272 1720287.4618920449 311
9697215.267063197 3690161.7346987682 245
3678209.751151961 1335800.9356264966 273
9028241.432146423 14264.432085783208 349
8588063.81108763 6617893.926190894 99
6146966.024299771 2797945.907010391 285
9041726.551048415 9423243.490577063 352
1287036.6351209872 6992941.641788192 330
4038084.038794405 6234871.9140747115 344
2770676.481334903 9530806.041760042 111
4242761.969546818 968678.3845086533 213
242772.61426715157 774767.5477853777 156
8994349.725047998 6743545.392208932 260
4017840.157360051 1773623.6076316382 56
7935740.370885317 9312843.309424808 103
9368649.208741702 9804170.468167242 81
671298.0380148481 6732900.137970224 188
2189679.9811113654 9929667.042846845 204
1601850.7445685538 252399.09600680566 314
3401874.4967441084 9947233.180490145 75
3242327.1715878234 3958571.59343617 213
9770448.495992068 3374669.365468146 229
5262347.619930172 9532397.635478266 353
6015280.108163816 7582630.466520595 201
2697948.589843205 9685825.33702881 14
6132816.456005389 7096786.955359899 93
8554698.399357453 3060176.7949604355 6
2067533.9232404921 6624525.384186608 88
9739132.697726458 9897836.629360199 317
6399846.145666646 9733085.208067829 169
5668544.388362238 7704066.79052897 293
4525307.767534296 5968138.249743217 279
8798949.124239556 9149047.863833955 354
4901626.138928078 9683266.43306676 300
6454959.346452453 4780603.931925939 344
5035985.573070139 20227.735947343506 100
9732447.41400319 1738686.6172075188 123
9611688.264610894 5409726.384640905 160
1969396.2032443557 2976352.520857971 4
7437635.239392721 7573910.8734470885 282
9679508.713879345 962222.686677483 59
3693951.9367762865 4068772.0307498556 5
5783451.205738309 3662339.2488507377 75
618533.1650513203 4089985.5152570275 311
8876233.421335993 9930472.430937853 18
1767727.6844627077 9241635.298365843 261
5780120.239911017 997054.6697150073 139
4811541.194661515 1984410.0747799498 206
5270145.266149805 377786.2105302088 70
891846.304257976 3760879.763372529 133
5102347.117421345 2673477.9554624823 132
9411873.851125589 353732.7800208545 290
832677.7562042697 6842408.03291833 356
8121981.5213896185 1157933.7168060676 115
1090030.6649249436 8491009.348090842 172
2352679.1241745125 4570195.73773769 210
7253569.04867206 6867176.404058488 83
440347.1733691533 6732362.414575581 83
6781208.551707629 9031834.534475366 122
2558783.1844677613 3666475.4717623503 193
7721111.399087997 8140178.137965291 334
9736194.58561426 9547442.651630681 339
4909717.975220846 438265.81998552714 232
5935453.561485283 540601.5687054188 278
2373934.9838726185 6611631.662358218 42
568852.9328127156 8028767.072705235 280
6027039.50352228 4227180.375772415 202
6065252.448515228 7108242.586000828 9
757468.7480429787 5354755.9853313295 158
3024107.7015095553 459458.4635649279 93
9469839.093297498 9430054.55058762 108
135897.91646668848 9940515.39729113 118
5252859.4028445305 3836798.178363129 33
4518073.312202093 1578862.1059396358 90
1786229.4064620642 6407992.827396436 14
8033561.776556243 9292000.20228204 2
6895779.759938191 7062675.776599965 196
3824339.168321086 293586.0319841588 201
5265081.550241824 2457535.0874336353 10
5677349.450846028 1291216.7751174907 160
6203395.415765759 8986537.986002626 78
5048070.57701925 8369390.847638139 263
2260759.3457898544 5058784.660914295 156
2828043.818799011 6095440.6426774375 32
8306219.784951856 3332221.084809834 124
3680469.115517805 8137549.208921616 292
3735918.7129971725 2415825.6676128833 234
4764561.629853239 7672773.000410638 226
4507057.513456197 3390942.443630298 111
9704761.043110998 4533205.358742648 219
2930979.350213119 7288561.611839974 64
9490624.715352878 1653092.0822846296 159
2820933.718119082 5348837.156462073 220
9196509.720082728 9574917.124639515 310
106002.63229137985 4230358.601034467 292
2410463.546140219 6039865.868287091 88
5300224.901494874 4548975.520617946 244
2756656.802341946 7658753.586159601 256
7156101.20810233 269307.4488120073 38
7357748.992227231 6195437.9576684525 130
8312926.112390009 3221207.6459765946 86
5868209.870025796 1210275.3798276721 36
7395405.871559022 2675870.7544282847 283
7212910.015208113 5883321.1926998785 326
789698.4124873319 1244721.4893937453 149
4713098.700538873 9679931.612403119 232
7143507.588012668 6756077.406089591 62
2163767.812188906 3448870.925979419 317
2904997.092148841 7437385.614393299 193
6607127.249455894 2261231.3372139856 106
6024414.525649767 5381524.087966013 125
7092161.2058083005 1613282.7061944888 69
0
