100
36.85981605401189 39.03377531831029 112
34.81175678781394 44.102899883094246 38
42.54870599386576 50.14766709079509 64
44.20904373934743 53.55186394867526 226
42.02059526696467 51.28565921535425 113
99.11928363422523 94.23769196368067 219
52.664415556785116 3.8475408643203646 267
95.06285758046504 87.1240474545319 236
89.04603151702813 93.00098846075304 70
98.57904506102737 53.08517794644311 151
48.915249848091555 21.023719518357233 191
57.975083293605365 80.34918356391243 229
92.84822765893318 79.32771407243214 352
70.97767390425844 14.379435382878059 236
94.17988537320771 83.97748708174757 278
4.5622246083109275 68.13572339549935 222
43.15055850467612 69.04855064659765 230
80.19740161197392 83.87508807413609 125
71.47072759463491 15.413932807678743 98
76.4752425247918 37.692831933979896 230
49.67907347950702 91.92462969163579 272
16.78933347508331 95.70147769734211 234
92.84419674635201 50.83774064408209 148
64.1161566414514 5.771946396340533 278
0.13159534158633246 62.201836917740735 326
9.08963085477672 58.829348449662255 329
77.86962212824085 39.85353738897365 67
5.816428623212422 47.092939393044055 252
85.51910975930063 62.53756506893255 313
95.5010196360763 27.941833585886744 330
44.96382259140348 59.67814163723082 197
61.9823928283158 18.262676863361595 328
2.2448520596571098 14.76238546020382 132
1.932061565274179 54.344656336525965 336
96.8040614631454 85.98788137147508 54
19.813107450535796 5.329860782798823 202
2.0498702939077518 29.117094708878465 2
24.00284759241331 86.83219742891639 304
13.450074248104283 87.26478798686522 176
85.75131229347066 24.25712758684969 218
86.13434596353405 71.13282841876001 157
63.33517289957173 96.74223496544705 169
12.362980049032647 91.45421833084806 353
65.05679360422523 31.421317261529424 338
27.02872949924906 27.78684237690252 65
44.68421280129179 53.11639214936539 92
32.66393257095075 20.787278196909607 191
68.62767627129224 74.41974240726603 260
98.94681919091333 56.83762520876582 279
93.49244740709601 30.75962161416923 176
10.454582628641585 11.102140845922026 344
39.0906171131397 32.9010655290393 73
14.140060493703254 11.828645949325967 323
90.25642420744447 20.716708438489228 197
23.168229540215346 78.66908648783357 290
84.91417489559657 5.254701360764358 105
56.2403852812504 74.10200826385021 88
7.968833656831831 79.38697155323254 232
2.190815591482531 99.6687898965944 311
52.02747606478116 35.537260891257084 355
3.333134377145275 78.62532737003167 301
3.2850117604356077 1.7241172157980489 205
3.9382806643274315 47.57393714583317 324
66.21628630355876 87.12416185098857 68
81.63977377572571 8.126758042430271 69
16.262284600605113 93.24727945017574 293
85.70492037632705 75.83513487784465 34
23.14304915711617 73.66299716726566 91
26.342174891411073 14.785144528428019 283
79.40243848465401 30.502125439770676 118
40.40558809358244 59.02370845719922 49
81.2399740785723 38.15129315310958 267
5.246656613150735 35.9475275487095 10
0.47096457438232653 35.4190251328513 143
28.046082889539647 67.24138261379188 21
27.470541301091668 52.16143968030287 146
5.706188637582132 3.1886036242910754 125
92.97571414358322 25.793088836193302 85
53.773106348592634 61.9682424624897 45
82.82742282104898 38.19832580480077 256
89.32158786339124 93.89944423120852 20
6.373113469503489 2.127876337033041 38
54.27945436826809 87.07702586008428 359
46.624615774476986 50.044508139504714 110
9.636440065916608 86.65824056518542 159
93.6959414377268 16.885926090489576 21
70.54235970542109 68.58064744493853 43
19.876952761076673 29.51998358160687 256
94.50543583575582 64.49090782004848 191
79.37585338350209 8.675375734846579 222
92.93389707092086 67.97139303261145 258
50.67504300951226 40.83784758587876 0
33.45666086265611 66.59020909774162 78
99.82560352685661 91.39733307833042 307
32.704919301883905 14.462124062975857 334
17.129488746297916 84.68541180126047 219
39.86513387302677 24.952615666196586 227
0.5523357400231688 3.0024865354590813 1
80.21050397089587 8.189165546750532 311
84.8187506822421 92.79766020395137 285
0
