100
48152.57970939146 26629.245509512217 64
49652.65367417199418432748725 29704.85292215483199250010693 35
50879.33829692564964155941288 30563.78674201287554166360012 337
55159.42716666976372306299246 28746.99680566746710911317249 353
59332.80482469115994834696446 28234.57046244531875700517005 282
60235.56544894776940268469281 23987.41564791611060708043681 205
54264.08981799699706257745386 21202.87083071781464708692197 137
49487.57711879268764907888215 25657.04098185395696818998694 28
64829.145850831505 8292.977459923422 15
37460.68685696812 22479.25057077751 15
33151.31026801729 12244.770909989566 27
97855.44579316463 11782.441662685706 254
19138.670441524373 35627.48062852575 314
37452.81173035668 21166.113298645007 19
12803.140381698353 35680.3844068076 106
53414.54809002861 29625.426436263504 162
21469.000296035658 936.9168363321689 224
86688.31768077315 47067.05083525119 294
33332.88431576679 34358.753062176875 142
7449.280244635459 64749.109204836495 148
60465.36774931824 68850.58974757348 325
3636.171766450758 19592.01767405612 175
23156.7188752701 13937.422278618184 131
13703.777682521468 97093.69912688089 80
22776.36513931113 39317.357280199096 77
85560.33441289401 36284.11472525952 347
8583.403377744547 67527.98209980062 59
38467.75595996633 68756.82420381717 169
20368.785178179405 59481.212105076134 208
8206.81852573284 25396.775700505346 221
73390.08621570426 95427.05090717596 235
17920.88780169594 64753.113400467046 144
71734.37237459767 79597.87255957785 238
32639.61979430703 38771.062726216864 350
68365.81261618984 63125.658281044925 304
28785.3767761465 7774.516721885205 129
92527.06713270639 31930.356196718356 271
90590.83850986196 48826.538236144144 214
87936.53164267204 27095.79723685127 51
30752.44039900906 28076.54331285122 227
96089.12222908797 88916.455871635 259
92715.93418499247 83108.88700234923 19
10501.004265015934 17682.593042664717 222
73689.37867983199 52775.986291405665 301
47063.157829402524 2682.067683120071 72
46519.82152254951 67834.99226773229 22
20845.284158073486 27699.628962969415 229
7974.807285686591 98107.51833601814 240
7226.839585491917 47153.477037052384 345
80381.61908668812 77936.11708896409 118
50592.94597447598 56988.2552215592 18
27097.769223277344 2251.628404310302 215
9631.266919985215 59599.012388182826 79
58319.35661122608 12477.760187701058 318
90001.07015743971 10944.19703623174 35
66914.97153125306 2394.0515095176697 197
60591.678582694265 84163.36591522106 104
16375.352222324791 78411.80712401937 220
14725.567229448045 24966.10113554122 200
30352.74635992824 20692.427464814522 200
48407.86735239008 76671.82675480995 132
12963.374418026951 81883.08236721817 255
41203.53310978212 19964.01427999177 306
7615.456263719289 16646.87356597051 70
36782.02132004118 1778.9995290581119 199
91203.81457151617 52622.171399854946 193
3568.8277212811536 35370.94365788654 113
45647.28123710691 25703.94543885455 285
13875.67771054069 6519.0768824729075 76
91735.03985248956 40089.88253587638 109
15404.754656397157 27816.09905792749 359
53204.77385804295 20894.708261113294 231
29078.390021499832 96971.95922614941 45
96874.52114865792 96289.08042215287 51
78373.62184264515 87004.66182701959 183
537.8841870688933 4475.790871852847 61
88571.46236996299 77512.23450886663 82
88445.6741585041 18729.759398073063 146
37029.01251762521 48645.892753747976 355
20703.520289407974 74357.76585471668 67
73730.1938501708 37643.19964245208 30
66199.3513358061 60836.32132904225 24
53961.52124848846 73412.05717707169 156
82410.93691819861 52654.724949104806 66
68649.1620965543 5618.816506943003 19
91253.34586004821 36919.92298429573 359
31395.34005237802 98292.60310220376 335
69610.74098118894 43231.384798951774 67
13622.183133414566 34411.482344591706 307
46161.34203724907 27546.519434095862 252
50303.976030837504 27377.19802057984 33
62479.88529561825 69319.71744069432 319
45286.94621526831 39510.5008324979 38
46141.220698269804 48092.41078015247 7
25008.387375699902 68016.30550268217 115
18876.946950192032 28635.614805672438 279
30912.45938994155 4078.58545249129 326
91822.15373018672 12479.85768244837 37
56089.160796127704 22011.064853145614 30
20342.570627243316 38038.83850713323 347
0
