1000
3069940.1895741317 7355281.21739529 100
2945938.724432396263296778292 8058528.472259573483218479230 234
2520099.554563912072272373576 7472411.137824139095888221069 249
2465184.573491496155748320197 7329352.721144521494621457222 326
2683143.282531736645311584642 7182337.715576898971796016887 322
3367592.033033722766001624843 6647587.744729214966974148159 65
3787374.811181704235112355822 7547814.817578289905863617200 324
6436307.914511558 1769778.57324364 201
579745.8822299506 5879484.606085292 232
4411431.633883177 5748672.7403051155 109
8965472.655559776 4338035.672958824 109
5372647.159859194 7369410.670552609 310
9288904.56795439 2901620.4645132315 312
6891954.831413249 9447664.82842093 300
7581279.365685874 738285.0336281 247
1091448.7950052742 7401015.708748096 291
4423634.451609397 7818906.425667462 2
2526532.982482571 3338313.2549390118 62
6520184.826835229 5915734.6642059535 311
4930438.904708927 6682411.07424897 51
1795287.4223783498 120681.33908385015 17
3793202.9026482105 9940457.971385285 15
7118759.759190345 2324808.516865897 130
6908861.252305614 8287730.247125512 338
240173.64179452328 7749066.682939399 163
4504587.563393142 3834326.0527950893 251
6619538.8906175215 9472509.500942308 353
3406550.5800578143 4337889.030741161 165
9711198.452506451 3088162.4553750297 11
3178785.42347233 7691862.639335663 156
9938962.987577429 8128367.829303631 202
3684970.7706416277 7669081.950730119 271
1920957.7663819732 6996783.423748033 159
4907702.57273397 8332276.068540298 24
1404096.2739918872 7716263.491614933 340
6921922.052734047 4703538.837885152 304
8829870.913829233 9236472.693437321 132
7891995.816484929 4531095.922475999 255
2588117.435666144 6206031.374649855 159
6477101.668568253 737066.1749989482 25
3048587.2021098137 3498369.353818556 180
485292.02261603065 9596870.032189028 154
763843.0025184039 4482550.021313495 186
2896257.6958303023 9725429.275503032 170
4536286.063797102 9986032.66384742 76
699510.6910749205 9711393.136246588 182
3694253.3763911566 1499488.641467791 216
2272912.4147586045 1428571.246246274 98
8931819.771735385 814413.2990911179 72
4585516.792057523 5142822.896790134 171
6866933.642516078 7689975.616910331 208
8292231.048107542 9034093.412595568 227
7382704.323901221 909936.4639246399 311
6576567.663310392 2014251.0627946875 192
4453117.315557254 4599980.948938596 205
7981839.072475223 9925222.46951497 269
1968558.370445904 5471795.044297772 210
8485116.266184887 194566.45063430254 41
5917040.3064546725 1063544.5011836065 6
8912004.462609764 98839.52671856266 14
7753364.268247917 976850.6138911892 323
1637359.0687882733 6951295.014500946 187
5873539.401684207 6303088.113403979 309
2557295.953323929 8139805.966476085 112
2953334.0086380853 4973902.896413497 329
9618605.495807247 1661803.2468854515 86
5398430.795396552 8282994.58712367 103
2687403.1686579934 4866621.352831069 133
4989532.08193865 7065638.914991177 192
4309041.484676517 6587382.9827975845 160
7385345.469432501 568378.6179454831 162
3370094.145395184 9401107.843257554 230
8235191.156902736 8761239.468699628 64
929377.5436581664 8042326.589619433 214
2444769.833922833 4982046.804622826 121
8679487.053763086 2171929.859886651 78
6352340.324436324 8991634.270688955 191
3977175.31561919 1221256.5837799672 5
3849707.3975510234 5362855.540538119 152
6915773.131820291 5144707.315754116 134
7282167.146893547 2646438.2162045706 260
5738589.349189142 2168945.642987703 136
7795130.50016148 555690.0472709459 92
5991942.565887896 2263182.745440424 263
197813.58145592897 8538557.949175904 200
7561952.971566524 4292580.884556788 202
338875.753755139 8945835.831003414 261
5324715.178839338 1198751.4018710454 93
4396669.570545455 2176939.1566691133 112
5045942.413542417 9355274.100661185 0
9806101.163297405 7003397.080373055 101
7707564.494902458 8176723.031713527 197
3776133.09022114 5267375.685217635 350
7153024.82997623 4237590.086491879 35
5713593.6064616395 2584322.9004866863 317
117479.53908006758 6253341.37468474 61
2847778.902305832 6131936.236216406 49
2382740.4511827664 2859995.5359261576 52
9811743.736406062 2494197.3675334672 6
2749648.82151585 6722423.678756806 109
2610665.821454764 6445737.418595093 227
44037.66929211961 8154695.766682381 43
3627639.283612801 1410790.8416465863 6
5911116.661805968 8127100.606356517 264
5052781.821405186 1166914.0089236351 20
5769351.466450447 2520846.584127101 100
8751554.96314085 1290958.81845963 131
1609038.8853263115 1495721.0388602694 58
2742404.222023157 5014824.839325815 210
1222250.926850379 5466741.133073689 29
2225795.4310260587 3409051.319995571 338
6352732.790921856 9844564.755081393 245
8921976.786264626 8898645.020227008 38
2374089.0856226836 8930840.908971004 89
8720445.540670289 8643014.312644575 290
5308119.484197635 4828077.361353661 175
9608866.866905829 3637433.640767769 83
8437807.428811276 3083293.1086813463 188
2686454.5624179835 9158361.05139302 219
1861972.5275461506 808771.6230223374 307
6477314.7433653455 165111.41890414248 310
6442042.107419704 9049169.15374716 133
5477971.1221658755 2808892.4425361617 102
2479505.6192120523 9276901.25117572 267
277745.9312834485 3741146.820082839 337
2215596.565039979 9318976.901022457 143
6400206.544620041 7212105.259768734 92
1294736.2535466878 5648142.841835062 266
7504001.581585701 5980488.831397 262
1200833.9606330986 7289035.799801308 162
1963486.2588262635 4892090.138849774 105
9253664.169019368 936150.9260977019 230
3799421.1424484057 3642487.9589947755 148
1232739.2013346006 9283014.87451325 145
2942024.541471732 4743013.604243027 176
7010677.45518191 5303655.204488106 308
6845416.037805153 5080307.88765699 282
9105395.674704693 8645661.027793122 191
1941335.4958349771 5797235.100805752 114
458681.46969226585 2334959.1634248765 102
60819.162807588255 2214796.725842514 245
3935435.9114954895 2380997.4996383023 303
5762424.45351533 4658291.716246648 268
3556418.0642379452 9802274.738527771 40
2780110.290077683 5891709.000850522 77
4531701.46648463 741801.3849266347 164
4513546.962940801 3015445.0603331174 350
1761670.3987229143 2825925.9878143175 326
8626930.967686074 4661501.896096858 151
8345235.22596748 7043950.567904477 203
2843633.5728118154 88006.70782853625 291
4310292.665393924 9546555.22250288 162
6136744.60303277 243432.5849160357 357
9385122.716486223 4142410.9019654975 113
5664122.865630367 2127311.3168746615 310
4711929.745919256 977706.5654897965 163
7082745.046545962 7548874.034629969 248
3034571.202865568 5706325.40917846 149
8602487.562107796 158709.71494438057 175
2674156.778632262 11908.543170232599 295
469061.08452550834 5187530.578136242 251
1694203.3659028376 2243289.667989673 217
1149707.49365092 5721640.472186322 38
6459948.95050239 4261044.326090104 3
7795638.87613231 4883046.305099692 236
6712955.480748011 1794515.1585881491 2
1255225.5293121405 7387110.908371895 286
3530168.008058695 1564339.840039355 334
5731824.241892001 6587140.883363799 320
3616209.4144639745 4375808.3969556065 102
1547183.2096786243 1693248.660229355 295
5193682.494426771 5443101.604208705 272
2978661.9657523893 2339304.852490248 324
9127174.115399873 1551.2210798507288 93
3110740.2481733826 2480320.035631878 77
3526528.150568472 2943586.4571830207 310
8011633.300470863 4237433.756077037 152
3533064.2062239116 577264.0954569408 348
7286134.028339439 7011353.6023662705 246
5128451.214976593 9852472.336571578 131
5394389.311419328 9611046.112576302 288
4566652.8400980085 8012257.010042922 138
1888055.527754634 2625441.5294500445 137
8707146.89267349 3449711.9533264153 310
7825356.701917608 1683583.431025283 356
8354056.041633395 3108241.3596298173 89
1810914.873994962 8485034.696652405 67
9943633.672861842 6052856.979233123 71
1145985.3922075268 6392529.00021482 317
2917820.577079817 9689282.132100215 252
9745144.343129342 8922970.974588836 302
2132249.851943727 6218777.153234852 85
4269683.496436591 363927.17754181294 273
333825.9093353846 7745472.895777957 22
7716566.750874468 8189804.221501588 31
1818800.615895011 8564453.420294568 226
5922005.301783206 787155.6549456848 293
27370.243738243928 6899616.317732045 252
855465.290069004 8721187.20545072 280
1249531.7359474434 4849154.424421746 277
5780197.376140844 2890233.2252340377 93
2929081.8784302007 2164814.0803499836 250
8957896.781203292 1422417.125090203 44
9037350.166360429 7644913.596030674 75
9783088.295409553 5331836.020247096 106
7866919.222968768 159623.60627971738 324
4640734.646312603 2420060.140217092 308
720394.8831537687 4697601.011048919 170
8904777.792220717 7320768.666732143 268
5851250.7785581965 7957441.166456089 91
3627147.20803211 675845.2147097738 239
8555987.81539109 9450260.19225119 191
5324192.04595173 7053216.166215477 116
1668642.8965115985 6828217.247141182 188
8303443.507108825 6200201.382555187 18
9481594.340397833 6244315.893152496 197
2536102.530434428 2244610.921467287 1
7307952.835672532 4462945.625438722 348
5712007.796903863 3718145.433755997 175
3124791.5474093514 1986052.211788879 225
8272960.228045641 9509071.077669034 59
283386.2698770484 4602435.520617031 213
5031110.6676419 2014654.7322095388 288
8277330.6046536565 9104995.48975474 222
6636695.817747266 8187547.413898083 256
5922855.282431296 2830695.182037427 233
4665448.162576833 6694901.256697769 275
5155673.393592619 675831.1663945226 320
1265007.8146028288 8025162.341175155 129
710918.4444127337 2071764.2211235077 166
4521355.480601004 4811584.75420218 254
3300719.1706965156 1036058.357583437 169
4847478.630505828 4229719.9932697285 93
7361688.201961519 9953926.290584214 90
7416344.250291951 2344257.373006067 275
2990462.877164084 5019060.7542588925 268
5089902.400497693 1569243.1327461975 147
2180126.238443827 2167181.276974055 220
4394399.407298689 6868410.789642284 159
7968230.495768043 3355550.023775563 261
3826521.110333315 8248212.976004445 29
4495629.201892514 5183934.274840353 293
1553727.1972183785 8966156.643538922 69
92496.90381143539 5778109.06175407 339
4592823.303961934 81642.2138465822 131
1880296.803139908 6546908.10431265 106
6296287.637013417 937852.4391809095 143
4268482.952888387 5947632.347379956 271
2113620.6123283575 2715642.133957542 145
2954074.306668482 4264410.935174633 170
7480786.68009455 459222.23716944986 161
8578474.236989679 2667739.5844759922 85
9657412.23089172 8076744.151689455 71
3356096.0319262436 3716654.112316832 270
5168465.664523889 6918485.494770687 26
6770217.862274987 5997695.582115977 144
5050468.45330925 7348855.602177817 125
4628535.686184576 7304440.279622375 75
7998612.099785998 7971394.341522077 347
3539872.096616323 3984196.607355832 208
1233712.3526893745 1667235.7535126947 192
3941500.070641035 6597085.886389449 40
3413275.316185761 3570793.0968270763 299
5821378.824602206 7056863.054410392 209
6927571.493788448 4387912.962744792 236
1210655.0786502678 9887228.772748439 297
7736810.858507077 190546.32521715132 124
7240565.7110178955 4583336.529840161 182
542883.9447465062 7681011.639563692 346
1743890.5374325032 2041713.0517050398 44
4131547.551783593 1567389.6425150912 322
9538500.871458074 5887742.769353909 267
7785179.099614902 2965045.8342795204 162
9495555.292405749 6247009.724416427 48
8780532.475022748 3146568.2591795907 38
4822172.548193586 1248570.5588277085 54
2613143.5834627757 2903408.9225977655 276
3993507.0954065146 8673855.875814488 342
7272584.686085449 7500097.456023544 117
333141.91474270175 8240019.702045468 16
7022735.011155265 137533.51365897837 74
8927814.249992052 6320842.985508623 320
5593616.400951912 8895660.650484676 117
9275171.785168894 9604939.770855414 185
5965164.683288871 4681087.95290595 74
924527.6609612873 8298037.439116181 191
4372599.96646713 1362555.2399531293 140
5136820.158099159 3617493.175314018 161
4172115.6044853623 2760556.2991128042 122
7004673.674822104 3614341.4284685273 304
7840779.724824302 7827253.537411925 356
5747175.300909143 4376349.797762848 118
920736.521467137 6404486.7919452675 227
138026.83775839265 7603307.183225833 16
3732485.8045898546 5277215.206714867 39
4268830.614945937 6717269.297532106 97
3632700.4626216106 6990298.580383715 243
6817729.1066608345 9877682.898844963 230
4808617.845678234 7376298.805050354 78
9480990.815928988 8721882.741061497 254
8069678.492569789 3008388.714300139 355
8620554.67642972 8852623.03831972 127
7333995.629730816 9754115.531654777 25
1606502.499414839 2045929.4110686989 248
1837417.9359289212 5819641.942098491 15
5250235.253516322 4783602.869439195 358
2782555.405165753 8609233.029865632 306
29173.58833971484 4927905.8440395575 286
2923583.900993948 3638458.1165381325 58
3277154.3037339 6314379.477450045 168
9317650.481300235 5839904.944831122 299
4868051.077423444 2617240.176640374 276
1770115.8568482734 8042673.179042493 124
6977262.252137481 2104810.779042721 23
2746393.8323028935 3900047.7953740708 329
5326183.619509982 8162481.352050669 109
5625056.186000992 2508895.154151749 32
1829576.1805182477 473553.8138711559 10
9320967.617306681 858519.9888247141 262
5699376.088075927 5983145.2443431085 15
3683620.7827608646 3213020.142275079 100
4276718.862541863 6851672.651543772 108
8147451.605627619 4587355.540384054 110
5497604.999074389 1772301.7091266513 226
6687954.726119686 3233961.7331282445 157
1410932.500186296 3182611.514962158 302
1390201.7433887327 5606838.654323201 127
2709630.7729015914 543215.2096195852 265
1878578.7780601615 6126085.301065286 283
9302418.227577757 5294585.149534971 199
991923.7063304221 8136516.495379143 278
5965821.303992817 3684159.5161565654 35
8354867.660708668 4265089.866654905 116
5741514.944147318 5491621.10610417 242
8011403.505546495 2774364.3880067435 168
2385882.0343176955 9900687.439654773 341
2731912.5376840057 3658369.9611074114 314
2660502.137761048 5980846.851777321 57
6023200.413853649 9351240.066205908 135
2806020.4301899793 4658628.954343912 258
6137460.499345949 8155796.746228891 41
8573188.243861297 9719596.90176503 338
1195990.5690633242 2185695.378955769 1
4489785.116765612 3205558.2850236096 300
141023.42895634056 9181280.87156314 83
973252.581032158 2927754.2791544674 76
3980904.6896928726 514992.5588257609 51
8352441.92691958 180673.84376624474 123
4311992.026080353 4225247.885062582 327
7130719.183695148 9866083.756244784 52
4550223.332657619 7758944.110521113 124
5564194.049396944 8980372.175455049 282
2250576.799308813 430119.7080540764 39
2809256.5472090803 6281953.0734677 244
8984704.609900251 9014190.618430395 115
2043006.8138646528 7732829.028870783 98
5463436.478879762 9857777.988131428 240
4090450.292143868 6957296.369964222 201
3866439.775086109 1458241.2160410606 50
3031224.848993502 8605827.4414193 240
7153474.9003683 844168.2147144758 138
401275.08202340343 2633722.1544084623 183
5836110.327432218 8400467.409113424 325
5592545.561169484 2420470.961034755 145
9968458.680149244 9010264.954900557 271
9846469.26341386 9858733.379316056 193
6370782.520040652 5531907.773993454 204
8712040.028094355 4323799.219421599 28
3505636.404446396 8762978.25609872 225
1952396.6524363544 780259.7580189352 139
8461201.48325972 8539339.113431567 242
4835104.725130545 3954467.784592982 335
5799943.304504933 8777158.476474574 335
5291582.1490371125 4862056.910413156 241
5914767.1438570805 3555821.2979873396 209
5303594.142885333 3828498.8915587314 326
7519194.204429485 8670179.490704115 318
3477673.1573472596 9234988.043888524 107
363899.6095343094 2748499.402373138 17
5240721.661964057 4597930.862923151 306
567418.5935800724 1844200.713515467 27
581564.2592594883 9885982.868894303 243
6617520.851283485 5138872.992137872 234
2204362.9909982276 3538860.0848212317 355
4266234.564843464 5294930.842581277 133
2506383.9521684637 9114287.647640215 51
5057761.420861783 1726114.1274646253 239
3736637.3901135973 2479504.3621647283 261
8844457.346324436 336523.32366897684 356
7831496.273962845 599168.928620064 12
265123.2274555559 645787.7262013978 195
9666295.176387712 2721809.553668618 223
2272498.0279736575 5341737.226948487 222
9001204.310778715 547954.5891044335 294
145853.28974361488 4951324.221081217 261
6637647.906830316 4598463.386424066 141
9602131.250731459 4858079.613444279 172
8620544.856387464 330430.89641551225 31
9066087.119408013 4654569.919621978 81
142842.44258118139 9915529.597350778 140
3319540.0303203836 6920498.406402419 185
4298767.528261449 8425890.45231462 250
500962.56184377294 3375384.1047200207 163
8686636.916485589 6318786.307961211 3
7564025.873519355 8033560.793524239 302
7161604.161796628 2397762.7431428917 60
9036310.842861464 5963560.131512406 85
147054.4472503932 1310815.4728531407 118
6940150.732919898 476544.9879667094 84
2135749.8191850367 7909680.195198897 215
3093323.497878759 6637193.809608861 118
8126276.31966512 6957459.472688433 42
4796570.921065303 2443704.5288100666 55
2246656.642966232 6920100.175236516 184
1594629.7081408878 153255.40536112903 215
7422391.0617061965 6368572.204516506 229
3655728.823256931 976567.3855495338 221
7852799.262162928 8249295.125287039 255
1518126.8423152694 638612.5631643825 311
4227338.39039549 8343106.245772728 330
9465324.439161813 9262496.68165081 68
5136023.774885321 5821771.839574796 101
8159802.94987785 3057459.066621323 111
3416614.051040654 2423489.3199957097 212
6183460.928876914 7264450.0924543645 322
1239819.051790707 3701672.877841352 85
462329.30414099706 427440.72665249486 223
4258767.327451712 5211476.822594247 64
1158358.7189397248 6739453.05452678 34
8656071.967199115 136873.12571868725 200
3448439.1717908992 387261.1226768696 347
1189623.732948225 220652.16179707358 145
5407207.513690706 5760306.113959061 18
4860911.220252393 6443248.146008688 331
6057382.620062339 7952488.156222246 236
88116.39932707838 3804883.2168868487 175
9921250.20896294 8207108.606958427 280
849491.9011191349 641117.4352085824 197
7590468.707005871 6594494.66949652 91
6565344.404068937 4233039.795911916 161
5424207.052696004 5222039.388192745 118
6679833.6024349425 4143839.9019594872 245
667690.7334871951 5163626.6489061285 193
3404124.384373978 2987322.0158327497 321
6752542.83143056 8359395.749468382 175
3299618.533639125 3649853.0459256484 159
2405803.718387275 3754414.048558009 310
10724.11103909432 9601099.317087805 63
6701773.209261541 3342790.267064277 230
5045900.235185932 607619.651495469 58
5297285.984303523 5459314.065686619 298
3330026.561246039 1712685.4638936939 148
5136661.860101237 5945724.361596835 143
2934253.2501795725 5531374.435655194 102
8288476.272625579 5137548.425466256 225
8226926.597844721 5528964.922758877 84
2724266.0005517895 3379509.596835274 22
292804.479659865 11329.348678189577 108
3809297.213273495 7382785.49862405 114
4638436.734093556 632514.4327824417 220
5750076.73373582 9359587.14269587 357
8392933.028595913 2882125.4123344366 357
3162806.5103410385 7434789.251162205 343
6687727.259335057 9789310.498554885 200
782749.5436768228 4592827.973696203 273
6898776.534664321 4978368.7184744915 247
3869857.2651902074 2432641.354904781 304
2960536.26119963 1210563.7207336416 234
2402662.291818719 9912464.278287716 300
5336129.5100474 6722365.090123077 335
6046460.976060826 6262368.962976479 315
1694104.236418379 8046808.067555183 256
1115269.7868005002 9922275.267253643 288
8372298.965060012 327149.803929907 319
8514013.304801185 2780240.238888432 18
8705709.418430353 430875.3023187906 274
9624269.79208568 4959447.49539594 44
5572364.23919932 351418.555307329 191
2195956.9049830996 2079991.2646123953 75
7044617.669654516 2659179.159553746 18
4772341.576522554 4438668.578959722 334
2112817.209226646 1285064.941230666 63
8864344.18987467 5872652.0480291955 56
1538274.2146952876 4846922.432782378 35
2383953.1978143523 2228757.5560007645 101
6344645.404302309 2716409.9433069853 144
4142888.572681519 6507528.700544623 158
4816053.459273852 2203976.1578887496 300
7458312.36364736 1604022.4661707804 176
4091900.641669244 4262874.473569759 180
2798596.616586888 9252475.478791552 146
8543439.247016065 2633854.245698972 125
6728291.786531458 8900536.703340434 199
6007323.354681984 3392865.5764367133 193
8879794.022693757 6483861.21409729 60
2430442.5367713044 1897875.0662317735 95
4761008.486904191 1289829.270905639 107
6720531.190981508 6626806.88873272 320
1735295.4953264776 6678801.329013231 192
2930080.6490894817 2289775.0684070927 87
7489870.949016865 248244.23834113762 25
1639828.2274183128 3648863.019399238 313
8963351.689067565 6630780.377973313 64
7722544.07359761 3926113.7008162607 161
7721687.241404145 3206667.0808492526 134
6171984.254383374 9498539.953037612 274
7415397.632914185 7995829.530233702 96
9707532.135463718 8817419.770569189 312
5490966.930380067 1809289.07746555 318
1633276.2017999513 3697177.2988195107 317
3446936.2594712228 4369561.528570334 128
1259732.456538556 6140371.963452671 62
7725542.160241898 8744023.665727481 176
6441510.06781484 9786366.167341482 173
9324425.549985377 8228256.38890685 287
5328908.504531437 7929610.849428367 263
2589122.322036078 7125079.611871377 135
7022502.071561316 2209578.9270054465 358
9861226.218059668 6635982.744516347 251
5195240.758731017 769957.9474427254 243
4610913.242466279 77302.90890647251 62
1337229.372093297 9665835.071880113 102
9282407.040541487 4173620.7950928006 267
6890386.793206505 919063.2336451266 66
2031082.7725470194 6055871.731558199 303
9121288.067920098 3051533.107458649 57
8785532.430599965 6027974.561235981 197
6498510.402341126 367210.6510977635 34
2196910.4245208004 9221223.451259138 72
2572687.6273887088 4389056.795550669 63
8192159.139181136 6936545.202097688 126
5639411.011865636 4321581.789217277 102
4679522.370042515 3323106.736964353 72
1473627.082278407 8492227.911379293 256
6342809.593984965 6565985.083984371 203
5520445.245079125 5927268.514343175 329
6396700.9122274835 9679202.15478182 289
602818.2370679502 1442064.1313950599 27
9860449.893189877 3292369.3422238533 352
3865963.838257702 4053731.033854594 183
7716621.421089049 3136704.798255245 93
1927121.2003714433 7336437.30646215 141
6070767.02347649 6712558.656105219 55
6600216.926243376 4714218.338995945 261
4095804.478007542 4941726.735467395 197
2072252.8033184616 3621108.2181233433 239
1429220.5570653717 6685572.511645877 38
9231767.919434847 9813932.58315232 306
4148201.669553797 8015954.072259999 39
1813078.7779546098 256042.35807714539 215
8769352.329106137 5411951.288133371 62
4847870.354191982 9554659.720405938 172
2645792.274419211 5387290.184443075 312
8728249.848800143 557418.2302254094 312
6744757.709359175 7198941.319022705 170
4747225.932612404 2973867.9665844003 87
184593.93909587062 157923.79615651275 224
6450911.563248694 8058240.041464586 257
8602201.465098266 4459064.270442747 202
4495933.079195271 3733519.102390568 339
7519314.58770446 3104362.858158102 355
4339929.5987562295 4158361.8204028816 204
7397776.659941427 1235005.3959221242 328
9460513.212379755 6949414.6703322735 203
1356649.599709293 245741.3594244928 325
6812460.547150208 7326274.825408601 105
2530427.191701413 1762424.9234594957 329
2627073.657583163 8672469.796143163 304
5715110.108238176 9852191.589779537 247
1129010.8646067244 2586707.135394517 144
5344776.419576331 3346062.3535225843 142
2692922.9027093337 8856983.267715648 277
7642822.270291928 8548793.307554727 4
6972087.227257814 7311839.42876842 23
5621666.317190146 5222464.082106889 124
5542885.86204631 9852341.688122004 110
2356306.620231703 2743718.2137536565 27
4274857.787356193 1927633.764738138 111
8125107.6282860935 4823458.024914167 142
6241314.172000744 1573062.7050372602 324
9215088.332460398 6926795.228324328 165
143361.60297352073 3447282.5850732303 7
4108367.7823915277 2575675.690062822 124
2109018.22450002 3644002.68018925 278
6099645.048391182 6479457.257875428 199
2257179.684717503 7955450.508476855 210
319253.12527629756 3523858.775191191 240
1615275.5043700084 4863618.916997807 180
3692208.8543579434 971546.7448104708 344
4770888.340718527 9757465.754178438 205
3055476.4791311817 3807448.805293865 330
6136168.030742093 6835724.6261327695 220
408588.3358906606 7842005.824448509 332
6757760.845053672 8623021.912136437 139
5247072.072456666 8606475.837747509 71
1984728.5808813297 3266836.290324817 46
2161024.658342795 3751317.6697889064 64
2059022.1378233365 2350829.1778716263 219
1520642.0784608654 2686599.533120785 187
4355928.154989651 7627465.927326144 48
94796.2543496772 3900716.463696281 109
2944124.079620354 1929625.8213877447 85
9826578.656262208 8324514.941236396 313
5348258.588952314 3718979.504654657 60
8495582.83860308 3763453.7023493275 219
905607.2071472121 2074712.516183258 205
641138.5784019752 8192267.29656872 306
6227511.065030903 3124561.897748139 280
4780193.864829648 9787627.65283952 77
5731523.3140174905 2778332.7465109355 290
2532306.654560552 9043124.09919509 279
8987313.866990762 5637392.019731333 65
1357432.9454707312 5855837.029328287 94
2144646.485917141 3552410.518001813 204
8256458.487767037 9145468.508038102 239
2759162.190812584 2641988.398193321 14
5248109.814955142 335812.31613705744 359
9196624.333369985 6968928.819854466 151
90997.91152971215 7502755.767435679 313
9840490.92854693 8824251.886885174 152
6322857.530259135 5625259.028717683 144
9302133.905039787 619787.6948511571 156
442924.39604372124 5580537.120888194 226
4709265.072692762 5851597.729952358 264
3495954.4081533756 515776.476468347 173
6419069.471668583 3571637.899648339 140
6389718.834955435 115518.80893223232 38
9377059.36629562 6377026.184471991 283
4031553.8440497313 2811890.976372583 137
8089434.556713824 4695941.096188067 50
8383036.59296029 2773056.7340330626 40
8941240.43599909 6608439.746684945 135
4616785.185796042 5738137.058269456 235
1539197.636374613 266206.1092718282 57
1726461.8049862979 6418698.930704962 234
8786306.62212661 7741297.766549836 274
1474227.5110625492 1246509.6406728537 83
6414486.039575042 6759547.292785296 119
9788246.300607843 4942790.402818129 32
5426684.897062075 6382734.88212924 304
4106165.623556115 5307560.906442058 354
1993957.5892092087 2530126.1587317414 10
8617174.013960026 1562722.9495918439 260
6815553.377217408 328959.9664827325 26
6521697.412006827 601265.9121025676 166
8104252.306784343 5136139.507741662 54
7164192.199201101 6804757.19354265 158
7899782.3786686715 5857427.874055012 215
6200137.384805296 6620732.190599548 275
2427392.1791099706 7908798.013506975 15
3551239.2958468976 596622.5579456708 14
7513658.169443289 7024118.122204103 287
2368702.404346208 7973381.215157427 269
8172648.048786882 2777014.1858804 153
7830307.164970618 8181804.683927787 82
5078676.216393144 4064243.1604391825 63
6393528.044137387 9872139.498312533 270
9712725.8588516 8090616.76691391 199
2530234.223946073 9711613.570114946 83
5549270.522415013 1258398.9955587792 312
2136940.707784486 2352379.6347633307 101
5341709.8880577395 4492670.676900173 101
4503358.313052143 5210133.886858882 343
5740553.181651339 68195.48263781061 111
4315426.3137424365 2841396.209658568 286
1316842.32865527 4030095.945806138 248
3662634.016748364 1458592.456168517 290
3336229.4369424027 1855630.2544884684 247
6246901.876641771 4788302.592526114 120
7516436.225695506 6056640.234101566 205
3530460.5603859406 3041456.379275915 341
6658893.838016247 543424.7933598979 7
9916927.932772812 9956633.950963467 286
5171967.199245173 9586992.245591441 353
6178721.646331098 6007079.911541283 290
6134591.50546754 6630825.2047210485 278
9244718.094887225 6142072.996199987 197
4550899.471574462 1270974.0271161762 60
4147194.074686601 4722011.973631265 256
4325863.8361892905 5357218.665684718 40
5863597.33770557 8727717.26080122 262
256576.82916947256 6119052.473650922 167
9381285.459503219 2654358.391243871 67
2974359.253596146 6263792.338229002 122
1367006.653916546 2195531.435135831 255
8517702.354908034 9154822.983927535 184
300567.73386954673 268772.9181698606 67
6481700.780508918 5779847.207913073 219
7326971.218088767 8780826.58990741 243
7708328.211359796 4619776.176636886 55
8517076.59378849 6940967.799173886 195
1481518.5785162677 8127061.718838265 207
3413055.799935314 4402224.464924449 108
3076975.5092179663 2188956.082555118 96
7139412.434281272 3006954.558465685 212
2065073.1702204305 2842341.2125040195 290
5763555.116540115 5451357.355327161 16
456302.35396320827 8318925.974124734 309
9216303.93806115 3239435.8822760815 115
2319536.269572178 5003689.141928162 15
6705420.212135679 1810417.1455234208 153
4514388.6972602075 3564702.455552674 326
7301185.998738097 1935414.897476795 32
4671084.940424339 6087392.099599771 288
7030466.729333368 2369477.213872533 80
2179468.28385447 8964346.465644537 269
164155.15160891015 6733719.866796561 315
5338859.2797939 2312936.4543100973 18
5236163.656607565 9189868.164268052 343
1774225.9428240904 8093756.849197077 297
4900029.026483767 2897165.4491445776 26
4196874.159774147 3527983.454372574 83
861698.7935644571 4538588.285194118 121
6235794.931484085 3113410.9121124297 206
6950962.0913642105 7777100.326205558 243
3014386.4207148086 7558164.683070422 271
4078313.8107610173 3477129.8739273106 23
9095053.921474949 1290586.698705829 141
695203.3175309891 5817408.981743419 34
2619618.5160693265 7137512.92841544 19
6012357.357810488 2379177.5646414114 57
2604454.68107511 4545720.787636654 104
4209743.896085658 8454247.518815218 29
8000663.066449969 4503353.818253612 304
8240018.8908782005 1228050.9310393883 294
1252819.6082957531 5361105.568961238 193
8900544.85608735 3318078.8572036647 277
9203009.486540848 67114.4324103301 17
1180221.801874841 6405146.439850522 327
1031100.0465458831 1437314.5999869586 137
7641376.912041746 2726843.378470244 335
9276595.342275903 5253719.491369526 215
6321810.311638271 1084363.593040838 180
4513764.093669529 7797324.473410109 325
8958864.963063147 9070496.26020539 345
3356635.9243137324 5111636.801794567 250
5594613.112042367 6303740.629281102 19
6609205.605811811 8291209.999776665 96
2714796.9905296476 8815512.364926096 152
9225212.001524374 6650217.130182411 138
5318714.125208294 4593871.712186494 335
1895451.5447709607 737104.9043710575 91
8806047.431249594 580213.3473648597 144
9281768.459705357 2251580.367853372 42
6983670.073069173 5540164.134155213 176
418909.929651875 7957432.450380724 126
7188185.935677263 5938145.781206733 287
797259.6254195785 4687818.437858668 91
8663437.238734804 8910248.63980036 257
9448608.11581279 8457626.369164517 199
5769906.124012898 5594328.822547392 345
5950254.767586835 1195564.1496357482 225
108830.39134309214 5109706.767641389 128
1594470.1506598059 3916477.973061625 233
6893897.3847826775 472312.297024855 89
8969193.582803272 1690265.302933389 200
4363115.572597658 9443602.251986517 38
1875888.535140422 3388977.835443373 51
5858448.990051997 3873257.1712327823 26
385219.1910039671 2046462.2955194267 196
3487823.7138160174 9769.266137614752 310
8092877.553912077 4624221.40627231 337
2729183.85745052 7940434.552809589 139
5868808.525798125 146086.89797029563 179
1234530.71994452 2374523.701994081 160
4324272.670813226 5148369.442396935 246
8993435.357519409 7286733.487044308 54
828562.0880880418 9713361.695634276 108
5938309.656472882 4461906.10396793 104
2545817.325109774 6695277.763249736 267
4326551.048949095 5158633.082812588 253
5851728.704365733 9908093.427528596 48
6276130.6086195465 7209338.020108022 249
7735427.994962095 3788324.741750112 97
3749454.53229627 3505754.082563286 168
8175993.754467631 3017793.194258389 23
7001412.751391371 9103982.31968854 301
8043922.996888419 5247339.743789484 75
3549482.806384977 1349054.0337507871 268
4022492.952391784 7544081.116969611 51
1058162.8440662338 7605771.576690309 311
3207803.5314326338 8203605.922010222 131
3790876.707020958 2797501.876128844 162
8937835.105511209 5046537.1572662825 198
969619.6185195582 2724607.4715250246 217
750759.5387404109 3511175.439621316 280
7181842.320681996 2517054.9671130227 201
3494313.018322203 4132604.9872865733 62
3359859.502020116 7636747.508979831 212
6740374.249095272 8087568.814779137 221
3256766.126101759 5164788.290698423 125
8609721.736913463 9792161.261163862 335
65947.48716807208 1505682.6910429555 92
5843407.138909138 4582997.812305831 240
5997310.657420453 5259863.0345929675 69
4782407.604224499 9423616.817706298 100
7168316.100364845 319443.35928224545 304
9913058.440375473 4006143.2447367464 114
4641236.688771256 4017921.5429790705 125
255108.81768526227 4570874.293568581 257
9679538.256560437 4506350.019803285 92
8793253.755964655 3468828.346854965 170
224200.09146598697 1669050.5805323087 91
4635834.460198367 1082166.505021438 334
4622402.345932814 4856513.66031256 232
8281710.521502191 7907216.185680177 187
9732493.67687246 1446280.1689859272 258
7621803.378375949 3101958.989759371 162
9716700.10754793 6087230.25357886 91
1137662.0506736634 3882388.914410719 148
9264004.627821866 3359682.797417196 241
9879219.533326672 4320648.020697368 144
3754977.499676051 8728367.037702885 336
4731957.305965646 2813563.86220897 83
5050839.708881261 2768810.075008955 7
6315685.282172787 2982812.2653328003 312
345939.8111740164 3553793.0343537685 57
9693737.413963575 2379453.319301744 219
9961211.858884176 7024527.346312451 320
1325757.6618457134 1082227.4214474892 184
4782313.6683230065 3266906.1714453674 344
5741881.426299344 4239108.798893399 47
1066969.9446804437 2070940.3682057247 317
8241267.1603338225 5420894.7595052 82
1413845.844252669 951754.0482671971 69
299049.64509755437 7279186.55681279 239
2939833.93715763 1703045.3459511918 148
3631607.532360417 1451401.4939057229 139
7001560.972332342 8810570.663817411 14
273456.9534286235 7220770.875558606 8
4802025.76417996 2811277.4643908143 244
332791.5815793947 5091263.595133561 176
6405232.895677457 6089026.503302013 304
4086849.6829068433 6955007.633119501 189
3485750.2719306564 4342923.214500799 356
4232876.51921091 3203107.077618056 275
2509854.5699708485 7681828.312912965 36
5302180.7832395565 3300828.989750549 29
9108184.500189181 833520.8985956899 257
880837.2994078939 8057287.361209389 226
9678944.14577464 1108416.3927712787 203
8657613.566227544 3567239.8736910527 62
5015637.884213254 2180392.3500475176 332
8972823.371715266 4484896.698727637 159
9728464.297280123 4018008.5253176433 160
215592.008316442 3679313.511459217 155
2576831.128841501 1115017.3166432974 49
5100461.52291816 5355869.698885982 326
8489821.953426829 5793138.930768485 99
7343380.477948011 7909781.31101424 167
8795394.524367379 7631010.712945609 118
2512688.4241699222 1870321.2096642973 27
8777787.122051349 693903.8798447772 20
6673332.462859891 4784556.808151231 342
7037942.157086534 8297119.720542321 12
2855992.0417807726 3702366.4736702642 359
799721.8734785671 6880514.939067429 39
8755758.08716345 2265651.0097921635 91
7402187.220786069 5937463.600262392 81
9194525.297922926 2226964.1573841083 330
8467895.379128978 8509362.877682637 102
6784736.713364329 4743357.550065892 96
6115036.85970777 258666.19685149472 121
741639.9579352951 8716822.627931103 166
3097402.293972582 5341770.2502483465 25
7454069.630705541 533261.7207745449 24
2678281.100458891 848730.0125892727 227
5418484.961247111 448279.11065119965 281
2308424.9326568707 2794992.914228632 163
5678695.44262792 3360879.3256666083 249
8503546.33519849 7554731.547072602 324
1020763.3747924815 1966574.67763376 104
516735.05418011855 3802681.5737032136 186
8589025.856850846 9506036.715274896 49
2354095.2718309104 9237554.567075657 212
4253772.586487442 8775265.01403283 248
9571870.284824293 8750628.703297954 290
8320263.6578305485 7620271.239945316 171
2480906.758951448 7752832.24932139 319
1001336.9075228107 7978811.895783693 251
3386339.1680002687 6894619.72191179 82
8254536.122146941 1447877.7757104312 339
7824988.008197389 7663215.464170493 220
9100519.73798462 9157893.939916484 130
6924223.609304383 7059656.580590521 127
3722888.444005613 7659077.388702759 179
4187578.2310486655 329395.27997522755 283
7773402.626885145 3488626.9622692433 326
1112154.3224469733 3789100.565878374 13
2766122.18412154 9285467.702985946 10
5119149.362890101 6754428.627967582 226
1045889.8773787839 7910157.160231115 343
7221762.666568172 5740233.426990048 43
7252022.50507171 4882713.066921818 172
7194472.761630902 1114512.9461477431 84
1509736.7724170252 1767365.6622120182 15
8734200.472352035 8325580.790601627 354
5185198.543789883 1906557.35155278 178
7152287.160652937 3869431.703200422 359
616141.0701898562 200654.5564752904 80
9094074.58410109 4550217.2478373395 264
8664690.007994398 4073189.4952128967 19
6534197.526687877 7473877.857044941 324
5241009.248132174 1203770.2958894735 94
9837659.672479607 6387830.16554659 301
5872450.433971061 1524833.2111775475 249
2741034.859066911 1973215.7230827396 120
7114714.967573948 8143277.632656561 259
3041601.8997041294 7865965.175073447 165
3423121.523507048 3319061.661197098 298
3547913.120981344 6606944.966739967 356
7962331.271342533 4973530.577973376 344
4081185.6126457634 6099034.42041779 57
8901567.33578656 1193124.883221074 10
1821052.5089368534 9037708.972193606 193
3452604.5408589267 5976551.824440227 138
7404484.375435453 7684208.268320805 65
3731315.1165140825 4293068.361867553 237
1692165.812585199 2409063.1133548324 120
4914646.624975385 5524482.181825191 239
9533600.886374816 5126631.669332485 190
2259481.8025047705 6458693.871540677 89
6695647.986810327 3962577.6082930677 286
7440441.9850765355 4629318.4396547675 180
5852748.394637731 4347854.587048436 243
7991634.688882119 4310884.634754078 341
2057278.1779341244 1567939.9419642503 305
9967203.690503009 5140798.539510344 310
6824803.391942521 9631956.560622701 344
7375742.712651543 1584113.665782997 111
2119206.5422403705 4213494.762296573 173
3860295.520032294 5086091.350695438 211
499539.16444499866 7903532.153774795 317
3814446.4479925255 9604474.327137947 177
9129294.534585599 1606566.9544790562 65
6715351.45021167 7863195.394288098 194
4387149.344391162 6194129.332544986 202
4732075.957614817 5247893.6968567725 273
549659.9759784692 9267229.523234146 302
6915117.367055996 6444046.147390834 298
4522309.378163664 1686631.4618776958 21
2166205.750798722 6285755.132255354 118
6874238.073874927 7439450.631370757 33
3901172.5113068507 6431103.641924378 230
5239964.245772877 2250452.272546146 222
2018239.802411127 3412741.5913024074 358
6728059.279982506 7252105.614634628 22
9512245.082795365 7232571.587665737 336
2624316.470638536 1848739.712202061 290
796908.8863766316 7432133.934706323 290
7819497.661781442 2508606.505152892 332
5160820.812538067 6126930.821798011 301
9634845.627907222 5169332.120991474 329
176273.08391143236 3793899.1637536646 16
3962743.077897921 5029341.52797119 356
5759403.18450535 2780186.1053125886 96
1838560.9255618053 7817788.87282368 249
8940950.79876018 9355764.943236072 40
3298436.881011956 9490912.459507022 129
7388794.608251242 7767807.043764174 211
1346305.3944264504 6666435.030425714 234
8546147.624281948 5511290.022223146 242
2441823.684704577 6512217.410778056 130
6305116.646887186 5062488.245464679 334
6940662.028221611 6790626.49362299 20
9740673.688953003 2939191.4937472087 234
2726153.3903272185 9210565.921530752 97
9417339.730007851 5929728.888878827 42
6685787.072893657 1198361.8711169662 184
3810698.9847359206 1479490.056927989 80
2619700.6445279503 4506256.646883072 195
6961798.864617285 5873661.032596306 119
3499427.822599843 4300746.827685104 185
2107216.2484080824 3067056.2476520757 96
2174785.8747343407 5876669.940141734 284
7827934.373004484 2809265.083777953 207
4123559.473281676 6206242.703006894 315
2397559.6240095664 8499705.27990336 189
5976094.973661363 8129852.070378385 174
9423428.811881421 9072184.020582475 286
5842380.151400823 1302894.5180110352 227
2331467.077611836 3277591.6226680735 294
8283486.890741157 9684244.400919724 277
453269.9690084474 6164853.395107853 242
2634954.196277387 2743560.6267487276 121
6397300.719527099 398185.81871461036 74
1621614.6369657258 5631486.471081614 166
5252708.961129108 5115898.602466732 19
5008502.787202938 2774613.4565097867 68
6529619.431715347 8687952.85872979 241
4057733.3490604106 6794224.925909434 55
1953941.104811301 1633755.2348022454 196
8251178.996709887 494905.5738237984 310
4858299.19121049 4322695.497478642 66
1272232.131445714 4343784.365382897 138
5671120.661075386 8540851.867794426 63
122295.2521941345 153284.0816518677 267
3468216.1486611506 1840000.3437598767 251
5122190.705202651 6206512.305282431 284
7200210.865161189 4755557.512805979 349
0
