100
42.549257473273876 30.758161838631274 250
41.85545692113426 28.85196048802254 240
37.17852881308243 20.75128338152979 199
34.39658939651279 19.793384821905924 334
35.46482530824447 19.27237135547802 145
30.52524072800132 22.731105714188715 0
99.77221112656082 43.86276304943324 270
29.587230849530556 27.70437266459489 88
95.34494563873078 40.877127395956514 99
86.40576198738546 19.087525826366303 175
88.62687115728082 83.74989170857243 261
4.052527001849516 75.42166454274917 6
92.93576840054489 20.414806895399906 232
1.0652546264395713 86.84691147608376 331
26.17034950476048 56.645921010151014 18
20.596793106926103 82.90895666310733 126
64.27183963970361 26.42003114220217 40
25.813850914391846 82.58096177439862 140
14.790444644031453 32.54269608810346 4
54.32450428697495 62.658742251006196 310
50.192443635837826 90.16486294824546 92
73.00072763863625 56.29899298765943 248
83.75034393778863 37.155720457729736 234
82.78815351768026 93.05181755942485 260
30.78308470221003 1.8343297831867833 241
58.20621241446764 5.901120912775548 30
73.0814239444228 38.05874896506087 15
92.15551635533635 24.689563984129993 86
72.39272090641322 54.14212354300649 64
33.35259973339381 47.56105732248548 151
64.51701321494633 41.49867307815446 11
77.69770956006363 28.283142269480845 129
21.06018745272862 55.7519930741418 141
49.194482749615474 93.68017141374727 115
83.6875778656322 72.9859457787001 329
75.78079330575315 35.324305532705225 275
50.288794388309 1.674441948102634 37
36.523261779645075 81.61034449572011 4
7.86453207591864 70.39430337732868 281
26.143382531664006 61.33930408466449 148
7.018588269817261 93.24799000873205 342
19.5185770885803 15.732058180122488 341
32.5643261056336 4.7737505372213995 214
32.96281258086078 84.40014974430515 256
99.7156232308806 8.598447573468526 208
79.75576749650834 30.0286929176778 91
18.706013214711405 14.328230881818449 250
30.693640545317603 94.00840188608535 325
86.60989625716863 51.03430085025238 109
98.61981411037043 15.593538349753189 225
28.195948294233197 31.948263666590172 167
13.144015084939142 39.00513818009814 153
32.78432842120085 38.69498129104548 169
40.89815754699083 86.40098864051456 266
26.328591085483776 52.44960751500229 314
77.29747735384089 34.76678059540262 293
40.559257391199765 19.208281180983157 308
87.72474152838925 6.58100225126852 220
29.51559063869703 84.8507098731626 198
63.233892418993285 71.57033355432202 304
88.17647875044167 63.97682358752829 336
33.59099292212419 41.79182133990865 261
29.791194716224677 47.519710517053596 279
24.043716490325394 17.79812988803312 94
3.324049506550686 44.421996474025015 213
20.140345526105808 10.215024382462435 7
98.86668364763487 77.65651725486411 72
27.46449883327652 15.06803723152056 18
46.84753302604497 83.46516161168319 286
81.27677201271486 87.36240794698263 277
75.71430154847498 32.3660867033003 175
23.84770275149226 46.65893010077308 328
88.23416944967302 52.03690178244543 136
83.62343836816733 76.64317111725988 200
63.25865923730672 63.673586250943515 103
9.38569987349036 11.552717707871752 119
20.405652162312503 32.30162733290073 80
13.084159440432675 40.95117814521437 199
74.12190155588884 40.77360879337032 199
39.025375078955484 80.57582852109495 197
12.675934708782888 79.19941780443038 248
24.13289867865621 73.08877253779167 80
22.934368278962502 86.40494076158721 275
58.79558051672657 53.59542549717432 226
33.03516530850603 62.62685615876437 63
12.37740479539059 10.655315151267741 242
84.26484423562152 24.723004056971977 83
31.618453044939933 90.25361272221667 323
33.712392322818474 9.190871608476737 243
51.630426380957985 98.2765747979491 324
78.52748493333014 69.19280765288055 135
13.591311126557681 47.82790401889751 125
6.392332961533143 38.75524064260792 257
62.330180076430544 34.58412281745726 354
57.32149778163736 55.5466245748361 139
41.8884471398298 2.4377621758451262 82
62.201918647935784 42.41150830703789 28
73.90355523839979 74.5071849027369 31
85.32079433764875 52.01521958771025 194
75.2009740054908 24.17532526493309 70
0
