1000
6984634.948384037 6035468.377262543 278
7059362.707368066992208616700 5503752.743565951510087969681 115
6640280.041274509668275507782 6402478.421269182051151092734 342
7288015.482059308945156994721 6192016.418610097245874020006 74
7529172.543275757014687041720 7033031.037130564547978146940 19
7595092.362331602138458852463 7055729.051094550294793732833 73
6182318.16583078 1968724.814431051 277
7311420.661622807 1104346.902229172 107
1202981.9586537504 8662962.02898991 341
1476223.8494368428 2717980.745795602 140
7021297.250399947 3957377.87389412 217
5279870.883543411 2027198.0064619144 231
1578188.1232832528 9454519.752812376 243
9927423.629379291 8659044.875873085 243
307960.99403438193 5362845.791347316 162
9865744.445539547 3511862.06204142 326
7233014.962554415 1628191.2652257057 223
7689351.371277334 2617705.0234858077 126
5384117.234399343 381580.9170117146 85
5156357.701593117 4952398.798612656 140
4372637.00021719 3467706.133220473 24
8443067.670238126 8486631.825557107 133
2056983.6419474906 9572862.358277557 103
5748672.98303193 2605016.0895045595 56
9093570.672203448 9594786.79418019 10
3502676.9972430714 8135442.896707715 353
7665328.922342514 9390765.025812754 326
2513495.0371640674 2909392.405065101 291
2501349.3161285194 1163971.087602118 304
4130290.3297749716 7211339.598667296 158
6277600.094413703 2534291.860225588 186
9579120.638660807 2132421.1936017424 161
2349008.7700567963 1162712.195004356 187
3905760.541161434 3597227.457931029 51
9689462.896669514 562149.549453762 26
3105827.6648960826 8648123.220173595 187
8944170.700785106 5302828.363797541 255
8273815.683560919 5102836.4171224395 4
5139887.113238849 7868520.200872336 75
3604495.497091642 8984673.80611642 255
8399070.647714466 7211283.0499979565 218
2082617.4713640267 595554.45281818 107
1917563.6332170698 8051587.060354845 343
8390164.055481285 5630862.790478296 227
5509945.719984287 8775097.611039525 52
5845473.176029289 686488.2659520711 357
9233853.251052257 5008717.0886211395 222
8592266.291688936 5433548.25242123 37
6199652.320972572 5050340.1404378135 140
7956540.388708099 9396771.61660874 176
9327148.26980857 6275005.702598451 288
5156432.270752712 1154369.0251542372 63
4102843.563272036 452986.5590668225 353
1683289.5018276395 4310141.3300829325 61
2844596.5189944343 9832818.982690312 9
4398622.2687744 5533825.591196485 76
6549548.394722496 2042415.6104155832 88
2459191.4868621235 2285258.516652683 137
8777680.500438942 1812649.6055103848 9
4273322.617291816 2635344.1337313633 244
6029182.205025702 3708635.189679578 309
3733133.090250954 9185359.49493891 87
6918605.582633131 6191444.899876915 158
2515268.4970062743 2267079.194105599 305
6337983.064970678 393197.4580276987 270
1223015.0969006491 2808931.285341423 30
6692453.712855712 2855519.658477872 56
3727236.1024266123 710963.3666734139 273
4590436.536884064 1745898.9765749 26
4819664.208452554 2117582.1882913224 113
7738785.312949626 1666982.2461608374 182
7384090.210932272 3622342.3503373386 326
2335567.232363683 5821356.2976676235 318
881577.3953476048 3376814.26480567 144
3421850.2929422823 3537792.795246559 56
3678234.3515639827 7495927.491391266 78
7871521.020235054 2115561.2707056026 73
2787575.8900464973 5526148.667229089 173
3465844.719183557 4546981.234053968 129
8202551.519510769 6507525.628849411 136
2018902.0565074566 6839551.027508211 78
9754236.892134571 7307411.804899061 15
7691897.646239303 7906091.583155526 173
7199748.912541125 4645129.638010949 71
9284106.94142145 126731.61929883547 122
8407241.105978183 8281902.482316713 148
8131287.4515542835 4356711.010917197 285
2899293.9095487115 6058783.9626170555 174
3471952.909196543 1955885.2692958785 89
7997316.42240378 6166656.59047161 98
1444909.6498318003 6685466.278895798 236
5663705.872041792 6501090.139074631 157
4170826.7029379685 2353606.116424385 220
2792747.892972192 3845142.2361299735 326
3860529.801153806 3607121.55808098 266
439714.7285155356 7951674.580926716 84
6612870.171169979 7258793.454829132 358
3410309.3345449474 5995991.680361143 5
9685523.665890452 1183707.2229830115 82
8285060.478234561 2678299.9372943183 81
4016119.553570092 109741.57548432118 24
2634913.731960049 8168421.4348937 58
3322429.9944789894 7320195.62532555 118
3966674.186276762 7906528.2203352265 42
4270159.512289036 9690533.7350147 305
1282549.0961928964 1412755.7374275168 309
7546703.56022643 3164423.3502709363 100
6422427.14184307 2065868.266684885 79
5741644.427756472 4376662.695177057 13
9880836.33306867 2651138.4865708533 41
4149627.6872006645 8850329.002941966 6
7329896.17523805 8323212.404824637 297
5490461.895069733 5629578.120867286 137
354675.621437186 8075577.0384134315 126
5398235.8321777135 2624544.553406776 1
7875479.250284411 4305040.797420511 158
7175367.198041041 6948792.159188658 3
459923.3432436034 4402011.41568822 172
9965034.955044886 6533798.000168599 272
8324874.373620749 7186501.654398088 93
6374711.648939666 7731626.043646338 246
2076426.5492128597 2425113.9442904755 171
7531013.385724622 5934931.233391455 355
9733581.082910944 5538694.59490107 220
224136.46989211443 5656458.309537439 318
2816257.286961411 9802628.3609333 294
2651729.641601055 3096304.3262352543 251
6472311.717057161 7656606.168783703 243
3030439.400686241 1117204.740385145 191
5183189.55510927 1529227.512197917 238
6972716.638396398 2242239.689116199 247
8667424.469614005 4442719.874764122 191
5794954.544151333 549321.6015180069 117
3500989.514790618 6930274.596233716 319
9868088.820242394 5870601.236116753 168
6901394.691196437 7381531.600829313 23
5331113.413745341 2496844.5653347126 28
3656768.5926053673 1010070.5339347393 231
5986813.0604313975 4229018.056044319 3
140180.80489775597 18838.597963626304 311
82590.69024953769 4762258.805448847 65
270771.7805294152 5322885.287694846 197
3123189.8542552516 3346647.2220739727 306
3647164.1240056674 278799.9916519246 72
4801115.736347255 6383092.10776555 120
2688450.519175266 9890904.868294021 39
6676836.837709579 2724363.3277191957 5
131476.66711468608 1775677.508677239 247
6515723.96204887 8406255.006662315 241
7635570.976675284 3605195.860259939 271
6843773.030094516 3424837.661095025 318
8830879.59329178 3869811.8497011904 164
5171422.7773525575 8019498.072182043 188
8293935.207628736 6312968.144351934 284
8203964.995077531 790041.1332744972 313
4549087.064142276 9691668.178968072 144
5540256.62916903 5521325.146677114 325
796295.9500355693 6133550.431194919 125
6493864.499262483 6731938.407699152 317
7842837.045576219 7282054.70440042 106
8105400.828417651 5898253.93269237 303
6573386.22030191 4772411.388591445 120
1474058.4430241066 5237402.9502532985 330
2676085.78729803 2896440.596577462 297
5695015.6759957615 3903072.0913714743 25
5342469.346860796 6369646.032941078 320
2204615.295692963 6224531.760782072 107
5838931.750007501 4375991.361471435 359
7541885.48924409 1892578.9699013873 291
7209603.26845876 1164905.0422193797 130
3222177.9721345278 4614016.571262633 178
9383865.531649314 8589892.875190476 115
2997301.565352085 2897041.3021849473 41
8577932.730632806 668469.5176338296 18
8597107.435785828 6537376.880044209 4
1401886.2953752899 4116606.3570371782 321
4926696.775111756 8001536.349762316 92
2783355.0221219603 9442092.222148279 113
4546267.042242495 4242231.251412364 129
8997705.870529976 8646166.270275133 268
2083855.6977164568 7275907.216257398 293
1298443.9699079609 8601732.376690522 81
6910145.55589568 4168866.2928757756 32
1880223.9907742857 9589076.339712415 223
1914185.270113894 6924796.031827927 175
9863701.598619504 3163124.1693497123 83
1348184.641384055 398323.4931405433 357
567987.7041450754 2225490.4195772316 356
5356364.396774436 4750729.888786716 315
2762930.4877853235 9970237.747022908 317
3978340.10854589 997762.1217051891 144
4519770.036367451 5679881.255225456 113
831785.137627612 952841.0685728794 7
1515174.2328449013 6864475.915555547 254
916013.3399004322 4010430.125647596 156
2353522.1059213583 7477417.101168746 80
1492977.9828833456 2030342.8890401742 242
6839941.265890687 2663877.168976143 353
2724786.584596829 1358926.3210042922 212
5920899.320183896 2983408.8884148877 319
836547.7511320863 320192.99523232016 325
3007051.1534963497 2256784.041689818 219
5964276.584623457 4520367.831676172 300
4444847.632861029 3603027.1834092033 123
8257014.618738948 5048484.7291804915 310
3228648.471158795 3430399.5175507898 67
4069495.5577212144 6681366.2979668295 217
7717232.559295162 9058138.684702571 280
1074915.693014664 8534427.523047263 86
6945659.0030037975 7178867.6551049575 75
4181663.2977296333 3185299.8607640094 88
273156.3280325822 4902754.475453371 125
9664443.72621059 4878749.079840686 212
7881031.1234898 9201567.570411252 258
1963458.5205511434 7283324.752418131 20
3426483.7916790615 1215256.0127237965 64
6471669.492947113 4319711.093584237 25
4554689.765852686 6546381.534725711 86
4287669.210980483 9553448.98604741 259
8519917.607082525 2988703.3523085206 141
9097827.100478275 6494872.994420765 359
3554681.979396417 456597.6502135227 68
8860361.522219215 9592591.292689765 89
9381429.848513527 7070773.726075018 328
6648291.55562859 1510715.5187864318 55
5982379.797788473 206131.55062461752 293
3961061.32106663 8903774.651476398 151
8721894.199196955 9308216.825858494 137
7054609.71072276 5683077.699065303 104
715797.0385368662 1197176.8492781387 102
5645047.104464939 6045821.935701397 3
7576101.292723987 4925420.378165986 189
6582483.941955718 5593767.870207271 118
3520990.179605673 8788812.0542657 305
6810202.148257465 8931122.149032818 204
3446819.60939879 7435256.120289265 269
4414714.133903984 2750895.4889695547 286
1608847.4979335133 3621374.222576804 341
3534135.040458457 2425615.0278831334 360
6570678.786105699 1695929.87832499 266
6207278.262868279 8827187.829563329 191
9607448.96842795 452347.75010176585 257
8626791.375023482 8804175.799819097 13
8099626.101183333 1759794.02386386 34
6230892.8146347655 8460394.079061776 108
7338797.772024548 9774509.516971357 29
1300984.9378530213 4078831.9012476415 326
9346341.797595413 9547961.960435215 76
7058936.582259737 2446059.408854679 50
5904714.842984238 489079.01533659315 77
900456.9125073347 4179307.7508106404 46
4529621.957958415 6946801.9773949925 240
9314181.037558941 6584171.136119118 43
3016253.1682463777 1333451.8707899323 353
4839640.959273003 8749085.335803416 149
4968995.777240481 208513.28858339624 55
4197962.078834577 9989500.969416901 110
6858999.69158703 6626812.084767023 239
7633968.101574298 4407424.01299309 60
2868925.4277787977 2555007.5239159954 151
4864400.473506912 2349429.1567568495 33
1039547.8207219322 8248505.800210901 314
4293368.169345177 5917678.118636545 113
2886426.0283906297 7013423.181754981 121
3697448.544581691 6644639.988107328 123
644594.000269444 8608393.220396042 308
813623.0220274088 5015647.0427800305 16
3378789.248393904 2510710.1946401624 231
5122864.955059291 3802554.3715020614 278
86908.90883121804 6041870.56762936 95
6703347.599274113 8815070.13157337 59
2339651.1636239826 1297859.0823928004 300
3226657.540767548 4800840.6107024755 91
6036963.803908899 9811662.850891886 52
977591.7384391752 4555235.034857924 93
1814653.0920993576 9108928.119715171 154
7053624.155899947 4657683.693849282 341
1633944.1287808886 9850346.521304911 229
4659154.3230108265 842045.0271674452 134
1666417.972241807 3890130.106490588 99
186472.47286139312 8985765.11665536 323
2344841.025502168 1692349.627470876 316
408198.25600750704 9935503.8675829 78
2252334.639253112 122305.55688322986 230
8591489.764404923 893839.254864549 127
3473734.132005295 7860861.08831734 319
2753320.184211809 7254563.763069282 241
344146.78922665364 309329.7373441939 86
9850535.114246024 894232.6324902116 225
3898054.0746779004 1665640.6375494981 166
2155278.6142486846 5191412.595504461 258
9866323.912998365 3665372.3710083785 267
2322899.2659179624 3241732.3057043743 8
1164454.829085475 9867999.508159373 213
7053002.143224329 3577797.697715478 246
9351384.355485132 3734577.878367481 218
7383148.0894953795 4165107.329461304 69
9581578.50851719 792930.0310773856 206
8386725.054281136 3338322.4040605673 340
3927311.125141981 6839652.001841818 139
7873262.496659478 4596902.792861012 334
2257331.4147746447 8306317.7847481305 306
4287939.991426075 5114983.753950051 317
572126.5986155833 2447839.994077733 148
5251999.903580946 5162096.930392049 253
1290189.5569850674 815331.2663214674 89
1668136.575749952 7972134.455416524 70
4152886.456912518 3534393.305755329 49
5023619.064456631 3009571.142034939 179
2866144.930962612 8099782.893040937 324
8127979.105857526 2853159.89553394 38
7112723.93463552 7505641.063228128 38
849765.2829589364 2044767.6553231275 324
6170655.594772048 5033111.064568526 245
6206995.122611927 1277478.8584146113 300
7404295.983532748 3910379.675805584 207
2816667.273112676 3632856.5218548425 98
1716108.3343147798 6215711.61828263 333
9452461.04445873 7313326.312968645 110
8112301.066895638 7231374.911454907 254
3555421.3141692868 2081660.3295152069 256
1239007.172625387 6611696.837929898 242
7857730.208549834 3595539.1368617686 245
7332397.058038839 2212608.8347623753 38
292807.39995044324 6899721.376300128 61
6568536.19388776 6036820.094788975 9
8515730.445263386 2144225.6237076516 220
4149977.38891792 1640573.7814275413 165
4869436.261122929 8959910.606005609 301
3567094.4258750523 7091594.580069448 65
4825391.518079679 7653865.835836449 261
5590742.120960012 1304511.7556698648 337
1358287.389318451 2763909.8764097937 254
5368305.4773984505 9849480.374945775 358
9356578.53088824 839456.5400066711 278
5834085.8750981605 4684366.521335765 71
8377714.269463722 3690030.1313780625 218
8245408.939614793 4830245.497937461 132
3673163.950695755 2216813.0439189114 139
2755310.005930376 7546801.408619658 58
3151922.8154375902 2586608.231417751 214
252764.38308934224 8888821.344416974 302
1961921.2140602083 159111.87845606968 110
1124280.5996179916 7723293.482854186 203
4774867.419379115 6221655.70521054 83
4184890.7839049865 4461566.383152326 279
9665244.606655164 6808577.580156365 139
1154303.6277266783 1355499.2274102117 117
9556829.495586438 6622358.100793245 10
283173.97272414004 4708313.986496488 80
4922676.644061079 571790.051522727 0
2993869.6626534564 2050831.2939070794 290
1414561.293530384 5357857.636361687 109
436208.6644918506 2225873.4603025853 26
6328743.272890598 1430793.926578453 178
9914388.73745116 2265501.2079408485 195
2357269.300706594 7660440.121904973 147
4913758.91761912 6064882.880575666 332
7993126.580358589 4614346.307491964 297
8133674.480538181 4183822.7769545456 106
1238539.6043802544 1387910.5722152342 164
6104949.476104683 6310101.543093258 352
8663179.159795396 6474723.603903293 211
2546106.6893041227 1353020.841495276 166
8204832.304376507 6007729.432213719 27
8485502.908519445 7754984.372531802 74
3879658.816781326 486663.19795058866 349
172468.97077862866 1055031.5362807184 126
892625.1446321765 8026175.579342696 106
4526364.308792644 3877525.3226160156 272
6026018.499966271 4675779.660470756 92
6003720.859556082 8893298.735705324 304
1805566.5126056054 260006.86339482383 88
602254.6932978146 5725792.685934299 180
42921.60712171644 2196045.910873331 33
495724.85150295333 2203408.9489252684 219
6005647.471490528 6687667.272999098 208
9687878.14375719 6541804.191555103 276
640230.4089717625 2179282.01767404 173
1124425.6052487611 8745999.071675483 235
2908555.794365232 1957930.5365820676 234
8337085.092287678 8186030.6047551455 6
4444444.131797221 863469.5999956266 281
6905433.695153504 7013628.134297269 119
1954036.5010926297 8366385.3861357365 297
5192661.060515589 875321.8325239109 52
843001.8042552656 2504551.135313101 237
2858334.1232614 1347172.664214975 70
2546207.8151077237 4985523.688202444 276
3102827.6023496347 8242390.315046773 318
5227726.924979005 1368500.6762833507 33
8365431.963700149 3901089.9773671404 184
4342129.933684901 3779099.3417996834 263
442301.0871098632 26272.10148957726 152
2761268.523549141 4975930.091130104 80
9552663.41861578 3053873.6551467404 11
2254874.5729210074 1798283.0293221208 179
4667550.343047303 2460543.4799704384 91
6677863.664702166 9088992.344044857 201
8233716.548856526 3897612.624195882 163
9901661.14604385 9074842.91044154 119
813505.6539577068 5332753.71707694 3
6043544.955496627 3556201.657983473 354
6203181.249074935 7886472.562777908 40
9484133.5882855 5190348.072943441 109
8689047.906300358 5430904.576103112 19
643683.5750348447 8895107.53257943 150
9853114.977564275 8271231.285724023 300
9814351.585467841 7935177.914790812 176
8358927.610472944 8555295.569090437 100
3678433.670051725 2979400.7339451634 313
9986137.3880697 9098751.721859738 160
9235096.916236611 3165157.7910993835 299
73528.77358421161 8074787.421459263 276
3786945.0593993072 6025881.36996502 56
1063248.9428717496 9715928.971277658 252
6383543.975575388 8455497.620640954 339
6199870.90074546 8343051.692090728 9
1763741.3463987617 3707154.806422751 336
9992693.81123924 7786756.417900484 348
6620050.092991557 8431832.381835675 27
3559610.1051380057 4265794.58778881 306
8683699.453532754 613931.9580583635 78
9883306.332489809 6739793.164826762 286
1480643.5739847834 2390952.9422561103 42
4448158.91899854 901200.8819828243 125
2291149.0307828495 2396538.6906457706 285
9747491.731439432 8042478.688961915 217
9677829.132754773 9227677.582231948 233
2752661.0974802724 3600623.4169899644 194
2548628.114117757 853351.3796741643 326
3864830.8116400354 9797359.82683438 69
9596715.93216904 5490624.120125818 328
7190154.714173822 5645133.552726776 132
2013904.548837102 1913169.0663055223 178
2921824.122793729 5524017.645581736 120
6537870.470390001 2690274.7807206195 191
8121184.5235906625 7374719.959833806 251
4680187.541595099 1423232.5415699098 198
9941036.508453436 7588287.644795223 230
7913390.528910581 7141175.756477096 127
8281725.493668975 6007268.801460955 17
8219633.881100381 6053084.568882427 242
7244111.536784318 3670262.336009682 140
4767415.2501484025 2526021.899321017 263
3373780.0323454128 8040731.4059210755 342
7740980.466608216 5078819.736883636 124
5760646.379396494 9037716.333996752 145
8628406.809933124 6108857.779038345 301
7662423.375946938 5457596.626302877 54
7919152.022891864 1546780.2628178706 245
8178798.941730152 7872427.840557133 332
5974948.947688444 6148906.960521813 318
9268367.505390454 3613499.0540326717 151
8859673.51336088 300468.25733266 140
6332799.119028509 5812852.621584918 342
6662846.89887512 3625858.0640148 86
6422784.326961896 5657724.288154464 336
7883472.598524796 2192353.7652526326 101
6970021.350025287 8590972.617960637 201
2820447.0829421515 4402863.444497579 138
7553483.391416911 7912691.686827993 278
5563170.519815505 6010908.115143233 59
7435534.13006753 8885289.525161818 51
9777190.75191031 9488996.626530897 4
279650.37781490287 9269536.14746003 344
2190931.3016639207 3250789.5112502747 320
4261961.378663711 8523515.379635725 214
8667216.022490302 2947898.0036899126 343
8205708.234399497 1130159.9955613818 220
7907555.451121339 8239721.499199545 253
3524780.444932051 6508310.101112847 325
4205346.472796264 9176426.091710843 180
921454.6861379136 2541205.0897724503 206
6146605.647647377 9900902.047877045 85
3468448.3838110836 856202.9217801059 44
428487.61391933163 8702881.807000598 333
9234632.727889929 2859616.695509429 71
6164490.216408994 8443393.892595451 215
4721217.328744941 2733531.3509051427 201
3552986.8041948588 5695035.895873797 245
7366628.021922684 8518499.70578365 208
5399545.512781416 8212524.566305587 141
9286968.4383214 1463455.4951732703 338
7605317.261773179 7023063.061760127 276
1862222.7886811416 3112144.7736361907 283
1466730.2484522404 6083178.466163739 71
687771.7704817676 6145689.475441783 16
4550656.252571443 7947507.802347112 14
8009058.926669965 9520079.266154727 190
7859868.789885176 3526255.100391542 95
7404937.995732281 4760567.694408629 340
5624059.793203022 1373417.0813294344 128
5987817.316540251 81016.4806542546 244
7475112.460214956 9003640.843507662 17
2037785.5933413692 2564533.1719534 181
4938682.611292197 2548248.076143483 326
8150139.727896586 9149519.109813066 159
5701965.478851175 3886618.464818443 140
8113257.107608072 7659418.17086819 154
710167.3505431905 1923320.7963427156 81
3809914.276861499 5744484.685244191 279
3207627.3311521406 5055525.146822425 12
6453661.455660691 9020219.654327886 239
8844885.873374913 5320373.299219497 271
6568242.648403209 8915361.046151176 302
9725077.422956564 2355368.9891691688 26
2735449.845404714 4674968.31846775 98
8593669.867543872 9383731.945492873 41
8460417.875248434 3980756.138231204 33
7301028.467870873 2254546.0163371954 234
4925962.025146623 617088.8352228366 24
5602864.8866932755 6056945.7539629005 105
2652628.3126879977 2492141.228268563 229
3473990.0242133006 8906620.401514923 281
7967130.934672001 4037418.6871657292 166
231981.58366633637 3151027.153413669 283
4620608.294024113 9180190.796948338 358
548174.7786133185 1557618.906625452 164
1803228.356762696 1443351.5276276276 59
7702853.825880653 4195226.722726974 191
850397.4174552342 4461382.1098814225 303
9548288.689718634 8226328.47240379 55
2775495.093729977 977663.776228811 319
4774744.65714839 5401810.924117941 39
6749785.278710003 5518018.70174956 106
8589872.61318596 4806298.289911364 150
1966289.173091359 7151811.720251826 217
8305167.935350741 5357793.304381103 211
6031378.361691741 368724.2213660991 269
3564631.974858484 4517824.548097526 126
1542182.1985999984 3310948.310447922 82
6330120.574104801 3692381.3814215967 338
4668388.231933485 4850561.5688628005 354
6358414.332166677 9008974.492550293 35
8773357.448554678 3733476.623079228 285
3536918.5645127776 9605785.337384127 234
4027684.255313493 4634117.840809696 243
5732405.433739371 7124445.516935797 205
2956344.848851388 1931701.8106756723 72
4778445.037420859 1771109.6973585826 262
5885854.299427263 3673375.905687607 306
7642637.683732963 5761348.023233257 344
815295.067168188 3617242.304385453 315
3082754.2161867996 3709460.450009657 81
1124785.4163597014 5054230.908591334 229
4160503.998702765 9462967.093242161 133
5495012.313657961 6466225.816466018 145
9697538.024178276 4913089.6174098095 246
6400883.816464519 1253954.9248467952 322
5544187.335892474 1728011.3873279747 166
2659595.8275922174 1620083.854124974 339
8052804.317893166 3720894.1810953766 156
1044427.4037910695 4984793.503171584 47
8631275.88683459 2197883.5020515043 32
759322.4264287301 4042948.019620077 1
5534531.511639004 8336120.500357827 79
6494850.495154187 1575086.6351479965 127
4519002.880360088 7431301.1044829665 49
5888377.980941964 6858602.1305033695 7
1846304.6275760208 122535.22876799705 249
7458620.576366204 5989060.496405917 24
8864000.845436614 7150046.349653118 8
8036796.305137708 5295425.3040827885 78
60766.880534097734 5857933.1348569365 160
206919.78914792798 3833539.661771602 56
3498482.276178354 4812161.459738842 283
7621779.290011149 3718487.877162111 105
2266789.1078241244 2739437.769213532 335
5769550.286313825 1212790.1415730435 43
9718062.283018373 3231698.7537397635 305
1789676.0084808606 1525570.1583460378 275
177287.9881895384 308006.95077784266 277
7200348.211884575 5776170.038641153 111
6289718.3181013325 1228888.5515010662 108
2276797.334355374 8762209.055600962 146
5762970.359842635 3515620.129864282 249
3733169.6569502912 4742847.895938592 213
396829.61162196274 220106.83244672258 236
6987858.804371106 9015164.672105234 199
7232032.91701266 8208236.149992592 244
6814134.332481827 9335872.648921162 197
9802841.442058949 9719734.712779948 354
8879075.917049497 2279290.8400477073 127
4682183.869160789 592809.1831541904 356
7887519.8568677595 4558647.292794077 35
2901850.0376405744 5407865.406598367 91
4018928.725871768 6915733.714290034 263
5555634.810934081 2155250.60997903 51
7821520.896487253 3102870.856236005 332
5974292.8725011535 5065582.446930863 153
2990440.9634403894 5901510.339796922 325
2168237.5793447704 6473869.902462888 261
9127050.961761914 8464312.243489884 51
2780872.8386171423 8305331.688185663 299
702890.280160119 3939436.778028671 220
3037062.6218337426 2248572.2015565024 144
2628723.315186613 4754345.47171329 62
7016458.569522215 6981967.875338511 74
3548739.515291259 9977740.382391524 169
3962237.2487865654 273129.1534007863 10
2802303.9334950517 3560370.7129589966 71
809796.7198874167 9665865.273443615 360
5762773.167770876 6309292.889277326 88
3843522.737841456 6479670.431372058 151
6942296.309288654 6890258.600053449 309
3965066.966511248 7380140.993168767 194
9417289.225453656 7760622.320824373 183
1862468.9191748034 6274379.5130878445 274
8817132.558054442 5358870.37616086 214
5456344.852018852 6952795.69957315 262
3344744.1788076027 6005730.020034435 106
5007960.440115896 7673213.6902743345 154
7093091.7853969075 4237596.9492650665 115
6494389.257167193 7962934.295675735 58
9220150.698408093 8081579.61331262 346
3183601.231443464 73578.6620249257 137
7935414.216150517 2253151.5037057283 187
7084270.7455572905 2152026.5105155157 167
5039906.155476676 2365902.729378295 356
1799685.2839433819 7615634.402428903 99
7174900.002451138 3388339.1814655093 63
1738792.3419894902 7845339.647919313 195
6220266.448834077 3796975.728949147 178
5919378.321029379 5397725.071486733 105
9077908.71831002 377084.9727066561 277
2834526.095363088 5612434.828849699 240
9676040.644672357 4455421.4055415075 327
2886771.477903832 3618866.776803239 347
9511187.348106587 7947229.2550238725 68
5666731.984311988 9897319.75837171 52
3056391.531748036 3813358.4074583338 298
7167163.082537056 8639166.009233098 306
9124438.191341283 266265.1920471415 358
41672.629988065426 3997743.133018072 43
4188678.892325721 7415546.049243036 310
6264003.829952612 5171756.598203234 128
6364948.817405956 9779451.522974214 316
5665250.012712398 4507768.85481216 121
6513029.530860002 4974983.185391596 158
5560959.219326361 9705940.409338461 215
5507210.023330421 8677912.458502064 157
4446467.049938824 4248290.771990429 259
5490235.9152663825 1676249.0284940014 193
1027037.4948065153 1356855.8153834299 99
567887.052270879 7384432.96189838 240
2490249.0619735382 3191366.2635597275 246
2850756.355423659 9820623.020384483 238
3727285.8695015577 1515975.2655572745 31
3220279.4637990408 4330798.183741806 303
5920663.373267979 1840030.2258279056 295
8521107.375989845 3764212.3025038578 93
9171067.364178423 187305.34003008393 5
6359683.130283176 7495051.993145759 72
9009100.1636293 8607100.64252628 4
5193467.609888801 1766832.1522523877 259
6924743.826069831 697123.7188800861 206
1331804.166744387 7205770.095419559 292
2668005.5558622205 2650219.8673844314 348
8418902.971727062 3482460.231967992 16
2313311.8676333865 9389568.002033604 156
5785675.958224735 5279252.134830068 280
7694004.935844199 913610.5225467106 244
3348995.0793950898 9018578.626087353 244
5462758.787676916 3904122.145853681 219
625798.0770808491 2827659.533651056 69
970856.7302599469 6277529.951947262 79
2585308.509641573 5988250.564716363 17
3938214.994150494 7456313.976021309 342
1753306.7026361083 9786002.115151351 202
2549371.0625466737 1629897.4765514962 227
8435702.122535352 5309444.968529608 196
9470467.802699227 7053297.709375654 227
7739390.019826493 5999487.678841473 333
7179369.876774658 205833.148332053 240
6403577.849884582 8376414.669363162 39
172556.32324371883 6978137.367495427 313
2287640.08942268 7235634.526147338 250
3602274.8740745024 7004549.2839463595 112
8061414.761861659 9278211.094053648 0
5575159.265214665 3238324.4698791946 287
136602.54001736428 3349907.964399629 14
1473978.86539696 6792406.883587599 63
516605.6621923154 4221923.882064596 323
1313477.4700473705 1706551.7434168754 149
8652358.24058269 6622195.794358152 21
915514.871013815 6039111.708162736 170
1733089.0733181813 9352972.942603182 75
2236478.4082182543 6652211.169898203 322
1194512.7062849826 4490127.043377688 77
5822668.743165392 8441251.20253187 10
6182172.8023269735 2847194.031470961 328
8000269.103951333 6371132.693983781 53
4735535.560711407 7738898.061991733 60
7303699.54051557 9366148.24850203 199
8110518.450157968 3860449.0000952873 151
8330352.538647361 2862695.1058818637 21
4492644.794768611 3608656.6638332573 248
8564631.254617166 7271701.204202493 182
5383617.858121194 40878.69184909332 166
9606068.879781703 7307119.4217717135 353
9117877.950076332 3378350.3309409237 36
1525641.436237276 3848239.6806853013 279
7202523.697071729 217117.07089710265 223
2881275.9979809998 5244643.086941071 23
4305709.349111451 9271062.966001559 87
5234037.33138159 7047750.153041358 302
6771815.085664505 1262989.4580697021 189
3024118.029161198 24257.679939666545 291
9829062.019488247 5583638.405547423 273
2088544.5029160755 5992343.209139568 244
5404174.421455861 7638380.198796891 180
7232969.3245345615 3677752.7340220516 269
4062571.9619467435 7130068.017057456 134
1611441.6193028137 4539969.158859366 81
6764557.145073589 7209305.316094077 200
1216675.2819594939 2837053.785282332 195
929427.4687580562 6108456.4460907895 274
5323419.10763289 8120274.571711867 9
5082666.348530727 2373681.4668443827 9
7458555.450060466 4086105.4043250713 127
2973992.119476088 3781549.1258519827 300
6105116.927518061 6094909.153665597 13
7976221.164299757 2190318.5117666745 124
6790620.384971367 35666.64629076621 117
4896867.234405667 4533987.532588615 94
6451247.234988659 3104083.1439869744 351
5559692.235225819 2690342.5349621624 309
9300442.034446765 9119551.801931811 111
5310518.591645804 9986001.07568416 146
4936145.923600421 3982418.3352531283 37
6202102.07318755 7628530.302318046 142
3337952.011487739 1238897.2838434465 166
8770297.189716121 9242337.810449902 154
7629158.61302684 9461169.069912048 286
3289943.5040047895 3252477.679142137 322
6613457.757792816 1064946.136762449 176
5158908.763803239 344060.13180478866 225
8841925.576841403 4897850.243653761 97
3835123.871488184 3479928.4347732505 173
5070987.316156224 5628866.001128464 63
7364724.066721845 9340665.45798607 269
2282051.631901384 5028772.326342458 94
7084369.925711296 1281428.9515348775 211
6916299.154888959 6521091.276286739 36
4018588.0816355436 9202140.653231664 351
5249794.661025551 4181416.9292526725 81
2751043.551750646 9264530.293663478 335
5165897.879736103 3563720.207785842 17
3138901.8838653825 3192249.9091260694 310
6986727.127883843 797142.3584681725 348
154678.37228312466 4686172.799564908 266
7521048.881704618 5081695.01230464 63
2732183.2136415313 9250776.690720156 41
835378.808545737 6704366.626772031 353
3698429.9740556004 1034414.595326233 127
5710799.175696069 9627716.591687933 71
4450584.559846677 4131934.9805973102 231
7485998.282298595 3410862.053140873 229
2773850.452907628 7847287.645304578 127
9912437.597049195 2287649.172923606 238
3245742.1810046704 2403236.9147503683 167
4377662.426357527 9422220.33029276 187
9318635.290739698 4807823.170732466 312
2223290.066543331 4267732.918579645 152
3233222.5017336137 5198959.434247543 156
6803611.894355655 7074915.545506796 186
4802192.0693347985 853589.0999935403 224
4397543.6475033425 2549583.8791657034 12
9326622.115020467 4586155.116169639 89
3155232.0466957074 1503020.340542758 1
6740376.724837051 6469630.239614348 145
6031493.568549395 285538.5042270142 334
9781059.819115356 8797916.017050251 135
695863.0649627096 752193.7476779206 31
9953530.704755329 4978094.482946686 230
6840249.602293491 4576501.7443637755 8
4445499.541592012 7079175.101497415 320
1219880.4676875551 650671.5976086275 153
6805425.2611991735 6519732.618970311 291
5458309.606028589 6872709.831926819 47
2398767.543854522 2004924.4325414961 186
1980158.4604802625 7031805.053843171 247
9759037.682279488 7972343.134318641 247
6938289.207135634 4288536.489414348 9
8288337.013843999 1281777.1265451116 69
9485178.329776112 6542140.096866519 145
7009831.861852416 2919401.269450259 86
554355.4881180945 3395651.0658139647 4
4736139.187494319 8197794.838468376 10
5666842.291406905 8634022.372606907 138
6622959.395665833 2819120.369948358 74
4746764.323618369 2140609.1296803276 217
2745369.5903564133 9756667.955525514 231
7943170.361730418 3113138.173864457 18
6055340.418485322 2088975.4597081444 333
5034328.344915953 7747447.060201313 127
6037797.921749399 9976106.455204356 138
4328761.507325332 4987166.476015974 73
870845.882262371 1404746.427105119 345
2813540.176065037 2244019.153722696 170
3116635.9543906497 3814801.7747740205 254
2914570.0209190305 9602549.526114484 99
5429274.844627355 8070376.398036516 110
7727205.110638654 1757138.666154121 338
4103813.7292783004 2832380.830640829 176
9690026.976855734 5087011.453658513 204
8248533.439158277 6119391.965755795 323
5305419.91667028 6793793.049364841 311
892241.8851636527 6577662.443550862 19
1680453.54099028 4984514.16987241 78
7818399.376664671 8894233.628725411 235
7825301.3680240465 973556.047965487 156
6495089.82275373 6497029.063179526 28
3324935.0594058046 9154363.299330328 349
9765573.167235028 6821114.925558373 216
8440870.117406588 5536352.891765369 263
1692967.7712220438 5407565.800162784 137
954896.7823694476 9176735.201591114 306
2014816.7101905423 1639884.7038261055 328
3357762.745485744 9652931.61014045 156
8351296.387043141 8202241.194024175 282
3673414.226122896 3570749.12952838 184
6737684.392194789 2184369.651521667 6
8581846.866143309 7963213.325772443 10
4603442.969013144 9721470.212355504 195
6962476.304856671 5477171.561192945 88
5381519.841817801 4778590.427890048 109
7499614.853583376 838991.8732460145 46
4771269.177317552 4474871.23139431 250
1094806.1801522847 8168912.354444767 227
7847207.861159986 4457647.921637692 344
3867156.1946757147 852956.2619502574 189
1069021.83163589 4640224.763501337 48
3306423.160029757 3247273.355323843 147
960034.4607051414 1577886.1219404673 316
1150012.1063629487 347788.59898346395 308
1556020.6068182304 7992468.687441991 45
1066358.0570703845 8545302.681711217 37
1437756.1156355701 8107376.009980456 144
2779181.049193704 8987812.57315102 87
8587921.598215276 8153936.568809083 42
8255817.754998192 3634086.9013526132 161
510236.3717348268 5513926.607462512 136
3127858.3259681636 4006059.826232724 14
5193165.346610434 7025083.021956918 8
8389082.527353633 78210.58841164796 159
2415002.910232641 5970575.162423726 133
3658083.7835459546 126384.29644950322 235
1302728.0711177015 9627320.468568232 287
2992438.430356844 711961.7573130121 197
1290237.2407325192 2820071.204712746 223
8411063.845414527 6924810.9069893975 184
5156651.558185591 8281362.385375808 183
1419094.1592055073 2505057.6051941654 195
8124350.415901561 2074448.0633854957 128
6066439.835165516 5370430.440955846 243
3635985.3420071253 4806858.932156883 27
9085350.742173446 4345280.298879015 74
9483512.13072281 4369364.921199556 39
4162484.8395265457 3738945.593278461 24
5981867.701450782 6212880.449545498 10
3418563.7687999825 2997495.387281408 203
7030535.6276717475 5093057.800983404 13
9015194.350520566 4342706.897005321 39
6231352.524252288 3513897.4285869985 189
8609749.986273775 3949617.433442938 77
5816538.098376804 2203463.4454016997 51
2722167.727064838 5301594.070072648 187
5244654.717073303 1553210.4491070097 323
2412660.299483631 7172442.351628981 198
9357299.363171488 5543641.092939343 350
9258141.005500209 1655040.7077985085 199
7578558.058486499 8838391.564266058 211
1416901.59696209 2246325.537785403 349
1580707.8673056662 906301.4925148693 185
8917968.720508514 1334380.1056899307 125
7143856.109211458 9551633.41948891 314
2032434.0497435455 7350566.361464699 330
7330163.482798839 3625004.016335457 252
3969705.3938855254 6267771.144526021 175
5647523.802524352 9492038.310181465 198
8257977.292300076 576351.9782577531 338
9468307.524015727 886378.1520015679 351
5963000.287181603 9497453.23549954 322
7822897.48796556 2396483.110121349 348
8223570.4449371025 6987921.0643960945 52
9274957.069027789 2808515.6516028163 148
7554722.57307696 5553808.835617283 237
4437682.970298289 1894786.6804114522 4
3021380.886253209 6397576.91168567 352
9488425.514572304 4385208.655840162 174
1850889.5533628133 5748502.382533446 70
1779491.8546784876 5834665.015268733 300
4234794.0071442425 4302971.721894917 108
1560048.9144967133 1489175.6767171004 319
7124452.845216277 7522798.095246714 306
161731.38655931063 5910954.71516221 327
3193293.451131023 9989965.690786965 152
7326552.919664869 8046305.679174322 184
9027174.975175405 4388842.677718736 83
3512930.814818759 6287947.695218388 13
8280460.285372566 3167238.2943380172 173
2370788.795686266 2792681.1176777524 87
3774233.7788001443 4925330.994797348 269
5426976.155316948 9810925.823708909 352
6856928.40515712 6156218.594224135 189
6815769.062377977 4565350.298855641 41
4205498.100945575 436244.8373774963 219
5132389.311758091 5897604.92559046 3
6328394.118763954 1259436.0256730819 296
1800795.362126294 7964634.81177946 231
4351117.359617983 3379521.689233277 136
9266841.55121217 9944894.559345553 140
9609402.27217831 3965300.699139833 121
2824088.777359994 4646681.213104999 102
6567557.622632605 9370895.64526378 30
4823206.142572749 7331116.492796369 130
8943475.947821938 2431567.044551787 312
4206144.299251457 5372858.163167783 188
9144434.983271591 1398101.1507446084 249
7380960.189725656 4609126.183916154 242
3050270.6930502523 2519738.612768475 134
6831610.012928302 1589896.9090930193 227
1174651.6729679946 1532609.6915943865 57
5211095.210089836 1620279.442742628 190
8481654.8367737 7126403.99347084 335
3465058.053638117 7693792.731398479 12
5111902.212489234 8269351.037919123 245
203549.95021002577 7622977.126631164 276
4658363.149936878 3880381.0293046837 303
8266462.504735803 984458.8490161176 220
8491725.19663383 2149878.918117303 134
1167583.7277548884 8759821.933999218 218
923440.6663544548 8284975.328228492 91
3594774.5670211986 9470172.98068875 232
6066520.179974243 5766819.202853358 303
5301630.702763351 5444607.490641756 142
8652917.13312292 568385.2897977771 103
874827.518455199 6566363.359870821 47
866727.4922517609 2132202.086606053 184
9084905.253723672 5306572.587407931 152
1805702.7764526 1373567.2449968806 338
6684845.521207874 5144043.568121795 325
5798829.44906606 2021612.8863759565 349
3540721.175453676 9682486.483660156 335
6097176.9029102 7868384.417059111 253
1720868.3350797705 8592240.30081247 216
1212808.6521453229 907220.3412940027 163
3106215.809557782 6509127.974323853 293
2079963.2726163885 5881227.725784894 148
7824009.480646715 6894994.49563465 84
2139569.624003109 7513461.08434603 207
2350860.1598643064 8020349.3998797815 220
7943595.160452962 8380709.130701333 326
8772984.523774698 3219190.9009094043 221
9689020.707349867 765384.2704164938 308
7900952.601480847 8038833.690225246 4
6484344.898948969 9769469.1813676 75
1722081.4814489116 8821869.798317181 346
3173175.148364833 1910823.2719214424 240
1498905.061889646 712739.8636326521 290
7056541.961590618 7261322.39762969 235
391762.3888944755 9338347.754881851 145
3272054.142199514 4877431.22085717 146
1074719.1273263511 4808627.536858017 203
9955231.26345184 4819278.940563795 342
8968539.70749583 6244704.213786466 37
4291491.4179827375 2637175.729665919 160
410569.3179269532 9532620.506091632 24
6092629.002457338 9319792.208379973 337
1487177.3934773426 3143631.511059447 226
3985643.4252289752 3981996.951854091 352
9625562.197501952 8812.31936074145 223
6383731.882896792 1618625.309274414 187
1554258.0757550662 3598760.875123943 45
7591685.129545949 1943674.463206182 18
4025152.5562496292 9312135.48671765 337
879237.0160659646 7469615.492683629 118
8070960.072843901 6776073.268070681 297
2657623.529346599 6003879.531491613 260
9151547.086582314 6032960.799732408 307
7300841.381330048 4254895.96744953 26
4331684.917854019 1046736.9626977508 88
721614.4886480336 7670717.99460957 359
5085107.742953437 9020188.32066485 85
7938476.929477532 7102289.121963099 287
5147709.90796877 4140322.7180421962 250
2016058.4643240331 8959245.926063705 343
9140018.734319508 1461613.8498367004 5
2134359.8134762663 8308591.9883719925 312
3293321.859143433 1019365.673610948 152
1035646.4597489944 7106181.163746144 101
9663882.119869139 1430023.7078397837 204
3963269.4101510393 6118049.950902792 359
8348145.5232574465 615359.1462386709 21
3147410.0043495833 5947789.197037607 57
8910415.335919462 8537422.092961436 112
4380183.296397909 8350063.157056571 199
1332153.5825688103 2511089.4330425425 319
0
