100
28415.134031707625 41653.011490955556 238
26287.92332671861555770591125 38248.76274921588929453523678 203
18163.42743703470392167683671 34800.11884964662373361548353 37
22762.52178145801745458726279 38265.78501969166658891431365 23
29089.45558185331643294767390 40951.40908178479715043481114 303
32842.69601921446152487473725 35171.92563152024178447848782 56
37504.99491395892748491124401 42084.06799640847648323308911 44
42439.14762997700496714047574 46848.92388745096991372436074 344
47055.16550957289023803563741 45525.30205989669434673615067 359
64719.267610069684 77368.81970427105 329
89771.23407421466 72642.88819094679 78
46716.93976776983 16382.314349699456 281
1391.2722253669463 98854.78730057688 284
29431.424543109995 50649.34130946401 237
79339.62727848593 73741.55994398841 17
25151.06928634131 97742.41827535209 307
60502.67549672323 27017.702010088862 161
76034.73947417851 52699.048960891916 130
75776.49544581327 53312.608738470735 272
52209.429573560614 2575.7513837292413 324
50678.89241249807 38862.27487910098 124
30885.835312133015 53275.766278388124 203
49964.729008203125 97219.94513485496 115
11801.0162608156 78384.57418444873 202
80532.62131287863 62752.59915309058 25
97671.33372440808 67087.44187786296 257
71069.98960559162 97149.74814617675 100
6082.586068618157 90799.27178790799 286
47465.04148497136 25754.1379275829 79
26777.96151516868 16853.76725732355 270
81369.89122529645 20739.0849080049 65
73037.71420675474 20138.43231136678 282
87343.7325946964 70426.57004481669 108
79834.55784452657 54181.5481551711 96
58555.6378474797 29197.455453481023 336
25857.28503654097 77621.8208209114 168
24050.963375807976 90798.6289426937 258
63250.399299295554 98071.90817735692 157
59956.967394322004 47180.72524943461 17
20591.067844303932 69167.66594534878 189
99082.81371209322 54127.90983107034 149
76735.8010965402 9493.218275135772 122
79371.94206166048 74666.70404102061 346
80406.66501694582 43375.45474164143 38
18993.400034958842 71617.81271766649 50
11345.833890737911 80112.76184563151 24
23833.482998425447 38069.35636919595 207
70209.51142011188 79573.49920283626 304
81616.51706500097 27080.665692746054 220
7469.394441395482 57554.93582943757 21
19973.703056249848 35840.299436209585 282
16845.34216063207 84574.50073373184 243
12123.26993774331 98800.29974413973 117
29254.808156956326 5485.718660939098 159
68224.40196862242 2108.0966664518974 45
2544.581733625961 30066.26031940387 29
941.667214542663 89216.14041460781 172
93185.01707501877 31694.8938594104 166
85111.40494522895 98172.6834113872 139
10079.123266980738 43681.61801530642 196
22206.36806354176 19745.94355170145 203
27828.198414253304 51674.490248933704 131
41917.70933872247 4725.932909304353 209
38532.11838592937 40957.38052994143 29
37397.410989540345 64046.73288475266 227
53502.49758134623 38825.80928970195 267
52953.47167853815 77259.76191195521 336
50210.049552421755 25150.989181711848 72
81745.73667479113 23395.401069846157 206
89136.62977142922 36691.19668130022 57
77063.13413338516 92774.1487202287 137
90360.52027146553 20150.304248862005 71
9564.35740072442 91998.73837811491 261
87058.139063614 22945.920387720987 13
1681.871016036185 46102.64485770744 218
77568.256727976 26758.365812277418 98
98028.68352684363 58874.22660153758 61
50828.40443859702 24334.849775971812 138
60065.82933836679 15799.069975017299 63
65780.9406283699 29312.031286307505 269
89303.14175887645 29782.228185686166 113
79293.5216472913 22174.378183961075 233
87717.74631917808 82356.4302676264 285
97938.97007045973 30409.11357940267 27
73803.69058659465 73702.23668985473 317
66867.17651095205 31008.661712389076 55
20293.367627529547 19845.92354714062 222
41009.174412541346 60044.54873399511 26
75511.03827446052 88126.71079241813 3
54905.601697301085 68912.53049870984 75
33998.68946243322 74940.47694867634 188
14619.289627568132 21282.73072357476 75
20605.591626332563 11482.627220960207 94
84741.80509642481 36463.87286641152 233
10108.189320595862 57717.767027219634 294
17517.011968404717 14743.548775043015 292
95432.16478652754 36389.906429863 67
56302.28423144793 14898.039551808984 196
23670.54441545502 47873.86610427977 197
33333.85107347302 24526.555818007768 150
0
