100
33.228056908498765 55.69816890489148 122
30.5998077983263 59.904246706821894 101
30.387662881244438 60.995637691963076 232
25.443971085644197 54.668000746042964 194
17.63148458159166 52.720129088748244 337
23.752585174282842 50.12187603966515 22
26.715324807230758 51.31890055169734 342
34.932534458646515 48.64896728787723 127
30.6870523503294 54.282912335001555 242
27.354751338898375 48.01576563230288 104
17.928387695488468 98.8873595186322 30
43.17930167870798 93.58229416816346 184
9.197200977385467 67.64368204138036 326
38.898312120368125 71.21483050792905 224
92.38968694862854 27.660810122652357 245
21.14561406628467 0.07238817288898192 263
94.81809672173945 36.53073522087079 111
91.08843642552456 21.553390517657377 126
43.22650585837293 70.19943584300357 93
67.97834038313961 29.597392208732753 187
34.58059135437538 44.753557229871355 184
80.57481668902972 85.14419246044235 43
6.072330861447906 46.76765714652606 172
88.42799526260198 77.77383342861698 260
58.94677170391554 23.24562815662824 275
31.348775113715 89.64227301643547 240
73.34739720211293 40.35609921003783 174
62.220813060622774 95.70744715586974 238
50.22116264343974 43.87197741907023 301
22.634009933643796 79.13200002830101 239
65.71863640788926 52.188382034300204 277
46.33627433570368 86.43067907114495 251
25.103395562924835 46.085358844188626 172
11.27395367673316 2.6689492700803563 190
14.987805295494539 56.54991692144073 62
38.81074574631936 61.582822491533726 42
20.841767095405395 27.968905050777327 176
28.90121228037662 59.57788027048123 71
15.567213419954784 32.8746541793299 164
98.3143370081065 59.724332129221594 206
63.11434265492847 14.300866627024245 67
35.455777342680214 76.57648919209745 281
80.87894668511649 75.66214385697998 343
46.04547751203765 36.57369720848473 265
42.02288024569327 41.18989218305179 172
5.991799404514476 77.9108011965263 10
30.625119708833992 11.775696401283586 12
35.79789695493514 25.566596871927892 320
33.14782567933294 61.0963006203193 247
0.6589718376329823 88.51833746462542 123
13.829860205217093 23.056807699084413 108
81.29455374528843 58.5637952691619 23
41.34061842855017 87.76793539989639 82
98.84022107797936 22.16041089486659 75
79.79577045883359 54.258626590910765 37
39.559046081721014 66.25080943439939 246
24.18756831681558 59.70176197112189 2
79.65094733321301 18.341450795066226 0
27.672296549727648 32.44914051585809 139
69.62994858910466 5.321786229661729 346
19.007248108095233 72.50827018443755 229
93.78478610765258 50.665601227105874 155
2.281017419706477 94.23509131978435 4
14.60548342080974 81.83385368673649 282
36.432799988916386 66.61629046328845 205
72.7822708366149 13.66581347102076 17
22.18573932228496 3.429607082160202 179
16.957825616826327 78.56444061383526 236
63.058755350707564 94.61133885963015 344
99.15846709609723 33.45335806664217 32
69.4558809397683 49.171341843319816 7
90.23709918896789 40.60477847419048 6
41.50333972466995 31.239108039378184 99
46.52293690600048 47.489162376729496 338
57.68658587547777 77.92977791699249 54
25.243977299918196 3.312199829630391 67
7.701473514208034 84.8398528502348 23
22.05284181591416 8.28451483197833 71
84.43792260239903 59.41835567766349 206
63.04720436117313 80.87385728916942 227
17.138405421889647 56.082841590855445 274
22.967055472706978 67.77515587394927 202
84.80756583303675 47.551316154313824 53
53.5659470855418 96.420709378831 18
74.82411642356402 65.5171468989176 328
21.13839986580902 72.26459378122881 43
54.830726352297056 49.020844180644396 73
17.119043335818052 31.513274936317217 126
65.9912742236618 40.726992226278966 166
33.45819869225861 15.076559264108703 252
33.48720850951599 88.8974068450855 82
88.36396255456114 62.80057254711207 63
27.00389717480117 97.55452900579088 76
28.641385107140437 78.79012424407578 92
60.04282264937628 19.870337413165075 286
80.07018948557736 28.696221506395858 347
20.023246385382542 50.96223958202659 25
54.66057713017801 19.694477233333117 23
97.12941259119172 65.96000279350628 61
73.42584866559567 19.68151691584471 73
0
