1000
5701005.046097477698956041382 2771639.124728147349635432818 311
3329039.3456748356 9219532.659475017 107
9742425.183038335 4156235.375967686 79
6297968.257456893132270647851 4550717.345382930945155602381 202
3743244.2139308876 9053275.426717995 345
307731.9338266593 2388817.5270774113 103
8716864.0998255 8744518.026938247 96
5227250.713690985 3342771.8047929555 253
5933530.886667067065428501449 1458081.389211426094591495171 357
6287734.927288090956204968716 3373545.507350680755844457578 30
7288089.533158298 8180628.000700919 10
1914391.234048176 2666367.6318421615 226
6441283.992868494 2205359.1572183915 13
6874659.416451128451229036658 2829648.939806255261253905166 165
8254275.817060122460349571943 2927743.792780679835585841675 132
6236645.126171738 8672946.970812602 199
7169010.043101157585111573364 4012267.107385003935854072124 128
5171100.447415778863746115832 974265.6883705877862640565477 101
2014158.917819604 8370467.53601417 153
7350599.143580957 8159251.957529469 271
2550948.790772445 8510621.989381526 322
5587484.699910237 4174778.131883552 263
8210991.070944594 5976392.383815138 135
5151253.285342786 3955993.761457397 96
7607578.263159082 9924474.521658665 339
9259752.663595838 2808289.2468230803 257
6445873.083371904873312426731 2379372.275515170352366967428 148
3743705.9660625705 5881096.421221248 101
3344169.672296605 8748949.879861161 25
3067742.4125837428 6472032.375231511 330
2626348.080795432 2472389.924234819 82
6547718.588994459 3746287.4551528846 293
7388107.059059798 9262107.907440813 347
6395350.320256452 1169255.8593780554 149
3929851.553318348624558893085 2865650.553709369177744279831 199
6225725.224970879778449937593 4252703.015278212629439846732 85
6929608.715636245293886328560 4552397.629936511673727614118 9
7696698.228643813 4359138.142457066 36
4741668.582264453 1463647.113723614 240
9450884.999283222 4979832.343477349 114
3566176.5651458013 715227.3581330259 147
7236706.639139033 4246636.1453025155 333
714910.21662627 4998782.5307984045 332
7428435.816983389384648286430 2413684.122246798461326301372 182
2630767.243536716 4770963.324680459 156
2281784.4577867007 2346667.7641141163 258
8201225.275369202215705979518 6288413.538320364296538961069 324
6399924.458545661447674972789 4936470.521221616551106925355 216
5652034.101667210061979727045 1825568.806093858232712406862 346
6812178.018116281 1546499.604249778 172
7887125.697460197 5832242.029603722 249
2138103.9476762465 1687546.06754823 187
3711363.068554945 4362204.459028013 223
3344645.3532611066 4895583.165903884 142
6830840.458945909137269775638 2622112.161887054102041828049 193
1898402.9297215478 2962858.482425208 120
4803386.690291492 9044165.940268043 79
4614614.2028723145 9794594.80869627 123
6319721.059374578960048630087 78251.6468282202952097751853 136
9358048.301695712 6555000.543869673 286
9350097.610685440416068055570 7510876.545558305380461053217 37
8981001.316579193 5585386.091548436 140
6403060.457297334388735543605 1638316.904762006848253431500 201
2235945.8739975034 8614037.27937232 143
5502162.525426194 6144974.1114208335 72
150154.7514756585 324063.9349984775 319
6885208.409287167 908207.6617120161 17
7007707.338592504084934196714 3781459.142530907961782001060 251
7596403.175662678787499312751 6292444.189383240100740148436 352
5786593.404825457 7862493.605095444 239
5838889.546620567685619975146 3595294.097996025161498146809 254
6289894.278989875186438729518 2094199.555856117449442560711 347
4205674.90630436 8645913.902699519 112
6212345.742298394978607309848 3154876.700023326424920685316 277
5269744.722686992253590744893 2572033.431184537243880090860 67
8228404.606451147 2149727.9393992075 104
9329698.530444259 7394620.877723825 194
7736139.134091676719277440446 2888132.255216999671207035166 257
4858461.16573212 1142873.221477062 22
2410879.9262196566 2956698.4083006154 11
1181561.657882133 1360938.9985050324 298
4762071.421958945846088559147 1802296.393211899444316800721 336
8138390.516312604437978593480 5112513.718773969083374190816 215
9437323.970287941705718597338 6735763.446579586512944035650 163
3225495.483788834 6022793.710835324 89
9510399.856704494 9887861.0387683 126
6344188.191025670624895036569 4493338.324650202868452600917 26
6025558.286046527 4983554.130488182 167
9403976.803094657 7741277.5387495505 350
161611.01024867897 3102519.338468536 3
7809429.427666462 7290602.768776853 278
5791180.574633580938234096760 5443095.171705742306038786017 245
1283197.1896990757 9894121.428118724 203
9635566.494477147 4526477.016305393 195
9209493.245655239 3447253.170960801 246
2760616.6283299904 7568891.94114827 257
813177.0372921699 4372782.543042416 93
4746410.039948827 1957341.0459842389 228
255132.22233686683 6303984.687843189 329
6492073.951404047174088538615 2507131.090589999722418335814 106
6011057.793782489380065942351 3525053.873053704807183155253 125
5304815.785528583299943800597 4281873.355550355486501226643 15
6369895.753876759 440973.5026717709 338
5343918.699892480627610525188 4073416.801326493250772020647 175
8374592.015554648 6284428.815609589 164
7956877.036619381627645815031 5096191.398225220773045318114 257
4692898.5306882765 302944.1607923744 141
6253132.703260305 8812509.59856418 136
1972791.8044889336 3335794.462509918 307
5594523.069850508811517900260 4327848.718717232894530450669 79
3109747.8661126667 6354973.257569853 29
6912013.456762179507788153746 3557984.025728547575683744661 247
1986298.1189508932 9952926.66062803 316
7765460.288314432129794594993 4267074.371008410518002278800 208
6753769.575372719169212936545 4287389.539435791600074264991 185
8002257.06515046 6356966.592662999 266
5820391.496604317012109534019 3036449.454483791070068265089 298
7171633.657326413320108696650 4326316.316183714703893588117 221
4732222.111800028308652135468 1609115.089861705906179401255 301
4556401.499913087019175682505 4142315.628656368240090436356 218
6210919.839668274 9220173.733642794 137
6991601.166317302333909404608 5082010.090804012084482122047 293
9667570.130579967 6923586.676649658 183
3659602.7520738794 6871479.817228118 39
7533734.837860812 9586506.117271256 100
9022357.23194183 1394376.4125987191 271
2379787.3561565517 9069023.992380228 161
75755.17530502118 3751061.8833447862 122
8094750.141061768 5504817.341934397 152
4802307.438138766 9745190.128483986 84
4077305.4720466537 7822404.372594703 284
9291572.559856191 9493028.353540642 47
7236812.107414559265731980730 3315769.223125342333130242882 346
5041000.015521880024992832949 1813848.580217147443580719085 279
9778298.550391264 6203164.144098212 248
5225933.033801421 6690632.288987868 238
3144935.544388827 6559415.553543514 179
894235.1758923318 896351.6926799841 49
300413.4269976555 6664364.954919036 72
9311613.93954822 5248549.3267061645 330
6493074.637747637 5446600.898348547 85
3983790.4036128945 1057282.3223396088 347
454855.8588446372 2248280.953293845 127
8871895.819016443766102121002 6755508.632714283474460657516 358
8960717.136242926 4659096.48666044 47
6571407.401630166964904696414 4011831.441933368318842199244 122
8862133.274533795 2666015.260972617 208
7370411.844924214413474330005 4057023.387694645941761226454 170
4144109.774490608652692378362 4097099.086405097581105798774 53
2334965.235031533 3017723.684046534 158
9355261.898216632842774087993 6884993.180534443576888765955 256
396627.1291963075 8262066.400311805 28
8912460.86746795 7172681.894887062 116
5689048.401821775 515864.5254038929 17
4881180.957891277908149073822 3534584.031340224118022745395 285
3436506.7283921326 1005706.9484792269 1
3557872.8587830253 3197892.5080095977 94
5725156.027463559921380360035 1556941.760060503445402836914 326
6597884.932509871 5377713.784054517 232
5921545.113187791 3139101.5938361087 266
1492204.7581897802 3820767.8246988775 283
5497387.233781076692901761389 4227261.615911944536447701874 46
5956127.291799688776570923891 4542524.051408122271780062658 3
397801.5746149055 7353238.280903477 162
3916648.3152062013 1162025.4353005087 279
7037316.26065368 8649078.235148394 69
7806087.512775655677570971810 3425507.332519082995185715017 88
1417580.0794311077 9350600.758509457 149
6862556.880427991367784862440 2962779.226108958615162256394 207
5095685.819881976565167607257 1468576.000107364392649018296 5
3780812.841580877 5153671.418797514 161
9246297.77947214 4127083.764709091 292
1173749.9966411735 1746777.1451704095 76
5831805.204369088578163964917 3570588.060503104468798786962 47
7227094.766734514118039839955 3408223.543881135443090736095 276
1016385.1012414205 3233300.4457973004 184
5582439.901760204 3036085.8742406303 93
82306.17895288116 3564231.454358354 93
6202253.467627148 9117908.213232368 156
221181.39211412703 1265430.8617716657 112
6133372.613594090582356499509 3809248.569929740412011037355 216
3283727.281548349164267787127 2643172.125322282158127962840 29
8328758.1109903995 9421035.704916107 263
4843461.534723006 6497801.134805953 69
9192410.029875118 8494044.49877449 198
1175691.1569534822 9835863.002760353 330
6333846.153338338 140907.2053012661 170
6533660.003653087361265227080 2666639.148103906735370306258 42
8166014.9273828855 146737.881014688 103
5803099.028389100846562116209 577147.7429689287596789527547 191
6621111.263479856696728406692 3006579.019130939150317301781 82
4692448.136391047 8457371.840130545 220
6244872.584083631 2558616.545477338 102
7107266.292866621214956937769 4749706.358562801086589248484 228
3495591.253789372 3433316.1814328707 301
6097873.221678954806590313085 5162417.288447741662053513473 278
5274940.6402494805 6786468.028357799 140
6029318.285839153930459143302 2643515.312649997772118009744 60
1511230.6981449209 657496.0658388573 203
2002726.2463449214 5336715.057148308 301
105275.44153038804 4295627.841680766 119
2969293.6583137987 3343489.7516651065 31
8582393.016446961 9590620.92391873 274
2757518.099687023 7670046.748823171 77
7657555.06244065 114298.52987233091 245
6557435.906586104 8317497.22270286 103
4965546.039889778 2233715.9303057794 279
4846948.4791075615 1846731.490464899 114
6868759.515607486 7284155.972505883 87
6476753.291898221 9944556.714903567 275
8052631.851809072 7574026.525096715 130
931754.3031876441 6544083.9598760195 59
6002632.992908548 7977862.936610484 42
5405909.554117718 3011214.7643248034 59
5681148.126944156 9096263.496652756 100
7735516.336688167747563271323 5983047.709212028160633199060 14
5400610.59510705 4936570.5630762875 29
8046611.204730227 2077547.9597997738 249
3608068.830357779 6333191.218066107 355
6530058.017069988947340906019 5417340.817241710895689693485 324
1816887.3238039273 2372971.193591408 64
2607251.6347332243 458965.1730461741 292
6319708.942286875311014796962 4878190.537253702963112519141 271
4012461.664403016 7297320.498746676 152
8088801.718250888 4721820.738425557 294
5728518.265946766451306049921 1424247.040146131377841390370 133
6615726.413661463123430420109 3197368.221350873369375654320 213
999969.1356597529 5175944.170496476 13
4270719.116172901050266430437 4265115.357653352810013290841 53
7226492.399494055 3228649.2512234976 341
4911324.009135660491798052378 4317761.660576503718638280958 143
3532672.7439610683 2170256.0887255506 85
1565605.9789052156 5230563.667005789 122
7097247.921344633873698016899 4077407.463476791626532395949 99
6263148.451576922589518933011 5140575.086998444506489890768 132
3772243.550557736 5130815.476824317 91
6538056.903082671002043013583 2539164.381256534014599687695 116
6505568.424114812 3914305.0998439523 189
6888164.362671528 5381549.83321511 136
5802385.953932452 5878933.41646972 9
6330036.910980576 8320713.021679017 101
7909801.91255168 3881015.694311839 122
7175014.769094047 9078916.11056291 354
8931922.403629811 291883.0686773632 328
6618627.70710541 9196588.833434818 158
6080742.044152222 5484872.461140457 299
4326138.380228294 7544852.855935425 124
5914325.306089471 1346282.1038500727 31
8446923.311467515 5833351.524852627 263
4382780.120119377 3805129.4919504398 135
8228132.74692674 6781376.30988693 243
3913505.892083117 2101337.4616761147 331
5695531.258828919498427630920 5770977.844896590902516412773 296
6543767.068261303322569596602 2950947.125895561517834215452 318
3134573.21024191 2147184.267453609 37
5512713.853614531901250984183 4091080.347286867770519353385 49
3717224.5269013615 6601517.83924215 265
578525.5672824641 5121424.125041559 239
5379867.831064906 3839393.287329964 94
4101091.185106848 7873347.887291918 52
9130125.779728925 373720.8888281085 24
3448842.536793444587380226243 2734697.005837572841697561277 337
8757896.56598928 3438763.526800912 359
1085127.4015292255 3803446.887857491 127
7259640.028038073839575602613 4470925.323149813969072946274 271
5934845.913799807569371233919 2929366.781579191904004273566 214
5856812.679509521 8636800.78736871 148
5516043.558372521 8107157.344996482 185
6939553.166696050253453953532 4553972.676251953623978236711 170
3663968.2098471248 3498254.148117462 42
3889343.627279804 9843251.128553158 98
2130550.885623271 6188487.816427078 102
4771377.930592158 2009592.2965983404 123
5637896.862981811868487450449 3021862.985319297603112990041 348
5088616.374995877902968362628 4249705.497636425478031700753 159
9559753.169899315 750925.0847421933 261
8740025.511173481 6234565.714799154 164
1944620.6328630212 7616066.441991822 325
2900953.9351042137 7756409.838284447 171
3835459.785682304 7810115.669613595 359
3108553.876907321878033363178 1741216.179905864307949806466 273
5594863.436396678 5940763.810984418 249
6762605.093014213 2840421.475833388 343
2373574.594339974 1874906.1981856641 337
3099125.1312615885 505204.41013822804 192
6065721.607797627514032975981 4548267.646131618117187823703 130
8988731.706568006 6594069.205854594 52
9745808.05755216 5815222.100965195 181
5368786.533614462 2228320.566622007 327
5242476.044823274 7810253.779351322 125
6504784.747693187232215888890 2633461.602622464730261453623 83
9746012.367840184 5261940.893287252 55
5761440.517228254885579372793 4401040.160485373736992953788 9
2432431.7436530394 1468164.5779685027 252
8154120.287382123040790744428 5176113.409647467408671394634 204
8044143.605891628680136521426 5561850.954542326821265079585 62
876876.211288835 4362752.4407046465 311
7157402.8441024665 5824041.019719822 323
8334669.624799422 3356390.3144427766 90
4768798.155657693773048943585 1804352.962089608583333710630 197
2039672.790082261 5416212.643093472 123
8385187.783250617150419317502 6358598.219419111135921406906 48
6018311.453792071 2978511.4083144935 172
4039776.5424636314 6664821.341213275 270
6863956.473320311966897578564 3699570.562471667068531209236 355
2464166.296206628 1248616.8363950844 35
2287242.0778911537 3025545.1170118195 217
7173499.983177594 7288319.243110839 191
7367743.793869712992697839580 3349962.659232692078558932124 154
6264438.851610173708110929201 2993157.047360252810018727880 280
2594314.926934425 6692771.045348133 53
4141600.091784905 1536359.730292426 247
9161275.863229116 8926552.97243254 205
6197142.498984164490845071598 1238582.865185450426529024186 294
6888334.167509479958433566712 3434774.280568932273453528424 294
6134577.034318686 9986261.500913162 60
5863535.806091253 7163607.000199497 343
6144065.835349354 1466175.9799462326 178
5208792.082958215748273626576 4784261.079162773174049106713 85
2658665.8148590825 8087488.642602319 61
4860437.556389853983376376350 773603.3447776704455109231722 338
2197560.462757326 6287085.603697394 248
1722827.3577298992 2435390.736007901 156
1188823.5586919894 5112205.085154725 85
2954854.2320425906 8075676.485542885 199
962326.2736023996 6710135.122627794 257
9688216.164977359 300417.47339269787 48
8192858.397651453 8700065.712755643 353
5431969.457774718 4598966.536578113 334
6037994.064808328568510829437 3791698.542793791554630569954 58
9280558.370408533 5176821.707539304 71
5543064.501115066 8674078.387022393 25
9972844.480186919 1886520.4715169892 272
7393543.412584141030615395914 5335169.489697793905051760966 20
3402753.564772682036869440269 204427.0590468224818185377482 114
2847966.352061475 4572141.518173475 335
6352196.721976818 3309834.5121023078 200
6913901.853248464274900634914 3377348.318175547032317309065 307
6482382.889976359898487715245 4547073.189521283132456577797 122
7704371.748091515 9637774.417419814 202
6413235.651335567 9452439.821741879 350
5041270.110578595 3676282.1264299895 309
7529646.2204652205 1830327.812253918 61
7234943.540430844 3327971.2961210473 345
4464885.706191555731041759901 1237465.313639413842037985919 325
4098919.190516348060494924483 1646731.807554609829760246923 254
5996687.972743738007441330931 2984180.444242367326125691531 207
4216319.264486819 4384506.148407259 68
5311413.236119181327606848880 1871537.422927145710052827052 99
3229287.3871858 8199901.82529442 187
5449178.611397839 8640771.69228548 180
6557662.666295834 6087179.484644888 338
3987899.3227259065 5146515.935353618 352
4493292.747291104411315273676 1217574.489323276794466267513 356
3944408.2850139528 2108130.142428244 50
2537883.2638089852 7379416.234083603 223
8110449.432130226 7168422.571718893 347
2724745.59760541 8386688.972101316 67
5939313.511139632872454389066 3357701.737066893020719744802 4
2618371.474912846 4993534.454510814 251
6897712.339328255333575766279 4398992.579495819688640672549 259
3628002.865484269 8233098.441171192 194
4844489.858693632 8442871.201118534 185
4936003.733875145073975594998 1614659.660585160284799080377 291
3003875.124753819 3493643.021665015 41
6602727.474681394666399557615 5407127.791011633891638803630 172
6362472.277666895182584858515 3903807.034154836925585696115 148
6997525.896138979742310736631 5068052.302036746808915147709 34
375108.09696928214 3442250.032085673 309
5529933.280216439228420570963 5169871.539395905615766730729 267
3275818.106306303778498064121 303392.4968321176189688399343 244
6251991.957218964179902630691 3029197.424987724805703717096 190
2343954.1453020643 8102170.881371294 207
4821816.344992148552918110252 2596796.787002478113420307456 50
5747502.063418448259189507401 1389339.322373776146669472025 149
4482520.758963324 1356413.1221107978 233
2363044.5857989257 9122849.154116925 165
5656132.902670679 6315476.09635207 302
7373721.794060683816848612036 3281633.804383978308845800410 95
4962717.75892453 1533471.6116033809 41
8266799.748821332 6072838.35762758 330
5322610.178082781 3000665.471737839 137
5336066.700708882724916421690 1586598.969437589679118849939 159
9601668.869457707009087534287 8659826.934495710340020576452 328
2607557.598055722210245875887 0 128
1583389.7362620486 2039939.9054935374 161
1069505.6810029657 591438.4859794653 246
5399073.448601149264935403172 2854637.030268976456832674900 35
7715718.065320495 6684838.663031129 22
6493808.293070966 5118884.809105405 233
5839217.103034770938805165532 4799816.952448246928851815447 72
7366508.473587551376598879789 2776719.046423446040891309766 196
8718159.496394831994102452057 6728400.771121192189926581999 10
6541386.646658409899688186100 4203202.897836091748239489589 253
4697290.033655852398662053882 4831194.084752970526753462352 170
7889384.467132412 8757572.29802442 244
778344.8976058537 657478.8290008605 216
9395361.568571832 18075.65550889456 324
8646587.77665467 5911916.715938057 166
555282.1516007056 4509303.891171283 355
409074.40895535774 5494452.343862859 0
6718786.448359296858506860060 4676042.102371793058871783676 3
4626267.262799261 8889086.75930177 19
5566117.797198870752254630679 4152514.556807304308698866075 45
2514019.992004971915585728291 119722.6761600305402578196518 12
6528874.5021830285 3714012.6293082433 102
7863833.05446609 8360231.2097007865 100
4672856.007462208559168198333 4284638.291647238881644077659 93
9553198.85621138 4972272.430161814 209
6366490.39350113 7061010.255430046 240
6317866.876525092 3553062.87800059 90
9060950.339110017773354370972 7403899.813080037318583483082 299
9783345.615824295 5734491.083732977 69
6480865.462130493 3727759.4697010475 340
6877514.835898386367936906938 4478610.040118933778792830678 90
8888618.82806224 4553212.221324499 316
5678911.427864071769392423690 3432907.646978270549455606712 97
8894635.121537289 6422160.20498705 45
5190593.784975492 2401846.287363103 42
6778609.568444285 6930031.38870875 41
5826091.523905857 4699912.327271829 268
9587792.220795965 4289451.709782681 193
10240.213609548076 2592284.4047008776 326
6866172.016557601501515925963 3673930.608817466670260199532 159
8407111.54579394 3530557.2914441475 346
8238804.283148676 1943514.9680621366 59
5188248.571886929897027267968 586704.4679031408038641293547 24
6976856.634381238486915964667 4068988.884593665079815612291 4
5551657.830773750661529623657 1576088.854681960200283931365 59
9223.326065130877 6031046.821540413 22
9198332.953574292851596771662 6808830.332981948427564147976 103
6615128.937497690752771252050 4671724.859475651032069431101 341
4048748.835141880625626193153 1654459.790113219789643364736 202
3624962.867050996 9145565.818822574 51
2804288.90643028 3569488.108536365 46
2080898.8886014523 629293.1658495638 105
6095143.699543241584395257678 1887843.798843996761531362836 188
5808394.2343428675 6963075.928790894 72
3352204.7020722236 6830354.791817653 259
8129263.976664912 9433994.752142493 160
6172442.856511642 567696.3940838842 11
5522647.861807493 1633434.2613390684 236
4021298.143742019388434457732 2491704.017289918725800185644 322
6412937.446818095 7646831.4096429655 311
6347958.320885167501684580631 5580710.834689812243767895749 223
182128.52775574385 1306518.308539436 67
6916724.414699254318397991488 4176103.310123805416120275066 327
6863679.723899191583450306458 4223909.951116256443956273608 200
4192866.864523555603465260662 626500.9920582571145649599739 66
334996.08348001476 1808107.0512226217 122
9995883.009470873 9406911.981407462 186
8872792.624916412 7789806.418587684 69
5546835.133435629 7867325.834012188 305
3763579.8146042707 122337.52819327038 9
5489043.374238119707547539988 5140957.971310281122790563228 45
2493563.6131102303 7198549.044546433 243
7545848.994554404 4130944.8178014853 214
6186744.466344167470494962205 4237781.270461242398129742872 159
5330595.946902519 6004517.876776897 263
626127.8671255965 4758613.0800528 174
8232749.62364007 4708027.186686769 265
8487422.119726593 6107400.8838655725 187
3957108.7536209705 2021663.5380059166 232
8601215.416361843996293230818 5997803.690106349462537994172 39
2051233.3439174169 9922399.258428745 136
9287259.574042512547449088117 6612250.755300758309088767112 86
4851396.770355492 832520.1028614893 158
9784238.407518703 9029163.054207262 112
3309328.9774902947 8816999.29732643 173
8763751.820803804280564302034 5299942.133649499350754894281 254
384644.9417373288 2189454.9429225605 67
3339040.574756872 5381495.667682648 238
7510398.087629968039826466060 3678937.171859892681158382164 280
6123391.184982316327272110042 3370573.701948689193543223886 272
5527254.871961349425067272958 2186740.201276391717863833989 216
8822020.73623213 1719652.7245233385 262
4746494.921619281462950887686 4441969.287049219004154702696 344
6785401.845399977584821572998 5540094.061597813985692997008 164
9354736.618167015 4492791.858023101 114
8034943.457487873730627531521 4823941.434509477940002510926 106
6228068.011773095802780525684 3026829.090787392990943393532 1
4873663.924912141 9179021.651577251 199
1786588.865800932 2471175.1579680396 66
7947100.371097473 26547.622754085067 202
5284681.930129429986475702711 2040312.246609180359728872134 131
5776083.660122119838931341788 3178218.710742479482629842810 299
6244273.35594039 758674.675906672 160
4073913.466335076011351754367 1998486.977019309356060952551 336
6304984.579879444784799847221 5813567.488485577918841430375 246
6273625.754900674972376723004 3959324.503255162255674573774 10
5356566.509403897988024104155 2607536.668283597122189190270 72
5516806.35959606 9119209.389526075 95
5519511.131284243 8048320.34308907 288
1606152.1447304527 1250293.3562755147 198
6877514.835898386379606027263 4669181.237181578708792830678 233
957812.2775534226 6389016.365798794 341
7711279.219945304655306722878 2780452.136855213821524270626 151
5512272.778055561326493564106 510244.8203016516259794486134 291
7581346.598984622088039201909 2913832.753949987364375557403 253
5861841.879740051068207803070 5127399.919702440579876435152 210
7275257.730318523757280785847 3576187.758742194563319383822 254
615268.0189154758 6543846.648128088 3
6325320.191841986462912375475 4405653.300912762486979604306 42
4811653.315874547 4892246.72363573 122
46980.5290699743 5059728.355743568 333
3977870.6705182376 1553465.2240277147 70
7215053.343909605 6289633.668978911 22
5085234.0071752425 5538147.540290261 118
4617992.79378823 7252922.881402806 34
6871248.060118826888944248271 4436945.428952355505468817588 5
5226959.817677676799784921430 2591984.360043815189297673970 335
3148524.782009914966363088322 978525.8761110742528883313810 286
6813319.132146747776555668796 4713614.185505155901833575381 7
3679391.4897730607 4032881.785947825 255
5499992.8551283 2363190.659665476 97
4901388.465956489259836926011 2927978.331630067705198630807 33
9763483.762416786 1646087.6458151685 179
6227069.417995132 6194955.01410527 146
5231622.303907632510944145856 777973.5966551130512467830186 153
8009164.470435930493498743918 5111574.921840689271261346119 157
4767007.602436569 9565085.6917154 175
6116795.739556924644127288247 3425430.999678601528059763333 47
6695595.143920960211306242359 4427765.651992155260500491540 64
1186252.2089452455 8344763.104840186 191
4930266.712063864951690575027 3575523.615444769489638345306 168
4144645.390038778 7961286.947859037 256
6873765.681515313790056150549 4462822.818265287299908938358 231
8622985.243621836393765114299 6015432.548626904715415249065 263
9919713.338866703 7685282.133728471 297
377204.6855049338 1504053.8738229936 40
4111149.9435394183 6794912.000333655 295
4655019.724712355498215024245 4624974.840798153873886042207 65
7533510.490443653 9693713.753921933 309
3357116.126621923 1450244.490153949 351
6695955.609724218 9858746.707665365 126
2801411.1711926893 5441126.782379702 223
6962021.257531531 5542899.391567753 61
5140314.347960969 7508999.565602998 106
8930696.499259967 1874088.3601438052 192
5218499.424259219 6960693.801455262 344
9757391.258608088 6230057.245307713 288
4173689.341709408812623276006 1905444.468000152789639932576 137
6175377.553635277021114912784 5308466.287762064496805678626 13
6339011.190091454 2530584.9843745977 9
10000000 8006434.871446720018232179906 118
5955811.610315976283345565184 5237324.040355068848470249491 189
3549859.719827767 147472.8939680181 59
5604353.917551550920657743389 2987681.598136662189516719848 40
9467636.549788138 3875035.0683398694 16
2459261.5667103645 5374554.681197107 319
8043758.036495326 8074906.084923403 49
5352796.512286199702253808472 645742.8863889245004263928240 8
5530930.844603312759600892098 3144174.912197343449471802302 149
3468486.240164823 8073679.104082552 38
4921750.224540779774587018188 2457817.414697200422997284786 19
4052742.443032701 6831874.018217381 255
5007145.006663844727367811084 2679310.423388557899942216342 204
6216904.497164368352479675741 1194196.690546884298853939336 272
7371952.682512118438192449449 4575848.169977748035739400090 331
3763623.202748324680063433192 603044.1667532531215311693187 314
6393044.787075111 7012057.189805343 91
7740546.400373010728878495844 5808418.631337324440813859612 178
328534.11606297176 9946345.819464631 73
5412586.278256710943525240318 1740200.381097453250211244904 121
7919418.482575236 9920233.540932076 346
5667705.148858657 6542709.141528666 3
160393.3152032533 5323506.513158865 88
5254855.436730519249377671210 616359.7547699754494366360636 352
4338635.511679527141970681399 0 56
5129131.368570173418888305347 781432.1549065360250992927201 62
6729287.294822665223307769843 5556184.650049787558988363937 165
6056936.955289285 7219619.435869495 186
970795.8470406309 7537746.984654943 354
2110724.9517459236 7368622.820918165 236
7208521.885523957 1910420.416583295 332
3665297.301105729 7921392.996559187 154
1353275.982950788 4098596.851183497 305
4352236.230444094 2636941.8263580324 13
8415744.740620917 2029814.9224267702 136
7640819.908423872324701958447 4043031.133204042445347620012 300
6447603.358714123612916101412 3465845.589269423920597089966 101
9389695.32392631 9956291.070492767 8
6704229.089893757 6487024.12018363 72
4099741.8722567502 138016.20693130622 347
7108090.0366247045 6297891.334309063 14
9925438.795271548 7081103.419944507 359
8069645.369601194359458288333 6225934.336430729894689488520 24
6289132.614591281645944575233 4671362.321788088894159910426 147
7024048.409956124561586247519 3040722.980319266243808854477 104
4852666.281807323 5574905.276271272 163
581266.3586047217 9705422.034800231 278
6868709.121091724 5637115.241774724 136
1041150.7067722814 6798338.673194998 301
3301003.680116938428121119731 432961.0417241349132319684989 259
6270607.778890769985231436641 2973245.559376826855556251858 115
8676558.120971341513855044872 4995861.565441839705257797810 195
7758274.631237188536750926713 3592364.927197732500508775209 71
7838603.483389877579741681481 4356642.902767779368515214050 264
4231486.385993095 3441441.4860558882 240
3534023.0806513284 8028076.283394911 331
1885315.10162669 116849.57877618696 18
6081885.974761837 5014637.633920218 77
4895676.213380686129095053187 3480487.001385060860131159948 70
1281004.8608362423 6694011.599441673 253
7863124.4502848685 7031050.604214872 327
5766056.490626169334804567252 1527225.834157751055286649338 144
1247632.2030512076 5318642.492044673 97
3128395.806996456287270793325 0 180
5880528.636481387952425345744 3711468.828875000689436390808 146
7436752.166142878 9590450.014118215 18
9911654.676376296 8325568.8953089835 240
5121474.419890400016153513161 2953915.374312334111089524322 4
6323188.197123549 2191596.088094514 95
2811388.7758735544 2838496.4445530893 285
1736274.1705424534 7606438.685264572 187
6435320.795897503180297622514 3767007.303457087059766688054 190
4865061.925917598 1293173.3640490228 165
6517384.834242312 6094950.370012661 152
4857222.361815061732629987736 1192126.051607785671351509406 356
7093296.544402871918386737597 4152745.512821331165772123407 145
6756401.515509392601578840779 3281121.968917404327529437985 336
3322873.222233651820924760645 837395.0883975176919943496009 332
6176451.196774365 8278136.047023108 29
1531528.9081011196 7236637.781711213 179
4978513.821028392871180898261 416864.6154517647244126223719 39
1807725.5103685209 6002248.071730999 330
8120792.724563242 7901266.492978203 195
6609761.555761687955454024385 2815286.767813514223036542013 240
911693.5207060617 7944221.019741124 307
5790355.700072835 9786199.45439551 206
4869897.2335663205 6033481.805509444 197
5755763.808629224252290839981 4093879.384251817193332618662 284
6310013.182037296262709340156 3258501.278240724800003076005 321
2891662.095418336 2017899.5482764272 195
4523021.924778269 7567998.758729475 209
5461589.738287258 9496027.43517235 273
8518919.669175828 9802571.092975441 336
4935774.757691292786628941350 2581077.703043211057745380905 54
1366987.7694883004 4148690.7724479716 287
4816575.295788508 6479964.955155235 62
4854342.71357655 245112.52106887204 37
7138886.755141409 7391732.646794179 252
2240715.3451493187 3770805.06993286 351
9639491.725615738991112780278 8636192.590880881175415809173 115
6873877.517371760986953064632 4390019.514080353656356803658 93
9627739.773161374 934738.7762047566 50
9002548.352064962 5372704.54204761 115
7957819.018963764 3889101.7866773657 171
7128781.145059839833346892836 3676401.405872484200963961886 25
6203759.697984973 2474217.1890254496 239
8031311.208857587902053795210 5567297.983914879959698808389 337
3378979.913121005281297775945 303575.5829748281543177132889 96
6264527.464975040394796195910 2492689.594554415269512857366 99
5630396.110407887283020170745 4512399.513581760027368589333 54
1220002.8586046086 7692326.494388151 79
8167277.8559042225 4503586.074555895 11
7259249.603841254 9084652.939908534 63
2377286.0297207856 7527691.2786312215 307
2001068.8148303912 2156707.9659306854 260
4344084.652285707 1356822.2148694342 108
302779.4887391844 2985658.3701770077 270
5512357.560855572 8440120.898686938 33
6721693.505967891366724927006 4275029.321093676365309247801 272
8664426.441364426 201829.66602505403 157
9181030.357337099 225331.35258934967 354
5665567.269823578012213500943 3049012.363788430035687729805 189
7549584.998221921 3552225.0274254996 332
6622565.448569030786518112917 5488027.606502137517348543645 326
7423155.865284981 4290553.178251024 99
7198618.586592977386753150586 5882909.632456427663474238091 81
6063879.446114336661124338588 2679741.787199740295816455539 120
2596774.8853095807 5745883.952776405 114
6327273.895353005 9526341.227255834 19
8102850.119866451 8393982.919373767 52
7085946.836195288 1913060.5018207713 316
7567436.645844238 6126197.848777686 177
5167164.983790622957341135855 1012464.016249398078001345728 33
6246701.315187257452003647386 2648985.142406028219707901978 167
5518878.169122530591778835926 5342975.926747663919557591221 16
8008433.8770936 2223475.247666571 122
8521465.818579296 3707348.9032279337 18
3940377.4433119553 8567950.962579465 178
9773852.748752085 5799068.429846765 296
6676921.995610927530411821701 3609746.991859670715000927357 77
2034494.2059485838 5398619.246203602 267
7378840.393547995695727752819 5821049.683425441383662782522 345
3294896.55325056 2825698.322120408 296
6729999.285747543492896629882 4175254.250725392525681461973 215
9308216.551053623 6295746.5261200005 92
4897610.51543491 5024046.434905958 51
1386261.4277406426 9228435.569370423 313
7324931.406095446793984963842 4039769.642125916366668313389 154
4886595.122550078 2037290.825394371 12
6704730.347552498 3307792.1965181013 10
7258132.456822066082716879729 6258665.420759510255430902544 330
6654343.097321666145573671275 4122279.217277379004959251513 211
5623735.582904904006814314689 3882278.842781948980905312232 118
1033539.4619180494 7406621.023362534 142
5944040.217957816763483765822 4895467.944516588141452305954 38
6148108.330230111897916736543 1446835.861910054694784519807 130
1271358.314578831 9510974.44919464 139
2523930.177753471 460043.458276983 76
2367491.8212938122 6553472.469328665 344
8680612.440953327 5191690.5720053045 37
7797925.450667045 4192934.191534871 347
7833122.073514738817155536106 5699325.274142098870109795536 58
5184071.075074937 7423837.005820956 347
4913513.181638659 3149147.6310683554 302
5286224.610210640363244381891 5669318.915592979968669570747 291
6643986.244542026 6935070.495586118 155
9921014.690033091 7959400.236495667 39
8290478.970566523051768278593 4093713.534776072987277222584 208
4524955.0638895845 2377910.7117023547 35
5904500.65958216 8159590.591883875 130
3663670.599500617924134676061 3230363.871219950177714554455 61
1098326.704369681 674705.8111520865 225
7751727.589798226434328410741 3850933.394114000732837655729 238
6616033.766902865 4339729.777878173 338
7961160.782638470537611446549 3135168.814569660707062855166 166
4419019.857676236 2678017.3470953694 107
3006342.2748639877 4525912.79098425 301
3807254.9923532885 6401721.800256555 62
5730325.106543636954711031915 4863775.177322479804120686320 341
4927880.891363340102686383382 2546885.611488859937093740150 77
8357695.881642737041403593933 5652921.176373727791723869748 319
5734173.099800892907860798818 5320842.247406268242497597695 330
7444387.760850235 9671083.15368648 0
7772101.454678476 6203730.562347907 230
3745309.8604932944 4161981.7884946377 341
5823028.256837583 4401729.978947398 2
1881365.7876200096 1678559.3802297027 343
4082604.673972825 972037.9619422348 355
9089963.635234337 6929113.815337956 261
6281739.986013275165911162723 4892954.663719470666131812858 324
1056673.0404857127 2243905.438325019 293
9827484.123388654 1579152.1705653977 34
5603550.750901033308976282417 4361919.148272842863087191856 353
9078406.77110533 9876059.695096519 113
4931694.9457475785 6361117.145504204 329
2453003.532418466 3114406.7377829053 343
8868318.369258106 1225264.7105676718 129
1271086.8065676417 2901527.225452213 200
6196757.515822270503059117526 2475722.579784526350949107448 120
3888324.456014629079790078146 1589644.133682488045237824189 169
1490558.8327554476 3002213.701798275 120
9658663.772380896 3552874.87246288 341
5989538.310259352237726138418 3611363.807267842129852025157 284
8208935.890664284 3191490.581972397 102
9547150.213733424 5719995.723528558 209
6243322.728172334120752673851 437677.5361162084640538679081 282
5710737.639122817526375359858 0 119
3732617.0564293913 9644512.979882495 117
6480595.825583871052626052652 3274805.576865399260842750419 58
6054511.667789752526204256668 5736990.234385461162103472968 17
417633.17325301585 6002481.512913102 52
5391600.552886487 5653649.616685091 95
5321554.342079955252952773298 1553198.548233841727344638982 256
3445052.7925373777 3795503.6897136252 121
2662001.8149312506 9695390.658662518 63
5470427.834164704 5612920.484157019 143
9936914.623569492 4780409.720807591 67
6967561.464497832516860337177 1937747.758552743673495485634 227
6334325.979200708416265666645 2596807.451230749205507277426 8
6382345.202236018 1581825.0178927828 190
5666599.092967902473321083156 558492.9576389589009446651452 140
7293620.728436380056204012064 3011964.019114720240032431302 122
8180927.032674941903733960050 6094101.068487401681479642559 253
6166780.539407952388670430813 3195903.792985132553524034211 318
8775170.680692302 4206138.046593913 89
6036344.535924120777154101714 5406512.807377418442888302998 187
8003255.638458558 9909967.986905856 319
5504989.622353219899263393174 2820222.779267301929359098623 162
4851244.717705502 6866478.711853574 299
1452496.3055317085 3777588.215974641 191
8006983.410072561 1778806.4909034707 105
6833273.102480612 9782260.187420577 181
4315158.53849956 1734906.7434141717 223
2026661.9920201811 4739695.482844337 95
5894686.852597664351483443231 4326172.129863038721057122575 107
6793023.147615806874115088687 2661273.134155430562794461485 314
6723040.765394316792346975795 5504089.875269589944690264672 30
2969417.498478939 8934259.554294502 305
7370823.865902396276634902795 3800489.273348189098443606110 183
978626.9764876232 6937823.079808639 298
2281091.220729218 3948584.103749085 186
7307036.493584330634611572090 5026346.057107282081466264955 61
213211.7763844954 1840633.401469295 315
6976335.553275403 6063418.660793246 170
4061061.8749866677 7273924.797741703 349
436311.0126812464 2702532.989073052 74
5299105.604058779 9277891.990028186 13
5227832.024525404 2476437.095656592 298
6951172.196167457884862347987 4999693.294571442223306301343 53
6692265.812641232110846057364 3512869.943843688409865073479 99
2411556.7879874846 6828471.480507446 40
3460139.600769736 432953.8788336273 64
9799117.302043118 1388486.1441295114 52
4896645.1602028115 7249051.969398226 270
7655343.475660695042844587072 2856911.027883794416147092386 182
306457.06739863555 4145639.1297822082 139
1596076.2203910484 5495862.1003637565 63
9454066.490647413 2682505.382830731 355
5844702.313466955985360773457 1123074.726730636571673846973 125
4019985.928939215032167879149 3723221.853220088231175812229 264
4350926.782104136 6018759.535843584 353
5447962.689046998 3053114.7404272254 167
4276789.65069217 5635437.938182373 73
6270984.036968002 871665.2251751422 120
6269180.617073313 4157083.6345281424 129
6715275.295577064 7748839.04608937 285
6072316.278136644028944152338 5290985.926649404830489963326 331
5725823.293245946175508376264 4083570.038049230545809719426 19
1297092.1901676834 207443.21627285788 76
2444917.9214252215 6248349.706052127 266
8154120.287382123149644748866 5768687.009992463808671394634 270
4570399.513037693 4691750.391272252 359
6939081.688007618417257941433 1907206.937376141503739801346 20
4607107.138247361 617714.6102595121 64
3838888.141933985 6549284.962628254 295
3905333.7716734516 1578768.89021895 228
9992290.670884345 489895.67792857124 339
4090279.962614434 3551134.2642508694 219
5425671.166681172113657288333 2939373.113162710819407999725 50
4406218.864509527147111036253 1894553.449110636029351947058 353
5033727.865323236 4888677.400920639 231
7378845.963907260128723343651 3793008.545936178718105743603 137
4674031.244787792328935734283 1861670.223593807604437238162 175
4553971.624796952944272958712 1123253.863529187078310150688 131
7825607.490585448 2199610.6842640615 173
5793482.362933053 5675040.694728272 244
6139399.087711210171589402731 2912167.344875813249859526345 252
3343136.422382267618167082012 299834.4305369596525778353992 302
4527433.604782587 1509261.2801017235 179
4530951.427196552 7995642.144831051 145
1063249.8921009558 9431879.251148848 320
5484102.886988166 3083391.5491858786 124
5714001.133718712696117381492 3639819.185299450904556593945 280
5699709.3598107025 9306583.769444238 269
7858106.813941517631436302260 5175695.092818208776398062899 133
1363737.3993469381 547970.3903732059 216
5493244.704910844 1465143.7394394584 351
63252.20477282678 347532.7021803931 114
2546204.978967462 8289864.1733697 82
9532783.152922503214329782268 8885141.960801037951864130906 287
2287281.099270142 568826.6720045143 16
6341502.5700341035 9458709.413468825 196
7000112.016703707 6389578.753316454 146
9037836.407979427 7351954.705183089 54
8187932.989677968 536321.293401133 196
5404377.385322912881669531654 4863282.670706009721230624945 202
1867094.5640600645 3490869.2352178483 83
1849211.8479570486 9789802.809797494 62
7705121.930668857678552566297 3776348.748560554665458157955 272
4506486.445406041796780669267 4864837.905377400761999197156 286
7060384.324292038069545952922 4175790.897442154226866327308 160
1360741.5515088174 5138883.848395199 310
7852793.652838199840324079513 3866868.097878665497706479320 146
3410009.6415739413 7409811.401268683 258
8102302.160014182805677798213 5836930.697866976017288193032 138
5583726.617050969793574037186 4435271.653213568986872199349 292
5735625.748128423 5994931.266102933 181
8773976.551413588 245365.35501422652 179
4541875.124251509 6342192.98843645 222
1182502.3559935445 6102645.440962385 315
891565.3947297508 2697718.816415905 139
9197186.874375103 4109849.1759212418 306
2904319.3422753755 6018000.101781832 167
9524518.435008790489466253037 8882753.608261238952932218924 85
1312624.7332320763 3203077.944520599 18
7252248.738155016 2895840.056340837 22
8604275.576209554 3299786.6962673618 321
8348182.933383581 1570892.7334077593 207
4908484.031326917 966182.6671711659 189
6873597.55214693 9771937.614802636 25
8743828.2403414 5660299.600289988 357
8203751.05374135 36882.157503879134 68
7691655.489141034525255973255 2181121.400077277323831215534 53
5921455.474267589 4711355.748766506 209
1086376.2553139278 7102995.894146281 223
6816460.893150893 4401656.421873607 7
2688684.421295505 4784008.4335804 294
8512280.996929784061191938028 5113818.812518867684500879555 106
7658882.078672402531823266483 4725310.426670193804721889761 315
1708348.6109439605 7599011.85548643 207
8953369.211120453 8285774.51149264 102
2001259.1973836212 2404830.197841252 77
4030007.1012388184 1906574.4189940325 160
6754003.069757958 5370738.555936287 131
9156636.308722746 5547790.216941607 68
4558210.502278458 7869869.307579559 67
419742.75610256795 9433231.33364592 128
6599059.334740677109786280648 2901161.745539139478726532358 171
4045561.983820112 6002358.062284944 282
9351992.912305982291791680170 6878845.112217438807388384854 62
7379706.263008476316515897349 5568377.208860750294538774847 329
5068458.646574365 1539503.9979665847 191
8330402.63011635 4917507.948819281 208
6833445.332618389 5399558.003776044 49
6333094.602413385126821187438 4111326.582203552425075646432 280
7681548.719023674 7126294.128958366 56
6480150.762046701428678035824 2548712.193371457497692033928 209
5664085.449131682841018356380 4135368.409051452148353430949 105
5272865.2656933395 7181251.201486954 63
5516580.455275422103301552808 4915084.461529053780465936735 335
4171094.013481088 3369347.5676585194 100
8271220.661100223 5106064.63203552 264
3650189.923935951 9550554.270103794 292
1139527.7898331701 9516193.52031649 310
4231574.527202200010070827863 3724035.223924680449321867327 221
8050367.759174229643520162527 3620938.768395940763167881333 150
2920158.170171363 926168.9139314333 217
6338691.218168154183071571518 2947924.610915855271317101385 42
904213.5850379918 6854227.097326293 27
8628561.868621595 8887576.391151754 65
5371759.913444774178471981832 4562007.555822132679375807043 38
3241382.1388523425 8539801.487440841 63
4548713.8044450525 4905861.378224897 216
5649574.430814618409154992819 2088316.215047080856511592960 238
122796.77845934755 7267536.521524632 304
1234453.0939695442 7750831.277022635 358
3583463.7826554794 4684639.748456303 250
4552371.70465862 1977124.0462249373 231
5382835.786737557 3836547.816732183 357
9772130.518629579 9943995.384072317 354
5629775.179014156879957172592 5067808.368812935100688517863 345
1447183.0065498347 9526780.938235598 0
6156602.660414685774283499671 5175193.913097773191152519095 342
6360905.48665259 7552416.749023163 265
4419076.460883709 7651846.812768803 0
6331395.795493225003812024699 4879809.691234342394786940021 110
7457531.1755752675 5648447.457988991 89
5816930.513652223724964872691 2017576.738024678516432824782 335
7062708.563096110089383609356 4231629.176353929365130317602 133
3677662.2000882397 8184780.65821828 185
517949.19677816244 8445916.433066813 319
2929162.5610853676 4146144.7909992244 79
4309411.0882868795 4550481.583059295 208
1753701.6850149322 1251973.6026854499 56
8122955.781021156 385826.5225734725 180
8578061.119751673 7389060.181131398 327
3892501.184539545205737164890 926866.6720422676537736224432 315
1974353.6997039157 6093562.121613488 162
6375238.253133259082288431412 2914585.592295784059509965855 286
7719748.423977289 2477295.8327154205 335
6273763.419467863 698256.3680238818 195
4781530.99810231 2324821.588976226 133
2805155.675075065 8056810.741851315 16
6677196.6013368685 1862153.8893046652 282
6874657.892584467378010780714 3590456.722251875657703059225 319
4807821.971598215 8227575.879980669 152
6520797.040233253302662587020 3806507.640829592146729474855 159
6368701.616535067309485825934 3629045.470444933379480949088 261
6738115.921051995698614980706 4514946.164690854401785244483 324
8060374.934943220369625738546 4194249.484233685413548955112 269
1013879.2056995827 1204156.4796409633 336
178541.65080338102 1383383.7334331544 204
5397000.823629947 8471990.058372442 163
1479238.1758660488 14777.689702496487 268
3606487.4266033685 5404547.514408056 294
9934000.469724147 5842350.008124217 201
5042254.995477732580112725445 1637118.075577973416776275182 179
1382578.346024974 4345813.36154308 213
6918126.671610717560331529629 4822145.569733898042056237644 226
3470838.4205203545 5113983.242629649 137
8944670.859820453 6081952.450605616 323
5391508.727380091 2079309.6261614019 51
5943171.298453507307601262753 2876784.631877136604065599877 5
4704472.999044526325677320617 1957949.322451263714318770974 192
8216261.630583987 3538017.0901875985 28
8252122.9080599705 4141780.6370326136 347
498085.48017947207 6618698.178984278 101
2687301.3800377175 9723330.40487264 206
3993459.5783477854 2687158.299162672 329
4256000.939900152 313055.4266857988 107
3614030.4804134984 5050477.063002025 245
7533189.999625705131960546678 4355611.085098936742475164855 289
280840.4446231283 5624713.772177007 250
9045433.49270622 7601971.214154478 136
8421460.521092659 3379881.4624874676 272
7658227.381469676 3035855.3907797392 82
5260534.685615621 2913590.1503899195 301
9261645.139171757 8780040.297693232 283
8257677.058998009316729397404 6309651.438297216840200657212 21
9496367.549185961 453179.62019515655 190
2078306.6732443133 9195451.4248861 136
7933398.917391227 7638958.96411803 57
4372724.826861225 5805388.503619565 136
5583316.966419102 8202866.89445583 288
2306729.316717946 6419330.905416709 70
6073571.848638676412493751919 747041.2537927985172379743882 117
5056402.893161413 4943876.839865948 242
6545165.536272379292976139294 4603342.560722269748831748800 85
4136434.6242436343 180100.47263747774 358
9171078.784380615 247369.13092899605 264
4682343.243393421334809292636 4683570.315702371765386328564 350
145861.12554497822 5273824.454943346 38
6859113.965807431352771252050 4671724.859475651002189882705 180
6411698.365890498845661983808 4647047.719530464672866687440 317
6147722.404445089 4223215.7245137235 171
2235791.4969476634 768386.2862107316 349
877
