100
70945.1473835448 39049.584292769985 353
76673.11715411979445175439215 38346.27803962482466795617498 274
76733.59365844528360560360834 37481.42373489340790879230220 151
68722.92495877412018926093708 41921.80990331051789909591068 233
63598.86819128894546962099917 35121.95690433029934696133820 98
63511.73155956493003411515031 35741.96625540990252143966967 303
64716.46009157622709668734776 33886.84699805792894493259696 293
56465.49112960876 57192.72149783774 24
30778.90460766072 63193.11558011832 122
22497.28404831932 70852.83901010257 226
28985.56521375182 54510.085667170286 253
99428.71087200523 8900.178760903422 0
31281.636472341255 59791.746444786244 127
60028.603616476365 63812.54422454811 225
95760.17359880151 75002.35191362203 176
19648.294146270884 54739.89969787685 330
1126.7975609611346 69220.05407866515 93
52649.14489591871 37233.35820166522 181
19673.36755939694 56360.75499339901 86
81125.43346838324 65747.46956702367 60
32079.694337514775 957.0867571424335 119
65712.05633225206 19354.734502326533 50
3026.5526493911234 95730.59780734788 111
76190.27812951125 9653.318491007789 244
60795.98769787231 42246.64671791657 336
19859.432061683292 23524.639720205796 102
55336.78561327621 31323.356542932812 43
74409.22332499556 33331.80149760894 277
85222.31606215583 83526.1714178231 212
88993.67580656988 50476.27813758864 13
68162.19427830416 87124.38627050054 143
63139.26145087855 10657.730287715694 52
30711.03751939348 96949.88180844593 219
6451.444339060841 54258.65133973053 60
6426.3061254558825 24300.436145871874 200
35730.31554785871 38422.90055308274 175
56699.74952692318 2210.865251539806 88
6997.677980187089 10917.59211805976 216
64438.60016982022 55778.4628197725 301
43100.576285920586 7466.546344984404 29
27030.616897421034 61537.703615925224 59
39184.504581705914 51837.02131090375 328
52983.292341314824 52228.300578302464 208
35501.554219185884 80179.73642130423 108
94249.65871072114 21875.20132737827 188
73483.64516832303 94569.89116986949 134
9528.40653571223 25490.739932901153 263
99102.21586475462 2080.6572193541206 96
237.41570586184312 26763.61282373213 84
96234.084593961 56251.12495022263 148
87800.55845968112 56578.29340802949 227
88856.92441603566 12999.09948165101 225
8455.288505367897 1145.5898206652603 270
23065.386724341774 48971.27776021487 74
97991.19075043823 9861.683154780221 266
53806.51300172791 98094.81315398752 192
97912.04135247016 24956.92882070637 349
49349.743332845064 59326.1655278689 7
44692.64461239372 41969.46324369978 198
59540.21635616341 24026.447841120193 92
13888.704136815499 2632.924933495251 274
58610.38004174009 81963.8991187419 219
97507.2015376086 74704.89917897125 100
47771.13652884587 68979.73491072004 44
7034.45205037978 38611.25206605673 69
13238.904010143493 5357.290898217059 56
56199.42461341871 42373.14327385748 97
38469.42996689419 43754.159245838964 75
4679.288001446569 46771.00269698163 17
37614.19084929879 19246.402950991815 65
23332.965497234116 32490.324750425025 83
31618.786748278384 12521.51793725762 151
37331.945898594444 20167.836528789874 129
79909.37960494177 97310.53832276106 0
39601.0925727758 27198.438752240785 46
99174.14689146384 53349.766279445554 54
12084.719629749385 92505.74969067004 226
29076.0017293639 62840.08375002632 24
28345.141527349715 50729.32352475558 308
11271.196585228437 95086.62713012018 2
96448.45304734902 95538.04783080732 152
42659.73741505198 98359.75838828192 54
99126.28756596835 82073.6723676339 157
77570.49132077782 75819.97851462067 97
44279.208535564874 91136.49774955731 255
38251.28701023992 60449.480158546976 40
73294.49808121116 50654.40182475908 137
74015.3916917013 2079.414307181482 36
90822.72473837872 25134.6058952721 32
30895.993143814336 28770.592434965693 17
4919.759863718254 12037.466393288343 174
69848.85008277811 2207.540886139514 200
25975.373365202613 50185.92804065019 16
9277.648743491229 57953.53640875236 248
98904.35459197227 691.501618259871 280
30449.376492147305 80698.56818613633 104
63904.25042801715 78694.07778237227 152
39505.435991107355 50425.70130976375 336
10644.6753688062 91879.30756777136 75
15930.288985082652 82602.73557739529 215
0
