100
27844.077290942292 64504.795230263866 43
31734.34119181464719321763876 68132.52500688408613103673939 46
33291.46281017671092705853051 69744.97164495663335115276411 232
29158.02247380306180583438623 64454.40927424583337835927542 146
24336.84782718724086411719266 67706.33263457298180481622183 122
20619.26166406361191214980393 73655.71413610496247292432806 354
27670.33304555192708657755726 72914.61667074993660594461592 142
44608.05047851963 57678.789713833066 343
80871.7348835146 68023.24762834545 140
81472.47032069847 96380.11278429758 190
89465.64734086121 54196.01635773444 326
24228.661372222738 14709.097905322798 284
73070.01493182484 21212.615776251787 93
49898.27930228556 34827.851411015734 346
33776.72902536459 65627.49962149636 352
80463.04726393874 40209.300361747766 109
20821.77044432687 29327.830620533325 132
6820.788649159104 22853.40679803415 184
41403.14527309954 34005.576755638715 322
11575.809513395918 44861.84873290433 181
15990.16998567152 92147.12804301527 169
31126.495926266118 5286.53534089717 315
18487.80431345941 73478.01868974944 346
83966.13506872585 26925.49527974296 342
33085.550818724354 13208.678957016795 119
39695.532260157175 45719.259726285934 8
68752.45195416448 57163.43654646217 37
41359.85801406252 91317.42344372964 344
58328.95987327104 94594.89711636187 255
64915.61981210314 55781.91108447088 132
36707.25252772936 53827.41476550444 117
97961.34284930838 85670.33397198548 76
16728.557176674254 40954.006583200564 351
33909.25194490372 15036.69117529738 34
25725.657567808 39884.083385915204 21
15401.782232030826 91854.409132055 259
68338.02162232212 33686.41225789156 131
94309.90267010765 74655.10735125751 158
70319.26006429674 85156.21279353503 142
82128.7504528693 21635.79537914002 228
94660.7970264552 49907.878290748486 6
43157.19907011237 64521.58243202633 128
65371.03643028411 38116.33971896741 348
7391.769757769373 38850.405260899715 11
24642.450666076376 62744.31058562374 98
20712.080867523462 95933.42059750509 250
15860.930125133455 81156.87610871738 176
91033.1145212318 66375.07319932686 13
7459.675800590948 14862.932205454716 218
1945.6122810241006 76556.21871255455 187
61237.862958715974 90765.23751336827 295
77539.89297698907 19024.890658275417 314
51189.61141567766 529.2166429212708 133
29583.332011436327 39770.61786298133 59
35682.2938238063 56200.023475149355 126
14041.257909678074 59162.22968844254 108
67517.0317521114 30096.69788758077 47
9194.196598721204 22403.71090402199 271
36269.11008286788 39389.11629495393 17
62048.0596359441 40934.148020010034 189
50569.08342891199 20831.4409266529 179
62557.62916686637 474.5062856792548 217
75499.9367681091 5006.225878965897 67
6572.193575201069 17422.224413243694 104
88825.86720352183 42148.13043752528 200
57532.03354183041 44365.90127328176 104
70824.26984088219 56425.517368485125 233
6770.87295400477 50219.832213706104 89
97595.69076006877 2301.877680356168 94
46250.32518356219 54255.64671266455 273
31320.740474415743 76811.62661471538 8
27608.714752270735 48724.77811103315 244
10713.736001415475 46313.996692480185 263
3368.133785740268 3175.051280004393 157
73981.24348382906 89854.07576494511 274
77728.09202677433 97108.34440749367 245
40459.37559456355 20311.67526218929 349
81771.74851832098 10065.07432288778 32
57414.84191266688 64126.38968054033 231
39261.936366658156 62998.28397407325 323
36651.126721410845 71857.91820940301 358
13891.780627518014 94561.10557256859 127
65615.27193875448 43606.72302191298 346
43954.37502204321 10259.076680438151 115
55334.27894379087 34645.90434204795 216
30051.795020752183 97923.1532270867 253
37991.81504835448 34553.75766833144 152
77944.38958917191 87042.79635227325 211
17943.462399043743 57969.71499951121 232
84524.53915526389 26374.039233059364 49
22731.361894350088 28207.67770142766 175
68026.25957828056 77027.21040831087 325
73557.61231621592 79512.57004768912 179
43588.37866772268 55286.444449181734 208
13201.961599307899 4861.412326856363 147
44387.02094165585 5123.224827409434 16
75196.01368584098 1742.157652578702 134
6131.270670853061 22613.017577210747 18
11377.854088456308 85872.83980849579 213
51471.09695886668 12934.853549135083 304
0
