1000
2957329.556823096 5728255.782185363 157
2523161.237106090039940248489 5912549.299901272013789900900 63
2774824.954803964941803450749 6406467.156109603730507194851 51
3346935.361190128178474656593 7112964.670179989386785340918 142
2640196.197727393213183405056 7665129.820282805778992415054 317
3356482.036488167544017999530 6997182.469651615462442221124 312
3791381.567717452954581780745 6514177.607575021165854210924 317
4336867.788732194812021012458 6005503.477198551913398253658 103
4252042.968869815784695075373 6372920.137972946065895405607 284
2633386.6835189755 475316.7160400318 85
1298452.146507384 1365030.3664470043 357
9409635.794287404 8059091.426891316 50
6373812.959671015 6150415.006726316 118
2958202.9405753287 4416690.630150636 16
2683615.3385468055 148860.869520282 280
2176510.837085297 5353913.577075463 131
6798721.42675163 366699.41805396957 228
7165621.90616747 862274.7098817019 26
3742558.345108208 8813540.656939657 93
5724326.222341504 9531737.945718393 351
9053134.175316727 4769900.72410154 42
2798152.859417552 8721936.323645653 28
1397474.724503599 5567993.3825994255 216
3920083.743986815 8533466.937261706 296
8410012.858737301 2144121.287611932 202
808941.5996563265 1034990.0811862068 151
1301398.2428412808 9788795.709103482 139
4714582.229130457 6346043.879116459 146
1482687.015210916 7283925.183364362 26
9767917.769601109 6267211.800601253 262
9474856.112474022 243661.62306647564 298
2362809.0664614355 2132783.6651693853 157
2446072.8159937817 1106162.2839294705 4
1312523.5676807156 4420142.888943886 191
6768907.5287997965 5318721.320521135 79
6943086.91949013 2746036.0755246105 245
1816672.3075727408 3913032.077597566 85
971033.349354965 9507678.752272224 53
5294050.46018493 5362621.893941324 281
9618272.703092046 7988754.037302314 297
4069128.1253979993 8936011.362674441 218
3078101.1265952187 5597024.075367123 173
5443608.756457004 8066573.631674713 289
7452828.8693060605 1307304.7535700432 191
202990.72864446655 4587277.4077085955 296
5753193.400425293 1074304.8362127217 265
8325614.789797754 7488817.502931817 67
4677107.786697639 9734772.224561848 46
2805076.887962651 723191.1368288257 350
2481195.6483547236 9180551.392056206 67
491523.98542776087 4891837.757415715 229
7290735.687537454 7970020.399958442 71
2171935.155553576 2258412.6799636683 253
5303826.270095054 9150004.026892597 156
8641382.54313558 5239390.184235233 42
6376648.404173265 7113272.409998348 4
2364689.4424749855 4647028.784251558 63
6770479.18212229 3192663.934732305 48
9936950.39869979 8210232.66564199 288
9169869.655179178 7141933.681072428 20
9278634.804435262 5351321.674637054 97
4431659.325530582 2116731.459454919 232
1759762.211012572 9364970.820796084 309
3369382.3132956526 8357850.620057124 316
4919323.563324163 4575674.543249622 338
2770483.3496851157 1662040.5793408821 116
3077970.581104855 8445992.13467998 26
7574586.527705408 1514981.1605594521 5
5030668.843321395 7734150.031377579 21
9277541.394895855 4817993.730492558 112
7133867.492642149 2982311.0000097496 6
1992476.245791507 2803114.24732779 47
2303303.8023901163 2923642.4260836393 335
1360266.660817211 8943749.09297971 146
3309414.2866547625 75277.2367116017 166
5396008.850008739 1117854.3241985305 96
4199755.65299146 3986475.270608798 263
6154254.5513897585 2777525.8359176326 157
5055871.286459148 5943909.027662484 180
1838637.3214956552 1807235.407508051 84
1258991.6360329778 6864368.238193115 235
4765755.286286039 3025874.6446608477 74
23259.171909798537 1184165.984140495 213
568669.1827139545 4626512.604400279 281
2426184.4216483897 3525707.687285474 79
7646271.279992287 357496.89698156284 116
3914525.4335321146 4094496.7697085557 120
934392.4470500664 8355212.50587316 82
934610.229480155 2958804.779755153 202
6038337.276623849 4790456.258618905 153
2536182.088414065 8243194.066889055 70
8873100.746230647 321928.32541021233 162
3181485.3338266346 7906910.530390555 268
8460324.800224407 1416526.0311977956 186
9370709.956076657 3289656.7194371396 184
4988591.33907352 8947091.123207148 92
5358643.93991408 1486168.716296461 240
6133381.596307607 4703724.446516252 135
6075108.164745295 4639761.046669728 201
9907258.603635328 3617176.829317094 179
5299309.28906851 6711456.70737991 161
2688997.286746365 70427.86240696763 33
7179112.900354035 9663961.007920817 303
5733948.59238319 7761659.777284041 119
9072796.722635413 3516937.6989833377 94
8259020.022632403 6111697.308926323 58
9755981.803870382 1551932.9780915803 176
1213892.7960259726 5962511.274924037 248
8458343.138588604 7462195.668092816 23
2977176.239023317 1186074.3421688925 102
1741341.4942603267 4939166.131554999 330
697500.4182666978 3738682.728913538 262
7822836.224368538 7665631.802748468 195
2998731.6534686424 6825398.95716638 152
6624970.512513525 2705841.353382312 83
942345.4086635774 2345934.7102676877 244
7576304.295761936 3987550.3770613084 90
9964519.739939407 4953711.382442377 339
1277066.591612085 1108352.2192628204 170
8232869.030247829 5789097.625062857 310
8336238.423720848 4177150.0265204078 0
442342.869287915 4021286.2427433184 274
821474.2573890665 7104283.8754759105 296
3421847.9593676263 1098425.5640270123 244
6050480.083031181 6645791.508785565 27
9545153.134853642 1205601.64982204 188
5895998.711241638 7957080.582450234 256
3106529.604452154 6120352.318129145 353
7190730.040907783 3402136.0431323065 46
4210345.155454291 5527018.832594341 109
8656073.521724958 9287918.670250257 308
7188857.752984875 1486855.3773983617 189
271526.9774228457 3665452.7109224144 279
6776841.83877876 846658.1492982139 48
9321056.174807247 6780550.1121320445 157
687076.374577037 60280.537554696646 173
3317168.3477394953 9709576.696629288 201
5127161.265137365 1683566.2252318051 0
8085998.368205747 8336903.689928916 269
456484.7010049999 3387781.6453603995 118
536287.4811461349 1590667.3226456202 128
3918290.105943142 6911239.250795701 216
5346874.583386488 2828088.1127294046 154
963245.0118245383 8387016.596554258 339
7510865.167027372 7347129.787401532 102
1726195.9507753556 6488842.778475773 79
8099146.345245602 3531500.287238767 81
9149562.841823421 5253007.2457033405 193
386427.2430242532 8157048.6787372595 7
2945580.115645455 4267644.83569725 95
6343409.114483539 8028966.692099854 16
9114095.503535017 4911273.841488511 291
3237312.9674533354 9027527.094723284 17
6420374.969277326 5713381.114519672 307
6576699.629271194 4272134.168634288 137
2111673.010418839 103628.09875998247 300
2287719.3365550996 5957708.380614488 105
9148850.080704136 8082066.227179659 214
8464815.734007888 5242400.189386637 172
5852518.827120014 6947567.836712801 275
9203259.718454462 9703559.101596365 20
2736397.0880478392 6244453.270534997 233
5161267.599948117 9733168.040699465 257
2036234.0263279544 67961.81221660813 309
5355771.02548157 1863853.9122818888 39
1327165.4625812767 5474031.147339481 126
4200945.870891655 8526022.411206363 87
5166866.893129371 5352472.892273036 255
8799679.238686252 9808132.829530964 264
6185102.570200575 1832668.5411756095 357
3325763.813807805 3972943.311916274 7
8457090.058446491 16057.933125839252 250
5219143.706497923 4565935.892154682 87
5946316.705798264 923528.5803345051 136
9275455.142151332 445861.9894962079 158
8806963.21035173 6426668.4505845625 160
4580103.695648606 5762210.208172307 316
9620436.35541828 7536926.87559124 279
9170832.986328358 6607627.114369966 325
2667181.228085437 3319102.0149868764 338
3940463.945286301 8352610.059641462 245
5100188.411722838 3232750.553789996 90
8081569.591168512 4562166.225643942 256
7724362.64049452 9522838.111678539 104
6966184.798421012 651574.7561080798 340
6045775.571660656 8511979.953595402 132
6883426.143258334 2878159.7435008553 331
5527478.683849541 830097.7560012212 90
6155097.697927189 9127640.02876294 49
1323474.0929880606 7950190.862306331 39
3253985.8434640346 6744008.687209647 40
5999317.739227399 5136792.219719365 13
2944863.8857899876 8747771.311638042 306
6731822.353405879 3102732.449106362 54
2964221.8116359077 8430701.304369455 246
67830.27436570443 252169.9151942658 76
4651807.722462676 1718565.254614881 113
496986.56120918837 5010331.756298686 121
6286733.940589433 3720840.7764590536 28
1663176.3050529624 9171061.962247757 299
9911174.955739554 6157125.473046556 26
9435565.678797543 7728613.395296305 204
5691957.166691169 3641093.917469619 216
6063783.927103423 648865.0652970041 43
2596955.4743527067 4605990.285339744 193
5079977.622742514 5489687.649227765 246
8608903.043979304 8419264.723750154 165
9415643.523835659 8543296.680778041 177
329179.3115591191 5205006.202459488 199
2137989.1618648972 8648736.410104044 117
5364283.9308091225 4379124.536809405 1
8174423.776976513 4483899.748251638 68
6772368.232036236 1391931.151599224 281
2681684.640863936 1292525.4325493819 179
4104493.3989801635 819238.8137905838 129
3044531.4893408017 4050087.01769205 266
2256539.912302785 8267215.910371753 26
9274741.16472921 8825907.487975765 216
4257218.577823263 2877934.1509725996 311
6303584.437173231 6061575.374073766 179
6391101.704686239 4606179.855293921 21
5509244.578400752 933665.7854838959 180
4188972.2805724926 357809.31745091896 35
8333828.739639932 6077162.108273709 61
2302071.660205103 7070430.380089493 81
6686272.5474689845 2882616.138944418 255
6808216.4329298055 7041589.217864654 329
1437672.9828512035 5599744.5333998585 70
2397674.348031108 8616469.77706252 167
7038194.085842413 7348658.159520163 292
7056986.464188545 3296512.3248280715 237
6883579.036946608 9993040.0729097 243
1891463.6748990365 204191.06244588093 115
3634143.3786138487 4962156.890255915 39
5252541.667757368 8230987.025016927 28
9658916.921294078 5387735.917615004 32
356386.6976848362 8528085.94136243 279
5358407.663978485 8578380.128652355 128
5078379.126826896 3078044.6649746285 71
5638031.314476435 7382167.619564175 179
2915847.0594367534 8327268.491062637 22
6485708.469229765 3379030.431721837 172
1215050.8209550416 2398693.3643764253 128
5316280.404186653 253798.8722301421 215
4702823.83016259 4436853.903532438 186
2278883.528637391 7341003.113965086 198
2903756.138515715 9974593.691993278 149
9902573.630378544 8118912.019315511 346
8097364.640952317 101382.59029522145 209
5358567.277109392 5964176.0979437055 312
2092257.5167085722 6464035.895027327 85
647591.0026497766 7854925.517445027 159
3220422.497327131 4126389.720405422 265
418928.4162963358 7453436.608785553 347
9425833.497534437 8981970.815705808 233
5281185.218996075 3369405.2497616145 230
1621144.2237868644 6416623.6688734135 281
9711869.983854253 8593439.950588778 190
8580255.568284795 9852547.528529974 318
2375235.400180623 8568035.584763981 231
849362.8790620633 3507709.1102004955 37
4413425.283647249 4265519.846439026 346
1800388.9076626778 3552657.931322023 320
7069876.74642079 9709558.489310702 99
5653508.460359223 5822818.432133455 302
9927305.19361297 390689.61256646714 77
3330872.51504501 8629863.85317729 15
2896981.8786803856 4105782.22237052 218
7804283.174485414 5961952.87170976 209
7626546.152968774 8583220.98961003 90
5434764.608094579 9662242.142325994 174
1078742.6683436274 9891524.602048695 325
9937621.713835446 8322208.614617763 205
6851922.877079624 645585.1681860969 314
8495256.314217811 4750411.624860691 275
919742.6879320036 1616713.3010888167 250
9345568.124897936 5812302.273416777 255
6607371.170671126 4182759.72350726 8
8014143.138964227 3560463.559141199 194
4278368.457402388 4669111.430003574 28
2240453.437882476 8210486.332008559 71
2721859.005039149 7473300.388072419 283
783500.6384086795 7283016.962900949 135
9174868.160973042 8563987.759966431 202
6720234.281327265 37882.91293643109 311
4990108.548047266 6178769.9888271 190
4832627.617578118 4454248.455661712 13
2287512.938885361 7016475.937546642 296
4977928.327379483 5390441.339735169 266
6092829.940480908 6992723.601075732 185
8862522.11574413 7658988.860272814 299
1223818.0353841365 9703708.560167558 180
4590867.931537293 4000967.578111575 305
7032341.108204812 8844125.879882025 198
6343344.85873773 8216341.126694436 354
8031897.003384294 8306076.362236506 194
2644878.6092377407 2818564.5188392308 190
2268765.5326270694 4536972.553007422 259
4844472.134668142 2414828.307817832 266
9031808.600130027 9712697.505633816 240
7844790.142285015 1980037.2245817622 281
770772.6943030225 1063627.41855344 82
443078.4006060362 8997702.712823475 273
1771155.9249513198 6759735.096625725 113
7819661.949451756 1283157.1982625022 261
982830.9983026118 1909813.9512564838 80
5456150.417229 1917635.0987976743 18
2568752.6047812128 8281614.607250509 37
494953.2973979542 1346578.6230760124 184
3985089.3575370614 9309401.510514395 294
1509805.7194912585 582117.7137584721 86
523181.9432136808 8001733.784554765 189
7232350.983208894 4637221.18234493 201
2516965.240874638 5567746.670699468 152
506381.6168525948 1574992.217827963 314
9908711.077288898 1401123.6561648455 312
6163648.557596043 4630005.319689172 226
6496082.07552746 7763019.567440785 125
739208.2806924849 6514480.333372166 270
9612278.863616295 4637798.647038971 346
343167.3437396099 2019382.268177675 272
482150.2336417949 1681477.037647413 94
4880988.182824929 7303140.329342827 212
8931693.685485229 8577835.083783407 27
4808824.338320111 4371498.103222524 222
9209544.993175238 8451463.312508937 235
7157029.609811408 6708666.048772282 107
1918656.8257072289 9226111.15340454 137
9968018.220535181 4028976.0206747684 295
2009842.0852491783 29740.222948750896 101
9993697.632176233 4479140.606307377 157
4350236.140022698 7593459.955102887 82
7874191.398935605 2561711.121119101 42
4072138.3843547786 5696007.477074764 45
9633804.618334595 7907857.010305518 43
7722889.056000169 9651809.561972508 4
2850254.555789967 8790353.962517828 156
6135190.724293027 6344033.746469724 107
2937114.5365209626 2079941.5536616927 15
1628607.3342465402 294552.5675442806 108
6606012.944863975 5945091.567180469 168
3766886.9406257034 7355089.740339678 70
2638000.08416355 1194303.8075876245 356
2758870.030853592 3238916.2104256265 119
5468143.501426193 2456598.145293708 125
93724.10738158421 4189020.2014549295 181
8713814.794672398 969571.508181305 63
3913927.8990849126 5511093.43693994 230
4929272.7309273835 2728383.053046162 30
9789621.664213218 8638494.569235422 244
709817.9090224155 4439332.4539200105 73
2006466.4803649946 3256297.40781752 39
1374430.1293587768 4902834.12140402 250
4964325.139118401 8305908.1287690215 134
2332709.517274655 3376909.5753105483 264
6770872.982704135 624824.539456531 336
2992692.860076597 5799008.040506843 123
2144386.2018368877 4689210.707174696 66
9035608.709945709 3847657.0042041014 360
178528.967329451 7903848.213976862 204
8428658.434919221 1291698.4297571466 60
9888449.573697716 3666067.6758917253 226
6595747.654416334 8510328.415522536 205
1399891.7955927525 9591164.478705777 197
1276307.131191542 4412162.155741258 86
8822888.356524762 8824171.02924478 58
6521912.625990183 3458606.975163765 216
6899950.88034975 8710275.733230598 314
4425661.445812167 1147243.170714346 335
8332262.799891377 423599.38487027684 153
8824841.362973304 7746016.545425906 128
7905631.5216961745 9493794.871086735 269
2463978.2131383857 1713003.728223108 17
6176403.047543052 7010967.7578491485 360
3156050.6996833435 8562044.655442553 103
2227682.2706935694 5784224.286822184 228
1899727.8385260375 53501.62371849265 179
7017050.899403752 8637005.651234325 66
343287.6833886878 8928885.43612641 8
7976787.375215419 9736077.294775657 74
7686285.872317681 9767732.506269794 321
2460079.1219045934 9967492.226626826 357
1485465.5163411056 1916378.0736682056 195
8687703.747095944 1814503.825577649 40
5579126.957443927 1365050.848699768 76
9026767.489937982 5576686.948882266 147
1602305.2033158801 4012704.1239159713 173
67118.97452430727 3231014.116244267 79
7566628.754208321 2339217.265847278 178
5729566.296339764 3106202.3058285248 206
5643278.627349755 2281057.2225731984 52
8761293.137619572 3122429.8244584193 269
6841689.530783778 544999.9149982021 98
9116726.668805186 545356.8400096509 35
3146518.4962226036 9109436.14022176 281
3191102.3031829842 3262681.5090791807 136
1325722.770563411 3263060.3557303715 221
8056093.907901612 141760.61955544772 101
9237500.414104072 2770815.094325838 134
3141242.805627742 7813981.529798967 255
6196059.861693068 5132940.1613783045 150
3041344.471511902 8888638.842561968 72
5763846.681669624 9278729.889385283 129
413001.53359458246 1337570.3289215025 321
4914303.450112447 8413130.420240395 287
3026904.0707768314 9930592.348342359 221
5731583.860665328 5084411.748327181 210
8100621.437923383 2210087.860191332 331
534868.6814316617 4957071.920250491 49
2987084.0004965127 956801.9343526646 75
3952902.1591515224 6784105.684815931 139
3159152.6723867957 1424489.3548646653 351
6695694.870241862 1576017.1412046475 23
8075350.766486086 7506939.363897715 5
9740535.217901362 6416815.991240236 209
9348514.067493819 9229344.362586865 193
8509740.941357533 3308113.76098343 95
5801566.5310211275 9568831.212204574 128
4610442.836908855 3585309.8452095534 178
7129436.5290840585 9269500.090570949 143
4168008.1892031427 5798225.353434008 220
726039.4481525811 572344.3905432146 146
5753478.985605671 2375703.4319554646 51
7179370.806162134 8881570.783243127 326
5595382.260856166 3789428.0972993355 107
478840.04756835406 3225288.1661750698 106
1551618.6894836226 4672118.946011512 71
1237502.9442472286 4053778.7424577964 73
8327829.450491132 4883440.751281567 117
5156233.017760786 9405041.335993335 228
9966244.810963094 7499009.667657275 70
3150735.8561475496 9338907.873268988 312
7097184.744651791 3155500.5068077524 270
9731679.997366244 4391826.127161111 42
3353989.802134125 9957279.61441881 92
4219199.855199112 3571786.7423712355 9
1050940.7086005828 421670.6347959975 102
4330699.854191366 7328468.904613473 299
7666721.765133158 5311314.10539872 9
4208964.6593993055 1555811.696921513 55
7362122.416829846 3910919.5647944803 36
4764869.910549321 6859813.263497871 40
5493744.128565389 2099524.734838152 320
711301.4126976613 7074736.740521012 147
7429367.893942867 3975212.9327082373 307
1140072.908606694 8043461.880438589 278
2866172.506152197 6677189.974378724 101
1696593.567115805 9622879.91762996 345
5090749.8096247865 1523264.4234295988 233
3176082.3668863657 4162533.496345766 47
2849417.428006358 9630608.169364419 98
8998264.837423798 1015250.788215879 284
5861710.990353275 3015714.26160844 104
888285.8756758261 3778408.4368800865 152
7538758.563036737 4379860.85130675 357
7338832.157684807 2192627.201606104 77
543489.5047082267 5417481.679234962 130
187563.8628032239 4024227.0717219994 157
7348562.0730307335 3961221.9535206193 176
8996683.179593226 2507887.3871764797 48
280982.7951001409 5502028.520580557 104
8830152.27656473 9345756.925917182 137
8338752.744808683 4946656.703359309 170
1071793.7909093278 4037086.2013834873 189
7177437.925657577 3937655.9569552937 266
7542905.41957166 8280642.454855583 345
3046524.861049402 6489953.495710215 215
9750408.188642152 8267183.968352802 346
425426.36072898435 3590352.2211867357 353
2610984.7444561017 687603.2604712035 323
1886933.165755551 9261032.570539674 228
3386049.9918501363 3189232.354498419 306
5280639.064415181 6855635.0685449 327
1992594.5416319736 4513596.401753481 339
5196681.695443753 1764383.6326104656 300
2160787.469118528 9702801.097054308 53
8232917.290023739 3088604.7619541744 119
1322970.0439309122 6892234.855330909 11
6559138.524171487 698061.2729147751 278
1910203.2544667802 8481418.232419979 187
6152809.912870345 52679.40510685243 145
9271375.585067721 8113319.087162114 175
5795614.108614423 4093485.908997656 243
8762610.384947479 661314.9438000831 342
3822296.3483385597 8088189.756863148 228
350740.3416313837 5783857.874250219 279
257389.2221795715 5741782.307639864 331
1210715.3475945122 8777611.661761979 160
7718184.503984957 117300.86678478192 26
9329263.85046926 1400945.7971549733 47
179533.90164125338 272396.46818875807 263
4616337.62615026 2314699.8887999635 39
1356499.0780547059 8890581.855453774 359
2083072.7775346257 6922402.507538052 168
2433069.343590325 8193668.2067168895 298
7605505.535272308 5769752.281509747 6
4055363.101701547 5130751.076290723 114
3897177.3754026517 7493810.1235220255 219
3534590.880020314 2525083.641188368 233
9677642.83569441 8758943.275604768 191
6809024.714780589 1898246.048820912 250
3921075.2579649854 8186336.316210608 232
1139687.1177728118 453350.5052001996 336
8312209.705470207 4414942.601866333 74
2298615.2553894836 1683190.0647730746 181
2301733.610096709 9099208.527556382 200
9141444.498879902 4593437.802094661 355
7677175.740211531 3537186.4936273866 158
5652523.557092706 1004203.1080152225 269
6265080.374740568 5644041.5730760265 147
9125934.6137007 4812445.016607433 25
2790621.455299629 2314803.9339626357 70
592356.0030874497 8355534.824848181 99
9519621.048500031 4353033.606327737 295
3203307.842741755 7158029.633073714 79
757210.3279834708 1589335.4697699768 73
3712894.790725614 653684.6329549062 30
3580133.543678333 657964.3901190913 60
4223683.097184944 2889537.9704322275 132
2311570.610303797 5941746.080299028 27
718073.9866853092 5729605.3443116965 146
3761472.5072181933 285109.86157223914 256
3187225.917581159 3163632.2233109805 179
5334871.707216091 5104.655564381888 32
5418644.976993112 8826996.250078734 330
1538551.4236288134 6404926.126539836 259
9844673.87230663 1152536.738981268 164
6559636.2682877565 6949506.4418623885 120
2338349.3264723034 8660311.291035563 133
2823709.318546889 4288022.265572649 296
5416684.1086243 6415772.126040683 272
1357385.7279215574 6525891.785572648 25
1814237.5298286274 339818.88282440865 36
4725603.967703908 3745675.135453068 44
4940549.750422655 5139878.041266327 252
5452354.730203939 5571355.192778457 295
4614713.943716294 809275.0822727068 201
4606190.377569162 8567328.536264025 41
6813537.858411814 554966.9305130345 161
688748.169001695 3791343.638778476 48
8216436.788342307 2056586.178404497 18
4361143.677397363 9856045.121740421 202
5515150.577028046 3755570.635423089 70
6803714.977785188 5625581.559015842 190
6763608.430854467 4136558.4843576085 314
7001455.611415231 6010508.897946339 299
1926122.6569596513 9273524.692272238 299
9447826.308102435 3899169.302936186 177
3907821.4793918785 6909876.978172381 152
7635975.104094013 4125050.7952582883 131
3778572.373738629 8329669.460392022 175
7711447.652051357 9828100.796801873 345
2308438.0925645744 2632489.7858100217 89
3336008.4122730414 9444193.660842992 120
3550504.641481477 6202849.346115311 228
5843675.515273576 9688688.46525703 144
9364445.65458256 8865229.472113298 193
8174676.435923494 6512825.710143572 295
6771383.613757892 9262875.752217557 276
829380.6199640785 5059835.7120858235 245
8756765.44667387 4303151.92911526 187
5806908.038050193 2995565.082842113 132
7296802.537585291 559806.1408978772 231
1659160.469783071 105431.00087563095 269
2811379.0854848474 8150605.287559308 194
702835.4150173188 8998070.200246254 250
3885133.981291774 8819458.398450458 100
1586065.3337085673 1239055.9494689312 292
7775823.859688345 6899317.656323447 296
5267614.235698419 1914667.5380289124 197
6307100.497933445 7942557.1141493255 114
3327578.8386899107 2216083.77444519 298
5686336.4965032535 7766311.2962747505 20
4313219.07044084 3683078.479204586 90
8342607.302282434 2285752.80722368 189
1835767.0263128944 5622832.364442295 5
459724.07944753993 8476742.527223045 264
4299744.573252594 5199626.694731733 135
1046619.8930927406 7343847.031917982 162
8312019.54431875 884820.5984285861 350
5105603.605257979 3457150.8864287846 25
9331551.42077232 1360982.4708668983 253
6695285.44157234 1751243.623447891 193
9556617.477570672 4368902.674893011 327
8010453.5810655635 8416101.49851643 279
5438872.317334044 9494233.556080002 142
4420212.643943697 6653971.755497786 172
7716264.220597936 1952233.3195754115 250
3724889.1324834977 2107013.2859935607 140
7843376.501252495 8541393.797421599 68
9135198.098472899 6466990.296199528 158
7446381.74346262 2977218.7826278675 146
8350537.679938285 5462393.067424242 179
4631392.841376961 462137.9186779806 247
2424570.609467336 8773757.165241983 227
6459936.601075821 2132978.4890026595 358
9560206.387031239 1863106.2802369436 168
9778230.362652406 7313682.351938006 339
8914636.254385505 4029011.63455338 233
4869068.801842504 9971090.947937652 344
6624312.83182003 6468948.922811629 51
7782314.620688477 6295843.638393115 322
6037679.809780636 3110887.305523645 262
3883853.066700277 2580353.8694501915 137
64231.537838127515 3806954.0885296594 332
3374771.149711732 202160.24243345455 289
6891026.639598286 9591771.856420306 239
1329110.8366163995 5288453.0970096225 108
2461651.5153336995 6288400.223362924 163
221282.14673021284 1903031.7313532818 94
1750663.8613911963 3542463.9249977088 290
6210822.346223103 4903858.288606058 209
8673647.82342141 3225160.60830946 355
97354.33307138663 2143662.364285692 276
9880015.49838529 4898688.758346827 170
4942531.677309769 2140182.974122509 323
3151511.683503613 3410547.3233916597 160
3451944.4004738186 5263653.937006302 22
1337266.5518225846 230456.38152927373 348
6715599.381546169 6635257.973361874 97
1996927.6734935504 1001641.572082409 97
4780195.674495203 5138308.038763385 357
5348633.122134773 1504297.1617119994 2
7000708.42992961 8638072.50093445 231
3939311.7585380124 9479426.573619034 113
241894.82244856065 5018132.854994168 355
9887011.52098809 49177.981364859625 122
2351579.0954032433 3318300.5672022593 39
5409091.972100437 1509286.4505944804 104
4412236.594592643 7068763.315680218 335
8775657.754881341 2564798.469641263 274
5226501.476047659 6016435.553634262 124
3858352.925654084 364903.34192397224 150
6754006.981225111 4629700.592016934 242
4628512.528723067 4355442.320939962 170
3967814.7859070445 9210371.863297952 195
8413237.130418444 3749913.96881012 124
3074715.7465873486 2065990.8596700681 24
6050216.2232394805 8432821.182238963 98
4105600.481664171 6409972.7595163025 345
8092807.10956187 4854401.077584998 268
3370817.438731557 1645737.9378654712 129
3778661.389215652 3046973.6247588354 192
5353687.718053274 833201.1473917089 194
7972862.118198798 440493.8717987739 190
3649892.6547053666 7710080.121606654 18
9584793.120528258 7078315.010524394 332
9742761.861837981 6606546.263512148 118
1997092.960688671 5013636.445783255 281
722842.9130575798 515802.9272620124 81
7134078.865235121 8086418.41536086 356
5529352.034958889 1684373.3630746927 279
1675673.8661371362 3505464.070925026 20
7378061.888317371 3926024.6665733545 210
2167925.391542758 7197807.456734334 129
9804190.943301521 6401016.268291729 281
8681084.274694405 3272815.2021681755 258
6483823.780083921 3409259.2154026823 328
6543157.157108821 2755391.629515338 204
1026495.6900551281 8266914.596838764 199
1935134.118301307 2870984.13120183 61
5106173.181856324 7712885.696527957 182
9928637.146045525 5716676.458630064 77
8619587.105106663 3861105.4060237403 216
8216138.47430205 5726622.955195893 37
5926384.393290767 3887163.4784018537 41
9539321.44264528 2439591.1513542146 43
5108658.299112684 151397.13015765444 73
2573233.286528509 6074321.3678960325 84
7325885.457856761 9383191.77097663 59
6468613.741670486 3833976.5585113904 216
8098061.776336592 4739444.840382068 343
1760980.6940104123 2471385.670047289 105
2516627.0419301284 4712680.666121968 114
1330510.3019045172 7876852.640132891 119
8508750.092877667 2650788.650097575 97
2018579.4440134342 9165375.299775435 31
8019579.683884666 5406582.57933434 36
3912569.921347937 4545153.71020444 183
999614.8289291173 336462.17769588204 254
745576.6578693757 849287.1438803063 312
2245399.3033066257 8926311.746897478 242
5272890.011851163 1931854.170242956 269
8572200.191985978 9829944.853254728 270
1479905.8767879114 5739672.86313282 116
4716199.298285006 9800261.96992163 191
6518997.255528738 9878443.68307468 96
2304074.962183209 7003902.698850904 107
2493077.5030150223 9814749.276857221 107
1670889.4406309049 1558388.1226515984 235
5805495.465105637 1107140.3530275614 214
9074757.206234353 6013005.081781144 144
9504043.052469317 4483696.781255781 20
563848.1268784268 4821419.281243496 207
5695857.566687618 390453.87656922004 183
20815.984452154935 1312994.844326365 360
4098269.600485057 6406683.453490968 287
3472911.5537182274 3657219.831458853 51
3314152.8065621727 222826.7698851616 175
5771592.397735322 8804760.328429336 337
5372580.794776261 8162867.413946151 119
7964879.630628961 4950475.450399377 102
7316994.539082246 7394618.346279534 219
7507219.501063487 1283000.6245861058 123
3705149.1403958094 2668868.818576452 243
7566016.785720635 3906643.843973884 262
9352726.905450828 7546411.197093874 117
1682999.1076061178 9945.634955971227 327
5290368.041792045 9694930.294957329 159
2880384.182211936 7122796.292964752 169
2563872.9711686336 56855.993041023954 125
9514122.100050194 7950364.8663885975 88
8170789.844197149 3225816.4853958418 6
7555226.066148317 1766970.9866477833 299
6289333.515231666 1319173.7581444506 23
5075646.743390962 6686040.417068989 319
3196412.431727379 8793327.638281764 148
4402278.525569269 5669381.104480652 191
3687586.346907611 3841676.6698057726 117
2725412.749926731 6113460.128165859 104
3805632.7051579673 3423293.8308640746 205
9466826.515117064 722533.3036934878 197
1558687.453369002 2248108.8845898523 125
3701833.8870163416 760553.3428626843 207
6359873.775655199 2374419.6862720647 26
6136926.216121091 2716485.494214882 230
181582.948825314 4882421.678545316 267
5559259.175009691 7145055.170879318 227
5993556.114512342 1503907.4577890888 223
1269369.727947789 8028258.4771684585 111
1565550.3808442506 1853406.1348938036 341
7100832.511400497 9672660.506000483 3
7188601.916051369 5137210.468878841 125
543165.9270374378 4859490.987744615 103
4280234.772767821 4955527.146322657 153
9207103.904960418 9223465.720262202 196
1853791.0054414996 4914863.01453376 308
3290052.9802742763 8668724.93042054 116
1916180.3402722687 9298015.37995444 173
5637456.020932636 8995300.958537204 345
282416.5601516948 9888155.207976185 350
8684581.080521425 2289707.7929422106 257
1317025.5695273613 783180.5982181594 234
6932188.887848648 3623541.161386092 68
7884699.803844827 5244634.486604926 7
5208812.62424843 5312239.980689497 103
4236832.375177812 682059.4970792304 184
9911481.399152113 8854705.888431977 294
5872779.275633673 7847196.085596646 215
682787.9717001962 815024.5810996704 263
9826629.585082047 2194614.857510742 244
8166540.240452488 6561842.245607102 34
4347637.0723439595 389477.7947810157 50
2360795.9418375446 3348319.8299519424 54
7902904.879156329 3115922.892800533 219
9789958.353431208 7377487.332912737 292
3201219.5043582604 6465999.782127535 260
4899806.724815084 5633708.531701084 11
5796380.45188501 4518875.144610467 178
1181542.9148516178 2313482.567675477 129
1081165.8794441393 9052613.525273154 123
7491650.79855156 3369973.2754912092 154
2158062.251485887 3042039.7981146597 2
6359767.0449672 110139.17134502727 198
6972061.392989742 2834402.7224514834 109
767390.8038483879 3729054.4455438047 15
9166160.689534854 5232843.835833142 185
7078568.184949775 3285185.246520201 312
439812.370978846 3871165.058171185 210
6136313.707896932 6218437.479025496 31
7515393.271897623 6195690.408867103 132
2581524.38585039 8682951.043348216 304
9634315.104669696 5148827.087699121 90
7325729.057575241 5586779.19195346 23
1635607.3825631058 3763078.756536773 338
5334545.012762186 3902763.141265274 66
521410.29226502654 7999268.644818861 33
2098866.6658266075 4654915.670788885 11
8489936.26560249 83667.63897622586 62
5342251.59910602 6379333.14432755 223
3672255.6848446196 6859525.069544795 51
5178896.810784788 6486248.641020964 37
2710083.432760374 6483141.373857843 217
298426.46358842927 1867908.8819403911 258
6212849.777717064 7194520.629183622 15
4642202.064968175 7477980.777674558 281
9946142.521224542 1784617.758593654 58
5420287.457975526 4731309.42393624 218
2999170.123535898 88157.26311700245 89
8007227.930441897 8342590.357056394 33
4603388.904748545 6891261.019540743 168
5470873.65731933 4015488.555863561 40
7967261.680573817 1890211.417251537 117
6114266.812121252 8966594.650172098 125
6489559.310511354 374778.49309032084 101
4081738.3604897982 2348603.994413966 89
8672238.167779883 9251728.722719131 355
226.63243418152845 6373967.65423613 201
1984347.8708058381 1827013.0079509895 234
8688573.795603685 1231040.3558313733 191
1524414.0111441705 5891940.077046242 82
7636060.121270921 5339013.680031181 351
6609643.020863911 2879887.132930663 157
5605137.282102168 5757120.159308591 99
2547383.403763727 1810751.764920928 3
4012644.645997283 8135360.243864291 273
6454472.387358696 4284571.24949221 105
7797718.08115387 4377540.9681554325 339
7683829.936489919 5549133.993561238 51
4959771.537469627 1592360.1280540035 103
6613555.06390376 9527017.231784195 304
7238341.775793308 930642.3410298615 29
3695919.9549444453 3105866.220329371 188
9180402.677032351 4064203.6864515007 188
3597540.414174566 3334793.8020152813 188
5039151.6657956 2020681.1083120112 305
8496816.597770045 7766340.378465957 218
4834796.46823954 5903825.981267805 304
1400363.523901228 3749553.675160936 56
437415.2060384651 8932698.630672118 119
8468364.485961959 1686549.2783421532 276
4949018.457079747 5464839.644924743 119
1604938.3830666519 9860546.641284179 357
5039054.79666416 5450076.273698984 232
9409641.456482062 332250.1780523146 75
1422208.4351887077 6125781.202912347 172
9740032.228879012 9676139.796479614 359
4285643.898348452 9823880.833959524 319
4179850.7174836053 7238536.602670979 122
8969059.680838197 9412937.674030256 82
3065262.8862542864 638624.4423243947 339
7563056.8890333865 4554258.681062024 84
2347541.2932353057 139240.5517173545 66
1220024.0581802558 2324069.9534651055 150
6975510.423241026 2960611.825933518 289
3674174.582834342 8024153.3792584585 220
9921547.574345224 8363393.523304208 212
542930.3729211554 6908949.177107556 19
5622568.7337160595 455477.15046265867 231
3356218.0793391317 9500965.16032836 309
223283.8566714135 7387487.733757205 52
937841.9414306716 6980700.587449258 30
5025407.7954624 4036918.6695455215 115
6822288.544006892 9349865.332562378 310
1487408.4890319495 9805568.786849512 8
8501767.0451454 4059607.83339955 200
9590141.345303055 2226372.392253202 231
2736056.3000064744 6568108.073274557 208
882658.750545835 9991667.266447404 348
9572325.44749068 3974460.1482668775 33
5078737.235223619 433350.53278752643 225
208049.12847620982 4222455.413577923 157
9828101.920678958 4471783.735112688 57
8533267.392378187 1016371.4539939705 310
2727942.9154745825 8475660.509455776 96
9723758.517286375 5056933.203640579 75
5779893.017958562 5113570.768404984 251
6180606.861919772 6055290.8485006895 10
9062744.101072041 9262517.364295926 289
6605593.4861987 8974765.255053341 99
4696599.5068284795 8148199.894222825 311
3928414.6763222027 6226734.421477375 133
7891936.7656819355 3946485.870878611 102
3435677.4571897164 4058946.022948269 6
6827496.342949826 8503528.655936899 189
3501752.2811146863 3415290.627383879 258
5436890.091455797 8446848.29656375 344
5046460.060435785 3736576.092381431 322
4251809.606442137 1131246.9897412602 76
944824.5354714801 5897141.614231834 331
9549707.99119852 588500.3083730078 190
4335389.234518021 3860187.7556767515 125
6987722.876708652 8133108.10634722 112
4058295.5191332437 134591.5842576706 339
6959243.9182555135 7003856.158872066 330
6539011.540410303 9187000.647481518 95
587038.9428532863 564997.4746158981 95
4645140.02955241 9314563.849775832 290
4092128.6366231823 3574219.0208701463 251
8895779.497580139 7728851.445111312 79
2660588.2928164783 5485661.136223475 333
7283347.550457439 1528822.57476888 254
1552811.3886833328 3977678.6083551375 219
3911204.0789325377 65427.39983829593 304
3031203.0665850267 6939368.254495639 147
4774146.519197468 6470207.388102863 161
3494951.5707836575 9503306.005336838 0
9452817.151987769 2406374.7939835303 241
4138536.0696394714 2447492.075576287 138
1073727.989381783 3407382.181694233 307
9353238.836651532 5535378.769522567 71
3877010.9685185174 3405149.1203045193 129
2965647.5638068137 2032896.253780322 224
4633748.932281662 8939422.408860194 30
3889966.980390128 185111.67816554263 237
9414940.40426069 2974665.5103415023 124
8332524.53596371 9978005.43723866 160
6206024.867234063 3405540.570346921 55
5539178.91493055 8039814.206179627 274
7729766.214391434 3885782.1457940433 32
5632316.231678417 4463792.929578888 279
8969847.814483829 4466264.082704966 336
7247823.598269263 7087915.502438792 298
6084035.010067705 6552561.5471151 235
5244077.118811808 8803381.702923119 21
3143556.786089651 7046664.846300754 335
2987280.51275848 8681421.247351646 248
6268318.335502234 4115998.0485828696 225
7739368.576499191 4693606.423666759 224
1659531.426029751 7077329.128462766 283
1536132.9367194688 8182987.055859985 166
953014.833467325 1227667.679015435 338
4859341.705142819 774632.3247340648 326
1296260.530915576 1337677.912180566 263
3240000.401088431 228833.74360126661 196
8904959.290446462 926882.1124413285 64
5597256.140658455 8184829.31104652 202
2055320.8948908364 5011663.402915783 212
5782521.571447538 5881721.157282932 72
3163125.0992755764 3830656.377331855 284
1702845.1057415872 4006213.287885786 310
2849338.6378502315 187360.5518663679 156
7816666.6634378815 3015740.326857307 118
7485788.793983849 8067003.77127802 191
1623056.1425750135 2353606.7313565877 125
8950115.74102725 952623.553649452 259
518011.5610831526 4623283.685862328 71
6327558.13360243 6143523.682922544 201
7807437.123943384 5162581.765208143 133
9036619.74677446 1671942.951166634 97
2200845.935727864 5879796.55487912 165
9460986.765013004 2425362.3238169197 294
4064426.9370316123 6772142.551616101 322
5931845.211711133 4041990.119040996 97
6083155.032093257 5453314.717305006 114
1626094.0049486205 7164539.31785861 4
9827846.943812214 1235179.9734691128 349
5983999.952142097 733200.6599241203 185
3499961.602959025 763234.867348569 330
6180923.535949246 2124787.4977484928 270
2698373.0431959718 7067243.9057592 123
6555542.036274837 3709526.3516342514 82
965589.2416730761 6692542.764234055 11
1059972.310067161 1712225.3716648961 266
5944038.782315068 4452480.038085377 102
6202006.887476441 5473548.74039102 331
603660.7337776867 3559241.370661579 56
5041859.637945915 5477696.35482803 59
3774259.6848812983 2662792.9520153715 263
6088391.818084213 7682200.908744648 345
6320864.465193587 6872422.948443934 113
5841635.980012666 2279580.9508949593 240
8616470.93529279 5175132.642702954 332
6447635.428588527 5757556.60304775 143
648524.9176580599 3445194.892585152 117
4406695.220534757 3554090.465319253 356
2730607.5718458355 5776240.852271625 70
8696229.663939448 1616097.6780214175 126
3492697.5406924356 703705.7303075533 271
4392996.011419903 1004036.3789419626 230
1440439.0817766953 9271581.928105079 209
5973949.167997825 6481614.707323531 216
5670923.1451793155 2565286.9208177766 268
5397093.650109927 2547787.246224924 307
8533914.732018579 7245162.290628405 194
2895805.522001369 2036333.4321056947 225
541244.0119552308 8253774.293110282 334
8357730.681849557 8784508.322287159 276
7044188.323799671 4823255.580860245 131
6472899.604965067 5078381.121728757 63
5318773.983749804 2404857.823973807 273
2274037.7472155206 989792.686833677 231
9023075.719514359 2704944.0281492355 208
7320190.682857011 2515519.907762681 108
1349637.4846926606 442072.24138770427 174
1381592.7680478413 1594744.6867411118 208
69997.44195421264 1449969.0279517185 61
6265266.273159191 466279.67613911856 319
7168902.37138901 4898565.867281652 316
2699789.3275133856 6580661.47974681 104
568550.0906191577 6888587.13548201 96
7975494.105785379 7358047.909061369 108
4219269.660262385 1457265.3174909411 121
596199.384110443 4020541.904281192 206
1488015.590252737 145110.36920070718 100
3857488.823745204 8313843.777691505 21
3362385.3340111445 7446453.323067714 143
8309540.64716676 5964046.6555809155 136
7432750.523606504 2289065.160740379 157
2820874.5753493304 7202559.440057481 353
7678000.8465852225 696083.9394091134 152
8219782.920161866 4803323.554017998 148
9934182.493944805 4095889.995624099 248
4426569.914513684 2758606.7642342495 93
2514396.592652489 2596338.5064062374 168
4830379.3763160575 3405303.621072644 16
2770206.1725898776 4494235.504559277 212
5906082.463149982 7149075.219441531 228
7513459.547179777 6771543.763372833 332
5629056.915311359 53219.662671675214 331
0
