100
63.05607339557211 74.21247750693743 46
65.43560502276267 76.67655463951665 300
67.21542830466908 73.59381028676077 34
69.04504997123867 74.8279056834614 151
60.7054907631134 79.45059883765151 61
3.334220877284233 44.93369655948499 95
60.773981550680354 56.99541395696093 342
21.719432613690138 41.07634410047806 326
33.3149242403392 56.45299348747456 70
64.92808688269773 81.56469562883042 249
94.79708522821856 86.50601532211823 219
18.61773970377836 89.26007397603547 134
70.19745462029326 35.87231228548434 124
75.5189580761417 36.82779442516219 119
73.01100289515536 82.08774431997561 308
51.48340141734735 18.23611948419932 221
76.38577083324783 17.724736690075282 74
41.95669822998741 42.12808876014361 147
81.88840566128175 86.48979178648352 142
75.15995664325685 4.331773217989432 104
85.47428128780749 66.32351392881401 93
84.90630682645622 26.698906266029354 358
64.95047574959553 87.41906207399094 218
28.45162033123182 13.218992195456902 93
89.26604843714627 39.325334849486715 61
52.85749601624313 44.08367039158172 19
53.01702452455819 92.9714164495564 270
6.759089544695418 33.91585058374512 221
72.53438999972104 75.40087275864849 27
36.7542366838545 93.91488759728979 51
99.96277388041759 80.9073592742026 284
46.77086651579321 67.96809386005002 346
27.28803833794865 89.66428991096065 148
63.13886359796646 36.490112183996736 29
60.08080198206971 66.12940147427189 49
32.52674312588485 68.56802665259654 247
34.41708536021433 69.48105971269177 133
27.93284724058065 43.462267513658325 228
15.286736038454274 16.946668547112864 288
5.902240060818087 54.22388056182197 182
28.12620809926971 18.698047709823264 352
82.46006215798145 7.9007907165902775 131
74.38002540271067 85.2438935608562 160
83.10779231224693 58.869176020616955 360
97.33088348493531 42.57019512066492 45
80.34348424319522 7.962869960720164 358
40.730958663795825 40.493101859178715 56
33.632367995071135 44.651796057933645 60
4.446978839157989 15.953413434309526 154
28.90466620874974 57.67404965279782 104
56.24394527295 87.44504540169034 325
17.45709293890837 2.1944846785788896 65
25.966802435443704 90.29386747423821 291
0.419994790717404 66.55452613318185 117
26.104939449487862 31.26391072537845 286
1.3796286828789195 34.56091345551776 151
97.39800544672458 58.251248442427126 128
94.1761312563138 51.95072422764531 281
37.88993748326991 34.320512325143056 72
97.17695014939159 76.9470824513399 332
81.15879503904198 33.31291428501847 298
50.98374225583944 76.28177161037726 246
9.339209220094357 15.467296887531678 27
75.59147128224107 95.27317641755323 157
36.28358235773198 89.33725264673853 289
63.19800160271786 41.99628656505192 39
4.971269800546086 99.11953526009394 173
39.75752988148808 91.3348686882374 28
58.02015324348177 71.65540523907107 333
10.14617407701952 84.89225595431678 51
21.77035557064456 69.79221244654708 4
48.158677565612706 63.86433003864973 202
44.58463265896678 38.235274450946264 210
84.01059210819339 98.17415698375909 26
75.54315786917329 96.17630290630058 164
77.64860640294174 69.06953830160752 346
85.8204615252773 48.98300158768328 6
94.15447274250587 5.137687149172754 72
84.07361381751515 97.45919918307658 274
20.30037133371628 72.96497897192195 246
18.207915822548195 48.31423058065932 341
80.2844562984374 13.719834526661955 53
45.433424479411876 8.109852396387184 26
73.18691373360613 57.800620618946674 272
25.963066714331905 72.04934084463011 272
65.02939177192508 5.911308543711458 74
57.9447989008741 28.527209654786123 48
71.33143492643916 80.9445703615544 271
47.42926172014991 64.23307170245054 156
68.82114368409282 88.46746098112442 280
29.663444806619353 32.92413282076932 80
89.59283850924808 84.66007734835301 73
2.049428689358357 62.34515669529203 202
62.45798959436396 73.1725201418162 330
58.03743130993927 70.37889485102366 118
84.00954006122116 35.441892929028654 337
62.52595498349258 67.26869036390029 316
17.929237211367088 39.9301950619219 194
89.9277344911282 89.19048420518696 82
27.916973823683843 80.53073289111619 159
0
