100
57217.78270553028 66937.38310783185 326
62409.53879426110307913149756 63435.49940861438687416437781 42
69002.39293891038491519306991 69371.73194392237665561037610 264
68142.22837012179394602885957 61187.81274585849996584868420 235
63327.25831566401577791846532 54311.32286006165876958972510 22
34254.384099598166 83761.6890148703 40
16819.827348304396 98262.93971873925 256
97144.54227102596 29668.175279002007 122
75869.84859924602 33718.71623610475 168
253.40700390017457 87429.3693628935 76
20214.444425620804 52282.44584564526 249
46369.52092066941 30716.04567723075 123
57248.36437043788 9008.095005463667 7
52990.33412670158 58848.74231995362 348
71037.31975204402 15087.97004128144 343
5585.4795691949175 8978.220527591118 41
92258.85976245462 87554.48611737891 28
93559.60882143848 62562.93372258325 266
10412.90881403274 80610.18634720208 80
38651.2107939049 51719.310602041645 143
19072.68294038825 61520.7131864936 100
96157.42484453574 66874.24216095227 210
4904.6079367421335 57217.11168757003 193
38213.98677171098 56311.6576039084 299
87915.78489013852 50968.18749527716 0
5284.443522915405 77661.5022715148 125
29169.71392542407 93871.69250114457 146
8645.32553616506 86149.51574750355 94
78208.16122363471 67388.10073293814 356
23824.669450923484 61581.03498275572 69
14671.898211075086 61063.549496294625 166
46562.773223317854 68860.90626087008 250
94833.79895850217 14838.290680056032 156
91147.69721425539 98122.62384905545 118
20433.213404071972 79659.47445179253 118
98056.27822542559 4613.95438920813 288
71570.57105854506 70768.85481962429 210
2599.7136654634323 85199.72262177244 266
60871.968130798894 89509.88912682123 111
26789.307337749346 22365.004564486357 30
31079.927497038996 32371.07164044932 139
32268.926122770416 12300.61085936599 37
25303.35967248284 88280.85723302593 174
86552.16210564163 53400.26718185532 68
16973.46855101052 24027.54045290216 211
80404.2328293643 80806.46866266569 343
56911.990277841585 20532.243944833615 127
78879.20766665453 13476.10711463647 343
40810.13769529994 81400.01020799005 196
40378.35467050229 27861.481675506595 271
59214.81020316402 4145.595675043379 1
29967.594931788066 29305.691058639095 210
21201.3840200304 72858.32312544278 44
32476.243529058436 57933.74886948106 76
22034.438813624092 80364.36724364171 329
95925.6014588237 62946.59992152878 173
37060.497244016544 32463.93135370096 11
18954.584638032145 62364.0676827921 102
83773.41927875036 9225.13591930293 154
93860.32104585465 98347.31278691381 310
76092.53932012069 16288.236633050901 298
91332.10975693756 20693.17259949146 157
89059.22059122998 20002.196903821135 357
87234.42110400708 63258.590998499596 198
17160.984295847116 61339.14242839399 18
12037.127143438065 71502.73731999488 212
91839.82506553354 65811.9681788681 38
6746.336477986592 12499.02144187468 193
92446.94724869344 92987.82937088904 229
79958.55840610174 19411.588172936157 6
12337.493291865598 1363.9572421789148 46
97126.7041214642 77024.21265596779 44
62351.61686454741 33707.882052634865 203
74301.02106646837 71136.2148577435 355
73079.66992895224 57488.796343136106 153
4083.75181918148 59637.70297780367 229
6329.980719931161 8858.637496349364 163
72162.87083484165 65275.93363822345 264
50578.50304880505 49775.30712707844 3
11198.836959396318 5861.826266173042 323
64579.121163187745 11513.303676486952 83
30356.072653852374 96140.32589850233 13
41809.22345602432 81114.25064166125 126
32787.04948205513 17764.059105230303 307
44187.39584545789 97820.62470027228 321
63942.857179936254 30994.123147988917 328
5167.9972874775995 67396.21788291931 26
10872.626352606829 25075.90053629054 213
88853.85725603442 1649.1121466169488 249
63668.80533050895 56709.87935751548 10
61186.709618506495 72353.3502299269 335
38884.244766798285 10459.08989683213 8
68759.32926152201 1153.2486287178733 254
26256.18439169727 69478.79818135564 327
68693.6704127872 8897.202742307487 322
8081.602170928825 94050.2763619862 66
65992.51614820471 19101.847209473133 145
20579.95338396773 8818.241874352161 54
94205.78066566205 19825.315986534908 293
94904.28927539129 6521.107107693991 350
0
