1000
4819851.732546821 2604587.802167172 249
4505713.402931429681084465222 1786229.474884940198296682640 24
4853314.769208473524339276960 1940991.574203919371534062128 164
4589575.829622100851012477111 2016617.498175232752527077721 309
4790003.469232016266401523493 1769109.975929916215576914602 150
4203173.164511248865780953201 2107916.610329081327961821961 192
4188285.416371560642552437701 2104752.121773499928158782514 24
4962076.679114101801553263057 2449266.188387593621158456734 356
8864916.617831947 1469071.7799549657 272
5267709.160454865 8628965.572335247 302
182698.74765265203 137348.70398106947 173
3268243.8885357557 2123172.0921326256 56
6436855.217062704 673984.4465314193 106
3973676.310275548 5763920.037274922 214
9282178.554183202 3253735.9486082583 193
3872436.7928540935 2091434.9712099878 336
3084624.145154582 5941798.784937803 182
2706106.5299515896 6013902.965363543 236
3078829.8376560165 6772950.904582065 214
9218700.40027094 1887187.416409084 89
1072234.5553909275 631755.2972183194 267
8726378.64706683 4287579.59165787 157
7190870.18799563 2174853.3004455264 223
1922606.645548166 6787411.483353218 343
3395445.6453510597 9903346.006430378 67
5814604.6847410295 5111604.244290512 317
558864.8246621175 382418.46687128046 11
5934563.341757151 1240727.236590481 237
7247307.240288317 2183559.8279292155 157
4648005.668003706 4279667.002807321 270
7390232.7562980475 1218329.167896054 112
8873178.865126196 5739149.972814164 99
6915597.940741476 2367198.7013665284 172
2402620.577448079 4771304.678984355 58
7430578.909128648 2570722.19799375 112
2617133.76066254 785723.7981817155 118
9732445.969578218 6108601.520192842 123
9533118.971702855 8315147.884376573 163
6934905.800527488 3322825.7005048855 30
1217178.7483259954 9059235.42474199 148
2237402.582112067 2431049.962893209 101
7769215.91121357 443159.9239496398 107
7909239.979212819 1976796.33441461 181
9879592.5451822 5414372.706101133 57
6796608.23625426 8180566.233652505 323
3553124.8579494557 5109559.196381326 35
1732674.9827005106 4455851.662962735 57
5311190.363405365 989572.6190640242 302
3921687.6602398856 2061823.7447537412 148
9588822.655700171 3076518.2329152795 187
4434948.712047524 1685553.482012041 300
4259766.572437262 4969583.261589491 184
4044705.9119174476 6492912.798194001 264
6302363.451770712 2472788.732598541 258
5760974.837541139 3706848.88001528 231
6720788.473866298 7786159.494169666 155
8948689.327227186 4798382.326564357 65
1211163.6099739487 3581050.8476500623 317
4846594.2291253945 2091377.8822082852 282
4706530.647024112 2196088.049860978 202
3990696.2783326795 5341093.01440136 38
2238518.1351416437 9650247.605639206 269
8406446.578716183 6966047.692133119 263
2730629.8410781226 1483995.8495309157 284
3349112.198426606 6248002.124834751 186
946277.1357000577 1574184.9446458167 62
7516137.842666499 3031204.6218081014 356
2062776.6373111322 9136753.599178141 24
5763235.10635017 258377.1489129616 148
1106234.3935103635 9653860.77327828 324
4523.400940208422 5250728.843914455 214
2331656.702899196 6650998.319244498 338
7446933.950564778 1981889.154887362 136
8397050.930747533 8704781.754894156 111
2611325.2619318417 9952612.372922432 184
1652311.3225649323 6417534.431390728 306
7845945.177150574 2626889.834594319 135
295941.07275813795 9726142.377193222 300
4230204.73794379 7277219.360811154 200
376817.43678779964 7280091.742734174 33
9627693.298921816 3002115.80864417 331
2572205.432281649 2871091.9122681357 238
7464321.942163613 8682699.549734157 60
1072370.3103448988 7490402.100128797 70
2755930.085166539 7802909.843571734 157
8065472.246924985 952419.8281233743 306
9902940.57927744 7767402.170139626 34
9431052.127790714 1541497.4354072697 262
7678209.27290287 9549238.994000094 236
4226750.82478993 7195701.549932308 150
777637.1966285334 5247258.568743688 20
6059022.082701747 5030818.855867846 45
5071810.749521161 5605068.706001287 358
1319774.024286805 211710.8277930735 261
9500423.487422403 2961582.8707176195 52
7126363.400398005 5314287.080341428 99
6828205.630491324 7962058.482450186 316
4049330.536308433 2710030.1338099497 247
2924443.8788148896 5175654.561122432 219
3742279.8582610595 9344414.96651629 359
3572123.7249022587 5379986.570923479 317
946067.1547730637 7727995.491725763 245
3816774.253027482 2232640.432369489 116
4157629.3601737446 8680147.038226543 1
8450444.41118942 7985443.953486879 163
4524314.667230549 9444482.01892296 236
6375840.369265241 3206593.4399729157 352
7651195.785766995 2562607.4688580534 325
2177888.696247995 9375135.330364868 180
8970458.1997611 319534.70861269097 149
2759502.0275878655 8062197.753215711 332
4478806.50357664 6063920.968279165 315
8231078.561737931 8442106.982685253 40
3249363.028740112 7497364.365686208 0
2525814.4567592987 5512460.43320772 64
9240519.114556966 9095811.251937421 277
2628246.559825659 8106011.390542088 315
6712976.318798274 2276102.2670135642 358
9492774.59486427 5682411.029417483 104
3581327.3796746205 4576801.64985048 173
1104680.2224438302 22539.567529032967 282
958701.4940167671 9532294.02693038 92
6859195.97978612 5003272.048303226 102
5810516.923748882 8755013.146137992 10
8160997.690521345 1075876.9742876284 320
9040816.192363523 4742023.5485453 264
3510911.4469236345 3131401.392245835 145
2541039.605705624 4496762.19159222 108
4836188.073558579 2291812.3908514464 82
8901780.074386792 3348130.4339831276 215
8959160.60281435 5610198.54062544 151
4977674.186381467 2972131.6781619065 291
7714752.431770956 6540074.25378306 55
9800961.431377336 9565444.533424208 190
3733752.4102565567 310510.3538149978 203
8756323.791357147 9590117.483136885 77
497448.4901315701 7086878.594067468 243
8990664.398604821 4852618.551161514 341
1204831.3949303734 7620220.39223593 245
7561052.7511823485 5751430.163350095 89
2040124.826577837 6911966.301075823 314
4149456.719266447 9844672.399167297 335
1602421.2716709164 1747576.7838808487 321
3192794.288536004 2649385.6606995356 72
1127755.7041798115 7193215.642586972 91
3015719.9209148167 5388748.049945325 112
441475.4934218634 7578816.579959007 360
2784716.8142231205 4429754.80071301 129
1255789.0325829901 1007540.9799523305 212
2698047.299287002 2177026.0349658756 8
7747075.341689278 8772164.183443429 233
7306885.231301586 5683639.263141882 103
6961206.116562716 6179098.0061581815 331
5365743.346888731 3627857.3545891326 152
3008078.2943302765 6043535.79705272 201
6646597.440869912 9919095.834554069 357
7109162.057852885 1264554.7733291828 350
4667830.041244261 8301603.261056408 340
327527.5663468991 222914.0074124636 87
6515545.534401689 1395672.9264095812 294
6424109.377145721 3156673.2313417676 1
8421962.343401711 7879932.293262622 21
9074222.26773323 3276707.9057716196 317
3541793.9325603666 4952036.480739182 55
7259700.603953158 6705537.850629875 266
8023595.7200570265 7788699.478443369 269
7962709.3943860475 7047321.123165297 300
1477442.9700208069 4035698.353145366 125
486433.57216962 9881639.555149345 77
9471157.709549194 7372256.511607142 64
4801764.774337417 9806257.07210392 215
2904711.5688428516 1612723.4646304257 69
312653.89883799787 1134979.483462283 322
4071844.9717266834 4422519.744357748 90
823256.6448856293 4219907.811548997 255
7909039.425691936 3673366.632674009 67
3924427.104950916 7518217.577478834 324
1365452.5898471503 9519672.441470856 330
1374956.5096628957 8674411.378508618 135
2574494.878615836 7112311.017423742 94
5200694.936585035 9510762.965034313 187
9243048.187399486 2275749.488462886 229
8893015.95314956 8750578.398053207 353
4953166.971652069 1112358.4131001385 243
4268286.376520972 8570573.407220904 291
6158128.960287471 6739424.851996228 145
7281689.595285915 532215.9565162465 11
8132168.503699693 9529912.622275352 251
8547818.781083591 8116343.729255407 191
479213.23602223897 6313067.975249664 272
4243552.573594786 1131889.1442224532 336
5056396.732284336 8279744.379889941 41
878470.13504046 1613544.5406152804 15
2939941.7208928037 1813752.5912900288 25
1589750.0723662784 9814702.393734258 93
4400421.098019614 7537382.21192651 122
815239.6544852525 8541100.808335457 15
5687740.8495163005 5463598.083120497 230
934084.2071194311 9980995.018726341 301
1144279.3767920479 4246554.175013293 52
3657806.0904390663 658080.9470859828 269
1757312.5856308169 605448.7547916076 13
3058982.505080458 142654.2854564128 113
4429615.583894311 739011.650442375 152
4806709.138686364 3831295.128074433 196
9021484.803392556 9619047.327748572 13
6480095.051995184 4319591.234347738 173
714936.4277571202 2831403.7881268086 278
5327526.256785906 3983433.681822347 211
9287005.382247984 5720923.556713456 153
8750540.911327362 5655409.343863899 194
2796105.5572020854 5317004.734112534 223
935857.3011654791 847223.5980093923 165
7477457.71507051 7451909.111804752 27
3069554.212771275 8427759.498608453 244
359385.2037831591 4527779.600876302 58
2741810.538934073 3424465.8660508906 51
3134347.0727500212 2072846.8304513649 161
761488.8156268096 2622356.5468545286 118
5950834.376031011 3376221.0745167374 87
9774169.217796592 8962717.589733865 305
6185550.677871572 89079.09229147082 214
1184287.1076905637 1356140.0595256002 95
8751121.4483689 6602225.193652108 292
4104597.3402858903 5090546.817519582 325
2473486.5565527477 7465968.476145913 102
9802214.321347518 8534252.454331715 108
9197390.904817227 1915204.392085087 57
5872621.48800579 187062.37341378885 292
4086373.4684886765 9465738.565048413 192
5343206.328999446 9460621.765769932 229
5041141.950720051 8929233.052836664 229
6584373.695000903 5732716.559558571 237
486343.4209940143 9219133.749065436 135
6787152.265365145 9428123.851603072 76
8758678.885485176 6707773.445581917 127
3660732.2589930613 8015678.5097704865 43
6697064.020113491 2454541.2469138526 345
8870839.578671057 4284679.226653544 290
8410620.208045948 9399384.04105934 267
2276605.464286295 6447518.2521107085 101
4733532.484875743 6197152.983199393 76
3346937.3991289265 7111891.476120558 142
5661245.4729241235 5284393.357000453 172
4734228.093829288 1259453.2579476614 98
3515526.7747291406 6522814.140947487 105
7970542.71761304 6118396.009154447 360
1901072.746459096 9481775.660241632 97
9110173.059174951 9479309.391075304 216
5475275.157430485 3452172.6439038627 267
9076471.942472413 7252774.051814496 353
6970841.665591989 3973127.4763519154 93
3831874.1262842836 4271371.857018418 204
1215878.363100954 9001065.028460363 258
9218144.975248536 79247.83392234235 260
4573552.294900667 9480797.669238491 57
9469198.479656322 953347.1766634494 188
8102121.469931939 778546.5156565086 247
495215.20003617206 9948465.67760695 344
1660232.8294116776 9264669.901010023 236
5506343.4213299155 4702171.381267905 282
1631798.2447534662 6723159.039204928 180
5176501.811597095 3825815.1258875006 36
6694223.6564476155 1151675.3013231284 154
8749699.473638862 5412818.870012697 228
8860069.170856303 892889.1288981611 82
7337055.344253552 2431680.9916776926 217
470009.2971083758 1592894.4052800986 126
9784619.510731593 6942473.068199111 267
7167797.194112291 1286179.671147869 292
2886832.287670542 2110559.894740409 125
9336981.448189395 3146027.5178480623 350
1382491.920671387 394369.74294484005 353
8698106.745404094 5733575.971023718 36
9797858.13569047 2970958.6145999557 110
5526194.604935358 4633895.6811364805 163
78288.4526357519 5182102.365150344 223
8220779.930300007 5402730.9603573 176
5460326.428903342 2407212.826750217 35
4576151.369775839 9919929.704122167 204
479483.26921290584 9404186.465779474 14
548719.7417723188 9797082.230541209 143
6604843.798529735 7464312.166357862 357
1119985.5828705928 9809153.623290073 98
5989437.002722482 7026387.239250457 343
8874637.161697084 4772261.862144169 358
6133011.27912577 2412922.3658701573 70
2368695.6635110457 9191918.581598492 13
8146385.2980838185 997018.2666250493 38
7747867.801822312 4106912.41125855 93
2040031.99263453 8404049.196430564 198
3012614.9424648318 9316907.788716925 217
7063038.334739162 5128886.7234128 258
2110899.1830864577 284582.41575392894 120
6666858.50867819 1119950.5362971763 205
5565153.004548306 9291786.197784757 93
3948898.546149179 9089484.29241353 240
1058061.5921562319 5901678.384167166 60
7232515.653227811 9489458.712364476 50
6570825.949037922 6860796.185098381 270
47411.82245390108 3838456.2934784195 131
1490408.7075937267 8420882.449293444 259
6931268.606435386 2026482.0359148993 251
490207.3615744662 1492807.7621662007 112
6026384.088429581 1384977.8932663815 351
3658339.24554667 3669270.5300607444 0
1076500.2799806711 7417726.775301651 22
2055391.1176700345 1401701.4248447912 287
7371344.700013133 239585.85034194237 280
7739504.472025022 7155406.121041525 134
7444262.938554963 4416729.746073236 360
4993634.275878145 4524588.369510691 74
3985037.5029070205 4392115.548282234 279
7881715.876865867 8705706.258499855 141
2450522.0165165397 5610276.673460054 54
5123069.119203987 5176796.477144735 77
8799466.939736223 8677951.097074749 40
4297811.574274283 3798930.043785106 357
92288.67915131334 7889197.906089613 6
8777628.592564007 557906.4855928594 337
4767580.974507078 182512.81673467456 101
9079943.64105583 6805437.279020647 167
7271678.570810664 7728278.796595181 306
2052369.6768774113 4625357.032831307 16
1268528.7746842254 8516507.313772224 311
4866711.644681659 8789098.799238624 77
8701733.113499532 7491558.181427353 305
2854528.3359409347 1873333.4897945265 133
4555650.624896818 4391298.858164101 343
7159624.190347306 9846114.318478748 97
7815419.6197571205 4098953.3222172824 299
7647873.243569442 9327968.349798655 15
5424532.8418563455 3099859.0819472447 18
9359283.015256753 4409474.427406284 268
4585792.927173877 4857791.891450602 32
6341919.110843403 5448499.880946759 224
4930551.907310553 8648157.747554246 34
4674797.928162843 6303261.90655135 144
7638657.373012703 3446905.4668361987 265
8390584.765722362 5867620.505772395 40
8156659.864852606 9567950.869303199 6
1640999.387943345 8393552.577992495 52
569198.7296078859 7125316.451163212 148
2994726.8063472365 3342143.385911993 24
3977193.5936632985 7966797.022180909 289
5942449.704493264 2345515.2853565244 242
8546109.81198217 3397962.531554305 258
8084137.245895381 5092225.821737294 20
3331842.0140540693 4841271.689184528 0
8008594.7960194815 8762886.911739012 230
9276525.811373634 937592.9089877866 163
5740629.419276266 6686258.86839959 41
9872278.582754212 4174574.317228269 217
8331601.266107451 6043492.691216276 40
9025725.469160687 5225625.689026009 119
8935827.665285394 6410303.746436744 203
1943358.259579837 4909874.503947341 348
3135702.9662408996 3741005.4423016137 141
8954574.263896428 9822043.847940557 3
5588315.233238665 7710123.314287115 113
2538539.507154035 9717163.300488707 175
8591443.93600128 262896.5237644354 241
6197228.401984289 137885.14560210684 322
9900478.386941854 6013494.566480291 221
2989972.0773946424 7276637.723814502 206
5068839.010688794 487999.0719545291 83
4180724.221164831 9382004.431657672 342
3746388.1576321214 4900432.294739986 274
325406.92089708 7938824.202260669 166
8111165.765330493 196875.99580369474 245
6269125.95765248 1913414.4589661672 167
7089772.629738972 8463495.827329712 273
5847048.26580099 6061261.398305109 326
6118277.676051699 3943362.1827500844 179
3904556.7051050034 4920689.992898278 258
5322247.497756691 3385726.793474053 99
5536750.539195325 8019329.4650397515 177
564168.3511974738 1813309.852371502 193
6783057.144591814 1719510.595803877 99
1448394.6181466444 5575159.895841976 350
2927616.8922885335 9281709.833301239 222
7880347.430969507 3662433.40071587 12
1439050.7523183483 8306982.455822202 174
5214651.301687002 6701479.144352283 232
5344018.250265799 4569536.667266751 158
9664398.485876279 950167.1168376746 42
8092913.262069786 8776387.940955052 23
7652150.090959639 9424231.419308005 175
910573.2314677994 9146501.948499212 42
6243367.5656703105 3876480.2467551916 138
1719587.9148099136 277524.95580556925 110
3972418.2087168368 6778751.268646968 72
7853698.13611456 3917843.9418173293 335
8735594.540793443 3559238.908995276 254
8178638.569243633 6977396.129110159 140
3152657.1045603636 8872316.562567407 274
1956804.471556205 4459766.690520933 40
5529381.340105921 3345190.004588222 57
7011887.174733623 2973159.5031044646 195
1643285.3447528805 573331.4689198444 98
3065962.637678171 5035856.805633432 246
8279792.755000649 9648028.665010568 290
4054765.1725564194 8821850.698964406 148
9361474.035193587 1555762.6496820909 65
90941.69780566652 22373.856109644265 33
8330906.472063792 5171213.1247498095 69
777642.2753593781 3604334.170423702 312
6908868.158619515 5615652.471473518 172
5284883.818085373 167553.7765333446 143
8782552.314255893 4242860.3501199735 323
787470.4390099319 5046376.486814249 40
3833286.4333511908 9376588.461507488 137
7148862.240261617 7766182.662091098 70
2846231.7065764065 6083855.514865271 117
7075811.832943332 767563.7858237827 347
7511881.057339427 9853820.228415916 51
4076281.024237447 4975680.501427359 331
9446875.895457558 6384554.702651034 332
257874.5960937523 2263458.726923868 58
5525824.813579167 3243528.9899563356 55
2196059.973043042 4531852.649136757 183
2425107.90201483 2040284.7414220893 122
8901909.917659137 5349217.957791966 173
408547.3302557263 2351514.2836519564 12
8317048.103228203 6664365.64976196 202
4541486.850613901 3703213.289967072 289
2866961.0990058556 2661928.324214151 63
4830356.454622722 2879436.798861006 282
5312300.879875596 6367098.05222064 62
510915.98138079065 5456443.488960345 1
3578046.4401474977 331558.01223239466 92
2255280.7395863016 802819.6997886549 157
1187761.288060175 6301777.930708763 314
3906285.239586966 8842773.690146925 27
3717396.7817028244 3184310.721938275 225
9729053.403641302 2304592.3076515673 186
2330043.6072985143 6447983.656117104 217
173439.06843005685 1615005.9780439052 119
6996634.960878734 7855679.539157301 198
5681006.631592229 6842500.751531012 45
5498649.113381185 4317607.793105031 115
6593202.690672092 7324569.7123798225 317
6045469.866968483 1027151.5752632132 102
9582810.17877366 5940090.132115839 85
7626583.243439117 6602967.625136183 335
7731776.609586128 9255377.34600578 181
5936891.926963399 4212168.282033077 333
4798365.147055426 6121043.440713043 246
1549444.9815538959 6109990.507854371 255
788233.2995932007 2400175.0814397447 175
4525468.947304377 8743094.022868227 253
8400501.240390949 8232002.53348878 321
1929982.9740207808 8296568.314527036 17
6602876.514033536 7186173.157803172 287
3894157.6862325543 2319507.121713653 13
922161.9723630181 3866782.3936201264 201
7810370.524258316 1653352.7573533824 44
3137662.06647108 608789.5259653842 108
3854830.648650103 4152143.2298911666 4
2180972.8406413174 9545795.008371117 139
1098068.2356279404 5927268.800593702 311
5124028.138426598 2062886.5069446322 204
1638937.9019555561 1243781.0603445543 346
9669911.687284283 2044256.5401395196 65
2648275.1617393317 9747864.429578504 66
2330054.390814176 7755654.4367209235 29
3313377.076074352 3102943.0305639426 2
9835731.429045247 6733592.555550641 215
4115883.744160569 5058108.077758248 129
5015568.777151153 4330536.862031327 146
6374622.554489506 8952416.808253948 76
7247337.033726424 6325254.778883725 333
813319.9550660752 9093111.049639724 31
8978545.33932991 9924011.823008452 132
3605025.5168797565 1961675.9596988852 260
4307268.1451055305 1165020.4314837297 326
258323.8709519431 6442359.578567091 186
1208581.1620699372 6267494.2458220655 226
6607914.3736227695 8492492.048977885 263
3060206.7465177164 8141846.978449451 9
4678501.75088001 2484501.1096789925 242
5060266.107266455 6216776.724105061 158
1223493.763303135 8646826.987816297 166
657392.0082455875 2825178.715600797 15
8192054.260877283 287438.3790848845 315
5512352.121414847 6133600.40340587 13
3933792.4361683386 4482695.675986946 173
1400100.0847707512 9077704.18325383 76
459430.607413116 6915377.040342285 327
7822875.918713135 6566990.786641932 251
9364355.22394097 8888023.831695395 295
5066144.8536161445 1777153.5684667262 264
3216759.4061209783 6505660.024107778 285
1670930.4856304585 7671569.175850257 197
4271669.833927555 9981452.030928232 27
6743923.67954605 1136713.7715666187 202
9437370.157655729 4441336.64235922 112
3444542.885139195 7131831.598455278 69
9604355.779776195 362008.6555890567 216
5811878.8129749885 7042711.433416039 117
2200463.428451329 2563897.09685938 182
6649635.430338174 108103.92851143159 35
4297683.304114526 5998926.903835172 105
4037277.419716181 9023298.84123852 110
703981.212463981 612234.7506148862 232
5359379.353745137 6524893.66389275 299
2430898.510633116 8231384.467628872 62
6810095.2892574165 6624476.111100165 350
4778296.827837235 5847255.685217584 24
9477226.195593482 9351483.076309804 12
8103240.707039577 1235963.5348807175 24
3178783.9756504423 4787906.478574133 159
5458085.711706458 2038742.724942929 28
6204217.379800183 9987213.200850155 174
1784092.7158029797 8591064.087375587 98
6821909.040936282 6823020.453535676 173
1996046.1155952325 5464675.105264412 97
5248342.155174011 5468761.455048711 97
9541403.633809436 8884675.96189585 230
5358008.061051508 7869077.030907684 48
8372971.617411473 6987137.816382373 332
7799334.792775033 3910914.207507874 197
3158317.542977097 3012288.1862505735 185
6407989.167266072 1485413.64037026 278
7427956.813212265 8332822.334712216 121
1261335.4785639185 2742231.6447418537 27
4784225.751892885 6084873.89478965 226
9561572.380509695 3982374.9995484627 0
4202935.322245106 2271259.772890688 73
4421209.012988516 1406515.4156812143 360
8435586.623552723 1011699.654901389 124
4582244.98414725 2698799.921407665 50
9796660.996655015 9367730.658804405 202
7265126.793349726 6364689.530796657 314
1473529.6173465317 9622177.478461746 107
5908212.70829862 6279671.649532557 196
6019769.085890601 8378396.13326635 43
2394817.505035237 3293537.8916398906 18
7760141.927819087 7069092.729894298 261
8633642.167679096 4568250.5625773 255
1398505.0345306615 6298087.517768183 205
4917641.343136976 5108442.846208481 292
2148551.700277114 5331155.074147884 119
8824382.418242192 8884957.247662485 328
4950622.445943038 6374614.625882163 36
45949.98139645035 3751260.2226436874 121
2888545.0488620778 1437331.4615225708 180
1831023.7661341177 8299132.014889843 100
2608966.4168340974 5618467.239907116 290
8468700.5390044 9597765.036075367 324
9028695.258168682 3338513.089252737 325
1449767.3213495144 5391603.239223307 95
2831953.380573834 6664829.409691355 50
34521.23477203806 6139834.243487056 230
3168473.0530268503 9372426.270770062 197
124721.9424241175 4012495.084618726 331
6355487.386669821 7430749.319229582 171
1021852.7599483341 9024420.663856711 62
3895439.8079519547 4727106.871343817 234
7403872.786192682 1177171.7345152565 9
9012663.376862762 2393895.9694172456 195
4449022.004718281 3377388.5103561184 333
5651439.999051626 6739351.09003743 330
9089777.019355163 554866.67319264 347
5215069.214239023 8115159.048822107 302
5423851.410027293 8566363.826011868 253
2362875.1164315944 5874513.438497213 124
9659727.468084306 5435300.797125024 233
791791.3370989849 3481131.6214511446 278
5862802.75100236 5761821.364740876 269
7633496.424759281 2389606.1548186475 110
6830098.40742425 7531640.347068048 201
5949453.995787788 3594959.3940468137 271
3458909.2595039126 4713587.065812048 230
8638716.75873333 9672901.807330023 13
1573153.4340760212 4114210.9522460033 236
8745436.205228984 7802098.911654922 192
3274102.363481548 4122661.3120674747 146
3212501.91279708 5927069.332532739 312
8211926.169384464 1566952.3951523134 128
642683.1443065384 5555935.231227829 294
328188.3488023951 7262221.067339877 69
406950.23251027695 1390442.747798346 340
8825180.083937045 8654080.69817485 213
2967736.499996443 1141941.0305052346 205
7532590.472655709 1778080.0629802984 254
361556.32382696145 4356709.5024964735 37
2542810.939337774 8357301.572574148 66
5250810.401724095 5491923.9972790675 220
7160865.600892041 2626817.738960768 153
5537163.34722236 3518703.6827857443 235
1912769.2276896224 2560702.988615877 174
528576.9894842096 348338.6566058899 318
1505235.3290409814 7607765.657524234 182
784971.744139027 898090.482664825 169
4073733.9046421726 6975877.086525248 351
8568087.35643282 8190320.994868813 151
3423881.324394414 8758693.169003272 317
3211807.870041 240762.79087847596 198
2386955.044766411 3077743.2188397557 72
2468875.1227877825 6940240.4657311635 263
9431674.962956062 1902830.275720422 301
7969945.266088413 6682877.342126783 179
7966784.884108469 5064245.918008774 70
3963573.690211416 4426223.879313502 341
8408595.259770988 4462611.7830492575 252
2064613.6874157228 737831.7358815023 248
890600.6063082528 7222858.849549411 187
485476.41174579883 4489038.982718206 276
9949447.195387354 4533391.143511921 110
6301767.534005488 9228405.077449325 235
5838686.54526863 8961037.266182601 267
3397894.3006786243 5680110.100988278 251
2967804.928775899 9205827.727477526 179
9026538.232183859 544864.6973042948 294
2324170.702317796 4584577.531254761 264
6810497.561936246 5436645.482699025 234
7083445.837438339 6780207.394649108 346
9360813.79720548 4856891.728830833 312
4473950.213972117 7424961.903896011 94
2521633.54679142 1685112.2593390178 11
6756614.869872225 2301706.7893218556 167
9899330.60492056 548778.1563334038 270
1932565.8453033557 9563545.190741157 33
9202277.075474612 5850083.918658504 251
815078.9259111746 3304565.192418335 330
5327221.1446083225 152472.2973104231 105
5665393.385317812 2346673.882304338 161
7181129.63571537 9771374.088748328 298
2998926.138638882 2916856.98646217 184
9951768.027537107 2735658.8428134075 252
802301.5737367811 6196911.230470225 150
7490617.252191853 5377121.596969441 202
9011827.271547653 1257628.7448615741 31
1694973.733989875 8953302.35304642 314
8876022.745554542 3492030.4718849673 59
2003165.4864887227 9064721.972680245 144
8161213.613598277 2221918.3885335913 157
3002157.531386306 2048274.1580064911 11
4934092.549550803 9344949.150058037 107
4345211.842185899 5340064.174994306 288
5791250.181612274 9580789.742905652 18
9757609.80015226 3502599.4389228146 348
2184466.120802244 2273716.344863909 270
5624783.760473784 5947160.547530667 341
1725174.5881668213 4478914.079341286 295
3249601.6855765795 155079.94576431482 30
316397.82145567954 594161.1464281993 270
4060286.179282555 256821.54945167011 258
8976893.211301813 6549810.313444407 124
8841270.286736272 3901806.980793366 119
2784016.627187453 7602491.967361412 207
123183.17130374012 8126391.924783301 211
9168923.877116391 3347744.745880484 121
5634076.529970882 1818078.1061377283 60
949186.8762252898 9329012.493167048 246
8059689.805624481 2107660.427889039 181
6584597.964679311 8622043.122617891 47
3090335.791056208 6522625.564170907 337
5364190.707724797 7215913.256219653 317
153217.55897528268 7401244.582397695 97
1393855.5378386786 681771.8586178323 59
2691017.0971331038 5037413.553902237 346
328009.2788328526 3740726.767916519 170
1554315.629820453 6242669.215690654 53
5233714.133331751 9205202.51895967 261
4622688.672220498 33635.772838278564 73
8867382.979199927 1018224.9616882289 29
2336902.4291559383 3380012.5557486825 285
4707495.191709887 7596231.4348923145 18
3716049.400209155 3504337.068687725 98
7700925.443260448 9712728.932178577 165
2639560.3802797953 5685993.676053585 66
3720007.00269982 5378748.679353023 274
4969260.862326493 4026876.6616112683 286
9896024.997501483 2858712.4817344313 27
7970361.087363541 4387282.486143657 76
7717239.460853226 6939777.767038004 130
8211056.853179116 9256583.017093688 138
7470385.24769388 7186976.363623166 6
3809261.120393156 971283.7480667047 250
5969156.458791123 9380599.163851853 63
9467283.841710212 7768004.752845521 2
8029990.638182525 6045994.013344429 232
183066.34952482747 2614149.865602665 268
2013306.639876249 9581846.950158972 313
1203741.4710241624 6223794.977165015 101
5102039.984829449 8418447.184798567 244
9080748.443098413 6221783.96965655 201
4919188.309906113 9399009.088472433 25
6835305.995373434 7534188.492728853 291
2143385.2911408436 1721817.5527757439 197
4660413.094281604 1822615.0449944832 81
2230229.5918017332 3622981.2530323635 127
9953974.87485945 5865796.15634709 186
3473757.5809963574 8335762.753692624 78
531577.2269876939 7557528.220191529 21
3527239.307115806 3715651.8948537232 325
1142385.2291769732 6528760.517198996 73
2691707.9299723366 3168792.9026033157 293
3244399.3944875193 3938016.542383569 330
5872985.206988445 6589093.300617843 196
4623123.895283339 1668281.838686324 185
2310956.5560485944 574426.165925932 37
2760232.873144636 6458249.631545339 255
9724430.2401615 195457.58653002788 347
7683764.955373862 5422675.568815369 349
7679078.408970605 593978.3111911844 144
1425657.666304293 9574766.01718458 317
3532502.469396056 554702.761789877 268
2955964.071649608 9189374.360835707 349
5817654.3166638715 6228986.619540158 224
6040721.653652121 4878868.199372169 99
7640393.417705896 8170360.62089318 84
9487687.56914712 1282781.0358184422 41
6414678.0397740975 1892611.2496654878 288
1740302.5868621569 8051039.607819813 312
4295356.933188581 8102022.689844517 318
411772.64045134 7477245.295523794 267
2861481.343233665 8560584.257058846 281
5080339.3971880395 8352547.36546945 170
909862.1522863582 3731064.9838386136 259
5549397.4897494735 6855244.960495249 112
8729095.673779126 580928.4459263908 353
6467053.605067213 9765833.202435348 195
2747896.84074909 1733586.1070679715 316
2575772.279546097 4529572.61943315 327
9214474.547801884 2488313.619019654 30
7035722.233949017 7732128.7590026455 198
5520144.548006667 3085394.69064852 8
9626813.895075921 6394759.607471827 241
9707150.205894472 8126211.684227244 228
3223476.022127951 7122495.753100698 185
2005249.307484598 744548.8250951205 247
4806315.3988660425 9921256.746163042 72
4707974.912672596 9220098.599655649 227
5204972.389125338 995093.421208918 349
7007677.612328299 9085335.254890418 162
3719183.5825524256 8389159.91933856 152
764147.2710242014 6020627.897895571 266
3268092.517628339 3056568.8888891027 189
5504717.646613051 6708460.412548116 204
6167747.160315627 3287498.851330275 141
1537588.9128015286 3670386.797214076 140
3729109.488311164 7308300.683228506 160
5308054.980997536 3970526.923514266 50
7303380.439716604 3500358.6819972578 18
1751727.4058873777 9745575.964749845 355
325769.2399599599 1462456.7802557165 307
3671195.385632802 946315.2347518433 112
9042477.932954682 3426484.3282466484 78
6480455.157612507 5600797.970669939 1
1606438.2832577096 3095294.261475673 146
6967643.381457639 2112485.480222689 268
6137817.876791487 6511619.697699274 285
6527832.497474678 7541363.4711507475 182
2829812.8310957495 1290176.0197198542 116
4809093.09606936 2432958.2834682427 336
1544917.1609428304 3338459.011643955 288
9770890.485027155 7806106.59455507 315
350044.8410720958 6269291.823527192 237
703440.2509713889 9876896.977040708 268
7452792.569835116 9011666.511342663 58
3793202.919553538 344403.7971020686 266
6280090.068210515 8935538.882765211 73
9091175.987894148 8954025.180681497 234
4307376.136247469 8759320.274001257 345
9288237.870473722 7731071.919047325 182
3085964.8727501067 6304689.759052932 189
3865329.980595554 7365424.657778665 247
748715.1902368794 2739487.9752946035 36
7136841.032038573 9578264.565159224 137
3229224.5553579126 9362705.615628583 229
6617520.180391252 3999156.518840842 18
9697039.005017158 6819206.2202188205 134
5993500.027185784 1133937.1756298512 327
397007.30373306794 3157195.144694227 223
6891473.126464484 6487379.254823119 268
3415121.906583163 6784096.18552464 265
3309624.6526843654 6108993.922279845 141
6070247.608564851 8845190.742256507 58
3535365.06822121 9838097.845124394 92
6049952.709117149 9312151.095734512 191
5265394.646754087 913601.2661547232 205
2649857.895133183 6207093.610141299 105
4213289.103241496 229748.64385200466 23
2091203.2471212605 8582526.298760168 108
3851248.101955833 1115980.8600059072 242
3100182.9954332425 7418166.727839515 176
1208783.1011535288 9013634.20441527 342
8559638.737044917 7073347.503926033 350
6585380.47967626 5967811.366377834 341
8423181.632723434 699845.499595707 316
1700412.1180721486 2199889.524150582 286
976049.5607919239 4468074.135617784 292
7550040.684808119 8686829.564480893 223
7783475.201059726 1741750.297017408 221
8525222.76415464 4879183.545735463 312
2440478.496193089 9594911.229522735 342
6523108.345280217 6812357.437952793 236
6231917.95209778 7376171.794810456 33
2542406.3526051887 5383636.725737828 57
6497573.620744339 8875979.744053839 132
1412931.639021041 5614395.979898113 323
9855179.567458194 943543.773468598 97
8876744.972196834 1511242.3403077635 334
363165.72714884864 1385993.1255163315 318
1132794.1923612827 9739366.065826433 250
5829857.762835454 2862626.341525879 356
701214.1894979951 8649193.328876238 347
6642097.212756235 7133234.016547527 129
8969569.425260628 786889.7423499433 334
7250680.139268521 9969455.801438853 300
6804221.705873937 53655.25901191659 77
4091248.745725884 2262824.724973511 275
4616998.7978562 9565508.89610853 229
9896188.0086226 3062515.152315819 145
2531656.0517302034 8179334.524575306 69
4126655.0718001295 391435.98008207214 357
930393.5588393242 781325.6121627865 212
3444096.9481833405 1852987.426415843 83
306566.7502802927 3393600.133023531 238
7782046.732240209 9782628.295968486 141
8410689.764885698 3676139.3340510074 332
8776564.27607867 3085225.187749704 18
9425143.707370501 3512500.833933653 23
6425618.886831015 9987946.451748254 189
2921691.9121528873 855667.7112567091 99
2002147.5765174911 3388277.0176060316 20
1290591.525572915 8655576.798826594 348
2955611.9310626118 136656.6044366968 27
4050763.626738686 7753721.584511554 67
2128766.449928391 5779285.906006529 267
1827312.559127039 3432201.051197998 135
1351565.4428369105 703242.9233229464 109
1902.392556489829 4215313.55288686 321
9796709.118560083 2804345.1354994453 254
6591756.4203960085 296130.79534379084 64
7322563.454461064 5271459.603201174 21
871230.8642923306 8394648.46181819 288
7520911.77073216 3710748.1026989575 227
6492907.953048364 1851039.1639357882 142
8966284.166562362 2034329.3481775238 22
5158720.412192305 1940129.123497526 216
2700946.261805315 2425993.9124643025 100
4819098.88168232 9381476.956179755 33
4839086.2554529635 6314770.345007775 154
1240835.6580485813 6361777.285575474 95
8310830.329110466 1556308.3469443028 159
4384858.982816074 1496239.7541490546 210
8266460.335181918 1170079.3107208707 294
2520544.8579580258 101204.78901608165 212
3335064.5848574145 6905279.88708851 245
276877.4324417833 6824861.399119173 110
1579095.88043899 5658220.8234380325 333
3487703.48954343 5103492.243580159 72
2441494.8195087127 6961262.423182015 78
5798190.960146066 9053530.877300063 87
5921605.706529615 3758970.82531384 225
5685972.351813906 3661476.226265443 206
7009617.764757607 1099653.9554877572 26
9131647.199973797 5469203.217036285 87
2469327.4126788257 7329196.162900796 285
6381481.35632173 7405386.335214119 119
8131678.900162681 3256567.212898218 60
5251353.153432539 7883944.78158423 2
1530333.7560334906 8602545.671262655 133
9818822.532155987 6981214.186640012 118
8999666.853122363 5105017.9554102095 148
4508551.694769901 9835384.583102958 96
9823228.123151718 6947351.691565926 68
4780242.817718938 3783736.748888639 278
9955314.926800394 7174843.174662847 96
3859065.420982294 654583.731296371 48
2809987.4407623624 9638948.608387172 15
1653998.5982995476 2626694.793477399 321
6647329.472727229 7999591.271121965 260
6668895.823010562 344500.32035986846 50
4305563.845050207 4908237.836804043 344
9125647.626812601 2483194.749384814 112
1233236.940588125 2223443.4550789353 172
9533093.94456194 2440656.7496233024 32
4413362.660308883 1093929.1542658524 83
2591228.8884773273 7937418.0155071635 204
5078188.587467315 4186373.732660711 37
7332937.790155536 8426321.849170398 0
6554743.710230604 2652891.7816622476 73
3218349.3072996484 8899053.084723933 277
617815.1699664891 7698938.592451715 273
5879103.929473333 9623879.300642587 98
8817637.029295124 6419813.839686878 309
3755116.839790527 3540118.47720925 18
3184378.4912646143 4964369.695222206 77
7985709.205461491 9400214.377435595 33
1014890.9862604516 4001623.4446182796 71
3605292.397820352 2036657.9335269907 286
6001959.67412888 9923549.879680736 143
2060382.9635838766 6593075.303522457 79
8038426.379730861 7265704.702516561 40
7114203.02800894 9181569.212803813 39
7094910.257797053 8643766.076731123 154
2747023.7228637473 3305471.667088636 208
304996.62813663896 9785758.855730666 142
9431453.608354611 1114312.5502524886 150
8610702.846951505 1863473.9504974463 359
4113258.3252320443 9705508.40825375 339
7979517.5366772935 5792485.518102893 217
8575455.447137374 959412.8233714782 2
1053222.9797563152 9654461.813670743 262
8190800.444830447 1121160.833914303 346
1792769.2971271847 3550486.368178346 149
1082124.4540532115 2423693.5548493965 318
4961751.2671938455 9107709.682765182 345
8645659.95124072 4046433.962983421 10
6584112.1525012115 8085249.274600582 169
7677529.89485739 1130157.827698336 129
9201279.034838086 6402500.839966164 315
192674.2539650661 9568489.671591036 139
6176465.206142769 1288325.4482316598 256
9408999.414947242 2162229.591498618 258
2325905.585929675 7145685.337292361 356
3538967.963992362 6048570.428535099 55
9713691.209587902 8293487.992886151 356
5463772.569816238 6833572.086749505 304
1986286.0569643804 4025659.256457951 44
2077852.0250015664 7595572.005848753 99
8044165.560818382 7425792.5488725575 63
7959133.589028782 6101228.8634778885 301
7031214.972503094 1213151.8702643185 83
9204030.65032599 2789460.129832033 348
256240.87007929507 1151146.409170055 164
7524443.798889419 7166101.368759729 149
1029653.0808920234 3834016.275199954 342
3087858.2753250627 5438847.961943489 25
9540591.465771334 568165.5352691673 182
7394406.9372521425 5102457.66318238 78
8981533.043126993 776788.1488706141 45
7736.8909834363285 2508449.8073531445 255
2931262.427556497 199686.95490125808 213
3408006.4492251137 55387.40616980675 315
1949380.1008381583 9214531.178599393 147
9891613.246322257 7112421.977037797 151
8295475.775514079 1738722.8465092464 334
8614624.072648196 4369241.5993758235 86
57062.72010203461 8539565.564009303 121
1544467.0878408728 8675918.521779772 346
7810977.2786396155 3341011.4412516546 358
8675612.292275669 1305352.041707676 247
3625709.3984824107 8098913.550458065 11
7545894.417078479 197465.65883801304 302
1837629.8653716738 729274.7583312354 200
9573852.270676149 1404653.6257343113 244
1501688.2284372114 3443267.3436898533 233
1147136.881445895 7364338.1244605575 191
1083511.2943486557 3449869.5425888626 89
4703363.169861573 4420304.5719375275 187
9968600.357987408 8592825.06333937 348
2158155.4776049904 3227005.6945977467 4
2949523.7292268537 5015828.965756351 115
3717772.830985121 8661757.092266498 94
7311963.7093755305 6588830.13098071 139
2930691.4974548384 9400739.20402113 121
580656.7108325633 1554888.1092950338 63
5144492.037978835 1697360.1900343115 48
256749.49257430524 1568203.6702947577 219
8712591.861803398 204836.31954470894 356
1738919.924249811 5182408.910313365 305
5158857.240249614 1557382.1153449707 56
792344.8728584193 5548426.514976774 340
3839477.6909311647 5890633.88499241 213
1445597.2627306967 1837251.1868459473 65
5416593.274409029 3034654.1412589233 97
2500427.2252282277 5621756.740550761 22
9790270.48709341 3097894.677054425 64
3318686.221346654 7928906.346144144 266
6606741.167066207 5048487.241169683 133
2242222.476048487 823211.8182744541 255
915881.9285597197 58866.94045949659 81
7906962.538202326 7695011.89280173 242
5714748.744569273 1407640.4195096826 219
1190560.9482245704 2807006.202843213 133
6611043.317824858 8680549.838986838 328
8128914.326258436 3286226.5540546984 70
5884537.713262612 2366044.6573024527 351
3944703.6772660627 4816422.860114393 306
1705726.2288386598 5994494.287729508 224
966295.9530349402 3228944.935699969 86
1934806.3933250448 7706602.6832597945 249
5869946.064577204 6779714.093649053 153
1048025.3263845996 8425754.895412369 136
609711.0671318528 2618701.5769691234 128
8953532.403641576 2257037.4469186827 81
9024144.859119384 1247780.5905056172 39
5864980.164117495 277794.9402609847 86
1749507.139797777 9850089.03114338 221
2245984.4127959027 4309081.928214494 166
5825329.58136046 1155347.7005422642 149
8195725.224554245 8701628.517719688 78
1929802.9038588859 2871474.19551951 356
4499379.582424552 2782523.4010936553 360
0
