100
26175.371629317906 57785.441118716764 146
22316.34031242231543959228016 60388.39060872448583210742402 135
19407.51523922299167106879590 63297.21568192381005734333938 105
19019.12765802334389906759810 64746.69786798967797352883150 192
16403.83031815912240820797761 64190.79925768338327058183687 179
40756.23900067409 76078.77198702586 48
34922.549491789425 37078.1527009749 353
49654.226107321585 51677.34109376099 306
74094.54449365108 1087.1033624369586 50
14348.882791104612 34488.57341293963 224
23583.13233672358 61529.758825987505 229
7124.013357026859 98906.02661582103 241
41814.31993352953 98747.03536481969 160
58583.2857937347 59286.260661660395 48
58428.99736587004 72845.63733078717 335
76428.76677697957 90343.31707612063 58
73529.07604913674 82629.20232926383 306
80178.28839353427 62450.511781787296 158
35139.10797704221 50560.64408830906 264
19773.877259385918 19268.197434211852 87
60297.852438703194 33006.306502497726 121
40438.23238465372 16775.88618119358 264
53552.03478712324 20823.850341592108 284
14717.024773765153 24978.446967548774 126
95813.94462176251 29269.997232929934 89
73330.76713391147 32031.587888711954 131
7379.780201405894 96743.88587009144 87
29313.944698086736 60991.10608346464 264
7317.047839492286 71069.01195963741 265
16772.702006198204 90985.88067221011 120
88428.2405489094 97185.32386321091 25
41180.11472137261 62897.261881643695 196
87511.43002317236 77551.83687231955 88
25436.93480530286 79648.77244234516 293
21979.75522862403 19495.956273337266 23
35853.60709948284 88716.79604787007 162
58130.190311531616 37768.2266823158 34
85032.26398900838 28754.945808597455 1
99695.75417460622 54093.41975362021 273
48495.896032059645 84416.29824552848 163
44305.00855484577 72713.92875152611 123
65679.9968709619 43355.57027489106 65
66389.9928342341 58142.576954093005 180
50840.92185713573 43639.227613642484 279
12944.03270652551 48677.90097833658 232
47481.673443378 37828.42625858513 64
96466.06749773274 59943.796137574915 37
66412.90785402326 93888.616462357 85
16149.820097865597 62758.58097378043 332
544.0453715442106 79642.21896184002 156
33221.07651690767 75638.82622357397 270
81214.88274767449 64422.51344074765 191
98515.21786726227 68910.61188434328 226
34648.66309580854 90759.76594995751 138
34022.61604424672 18169.6147247829 194
39947.32050469666 2783.9702112560594 303
33278.34233405418 19183.591480525996 148
35251.812185293275 58785.67185538479 171
87057.69760222264 1186.7870470400055 154
97376.07304810159 11278.32101976558 22
47379.489878985914 76896.43223038004 24
99685.15594650537 25090.787263387716 306
14396.73281326842 46530.40248953694 54
94184.2434397845 2394.2007113144205 141
163.78376799900397 70076.13274252597 60
38153.314179350025 21696.734771498228 331
9949.691646478597 84207.85575452207 131
35578.39648509037 14629.47928906273 277
61522.5639569989 50093.14970782976 220
51058.35275345436 93347.13243453931 60
99347.56817880344 455.80519698271706 10
98679.7623261313 10865.810197011982 232
315.970146950284 17990.05873778604 96
6629.405499349527 61955.06091314052 123
23585.242223555815 11098.051069855297 149
96331.50469452707 99618.00469406453 216
30785.431351951775 41791.52967628923 344
92084.2906888179 41692.44678257744 310
61266.33237591234 80610.54670815631 179
8996.858003575093 80025.74790609084 80
68089.79469719705 63963.395150205 257
78292.73880920028 67593.79377866704 317
32893.29256224246 67462.01802666673 63
95790.06603030548 55225.22673561287 119
77592.66931734675 73061.166048029 336
72429.75273633673 94766.614180477 166
32493.47569664369 29831.01766297338 111
68469.68375857106 17491.460700879557 74
69918.12248007054 38464.01175945841 193
94018.1337229262 4001.0502482634715 261
70377.39893899065 26722.26754869863 44
27378.810139942765 39490.805046461355 169
23720.162934248812 77955.79660275682 1
65702.46687716834 11597.330006753247 55
29477.02762550086 93490.10216411776 347
336.93530452940655 35254.89780035019 270
52040.84857807437 35264.28981441885 95
53305.87682063056 97216.88016082796 33
94460.43101671823 70473.85488305675 58
76124.64047370352 76393.74871936183 51
0
