1000
5298119.785138975 7185223.989714255 169
4808554.518715514188682726794 7280385.837544736900670376925 159
4686649.318746751117694416910 7327180.859496545529130961703 244
4254959.136205596209580107459 6442084.819860348810330923494 228
3693804.528183848955326946707 5818859.489437325943560733649 200
3047523.216959025505712417537 5583632.329188958577854626835 274
2530114.2595646675 1425540.4866028654 58
6351737.7929456 3870467.4611534504 162
9455040.514712386 9800772.358228017 85
2913869.0875355722 8205970.935077406 106
4305839.707682441 301888.8317342305 344
5294439.866962866 6032869.669125262 5
3230391.176406723 3302127.518500821 233
352648.5974276494 8497599.633677393 195
434388.59517333284 5088666.799347313 326
8169824.543087671 8098278.859749908 337
8244221.508340496 4570332.535424133 161
8989428.199238602 2409612.0204446134 173
7564343.428606474 4650408.149844016 225
2025719.3100701133 2701491.7110480396 166
3642848.2312301057 5181820.746847904 223
7710739.760314374 6774106.583853038 13
9866717.20944 8584815.102881785 232
5412390.31588401 6860959.770769195 223
5837374.035068895 4824890.789326275 135
326048.0748889882 9888126.766082237 215
1690568.2545407251 1259736.5674961747 312
9581600.723289447 3670924.9930064203 238
6801555.700671988 9205372.282021202 5
9834920.30686626 3557005.0072849034 245
4109788.053180131 5410952.393985989 243
5019668.707513124 8572678.989395166 98
2333827.7911338136 2308831.846376116 81
3419411.831818221 7090955.766593049 306
6049475.576885476 960411.1681544348 10
2390959.9616113985 6385534.3860896565 161
5321045.388203987 7368866.6455361955 3
6934966.457966551 6370481.086767584 202
1448660.0613422184 6241983.141087998 160
825372.2341362735 3477340.533416321 99
5452142.9232850615 9713784.595033897 218
173702.67347075473 9034857.201057494 161
6176860.512626512 1060638.0660197635 252
6861808.106245809 417734.63709871005 231
4246638.165123277 1503518.113246748 31
8847828.948720554 1891058.6904278405 110
1891254.442726743 70253.28046222468 353
6260450.595362673 625139.2401310607 169
7724946.165662209 3276665.235180604 320
3229951.072921523 166161.91409911553 67
9599530.287266165 9595534.418774195 160
5113082.269129007 9735681.960918788 221
9513963.048895918 9504256.631487971 61
9090603.03108557 6923325.84146061 156
3504545.5435515693 491494.11495267524 310
7791288.476307573 9724179.550908078 25
6927461.00416712 5981037.108524124 25
9773431.865994185 9031562.477427052 22
1663313.2891200464 7964906.871805745 312
4391380.619179585 9057379.18854487 140
5029123.020398143 3317724.4485711865 218
8023138.12198711 34319.41954019857 49
7724731.616204705 3959078.6627623443 58
408476.34513633937 3944214.314016635 234
6774083.816598626 164931.27292489528 2
3980059.412977607 3264166.2289027385 333
7784388.485869781 8139607.41366382 274
6680563.910527752 3555812.893384754 282
8812881.60870543 2836589.3958006795 76
3286252.4611099777 6747304.140507533 98
3052803.3402819475 88200.84588528676 127
8496668.973794175 1022281.6883774522 237
9999049.997335797 4164214.11355817 194
6385426.154914001 3337863.815422741 289
7353716.296397285 1944952.7037136604 266
6114645.191678402 6351071.486834522 53
2979329.5719244815 4018185.7824650737 204
3788385.1679560845 6428630.227167434 140
2767573.7398969657 164909.44016821164 164
4379689.828138147 5030048.266457324 80
8041019.48164811 2796275.787146063 234
4414058.495816749 6353999.317454158 335
116967.27645860495 9196636.56151264 313
5774845.555426319 9405866.51750528 77
9567106.783201616 6759551.263548197 2
170979.38535923453 4320955.443256251 247
6398454.248805602 5419512.6989875 296
9250917.428322293 2519220.494258353 58
4523832.085964564 5898427.0227036085 256
2136684.366224716 727284.7779824166 257
2908042.017031148 9107721.683854839 352
8568889.091712924 5179393.309129094 317
7226739.66025057 5341441.813892778 100
9410263.360072501 4414110.051573751 75
2286842.634886754 8168773.027855535 204
6146291.374596045 5888604.988901421 168
3512133.6414891733 4111966.5403292915 1
4875193.115010533 7765545.538974562 299
1958084.314666798 7465442.019976444 170
6396690.031703979 214668.03535162503 52
3188342.910454609 7468740.8958924925 86
1528239.6625656092 2959206.095258271 179
2019418.3300060264 6473713.9722455535 314
9823193.333718434 3266802.4597041565 268
3802683.5780090974 3562060.2182261464 180
4027463.32186105 1761204.5987171766 205
4564304.701433591 4652955.253497672 177
9124006.547378438 3143981.627871545 342
4147141.578056418 4099337.819045896 68
4999352.107030302 6769763.233457205 66
3418173.76791841 8559066.683958549 236
906614.0870659034 5494555.774992626 156
5097412.128191795 3077423.182912993 351
2881130.9169002376 2590475.361678606 8
247818.4025997432 1143475.4465895246 314
9507969.197233902 5517000.592680904 281
2459913.6679951493 8493473.877927387 85
304275.9687781638 9891884.720797211 152
6525307.205385028 5121349.591509546 255
8656458.990136007 3813257.2382654473 259
6294690.450080097 5651632.249221726 94
6241142.496734301 7901783.740247777 187
9845442.63912159 3544751.0795904933 132
8981487.300024819 1311015.9508558062 167
4906176.652966454 4683795.041205802 317
9484679.503725005 9624375.283953369 32
1321988.833171397 2315885.8834477216 98
35.44741910221916 9507477.67213888 307
6248013.183086864 6809114.83839448 240
198791.8305526326 8116241.93145307 199
6490132.486723156 6473782.063925528 172
4344552.708321522 5820667.627980131 159
5799183.113153793 99673.10657942762 221
4930565.450270127 758120.9473877137 208
603782.7818887843 662528.3496704848 103
1387780.371228159 7729804.927837546 357
8969554.497877229 6207297.130458447 337
8070524.697867098 1869821.2814087945 201
8219777.222063014 8852143.610181037 38
1405672.9735155061 8377394.802428918 149
8769043.424029417 9535758.17580937 139
6138912.751588221 1278377.565850888 91
834139.8848818671 1133804.7356458337 158
9880807.979581503 3332397.838707112 242
4685896.923236947 5104794.413931523 236
8813779.941711515 224926.42176835999 181
2923947.9286154304 8934151.957328457 127
7548530.050047195 4530143.655594895 262
8056627.478339447 5977688.997715922 119
9859815.12212673 2142036.170025273 309
823063.5416235388 73247.04011483774 114
3127058.958289859 5956153.153933446 202
2505200.4301247764 1186679.8474892715 196
4331601.38011371 5734828.885350675 181
2196988.8026109 7880026.131129426 34
4325363.599961941 2085465.162110397 31
7454124.693514983 9976578.743423102 236
2722709.0210614325 8298303.672182325 303
4172075.2496227873 5531503.674266913 338
221250.05849576663 9850773.87555807 194
3911950.3329095496 8365486.969695115 82
4539693.457793891 1023040.9495241288 273
9199376.010381779 1593661.4604359656 171
2202025.561323884 2341926.489404653 237
5409001.172621963 3327127.804388551 318
6773138.261649281 7946807.055654967 231
7027592.158798309 5756284.775550446 356
9335995.825833784 7398016.918562371 13
9354643.390921438 6952964.216887445 187
7389720.218934363 146568.97661870506 220
1329490.0160812596 1765315.7225735316 139
5970076.780447578 8578449.329040356 11
8896147.006816829 1426013.161573193 34
65368.78673702007 9322672.784478538 251
187063.52102330513 3385754.9692629497 229
4149811.8067138833 2878291.475674708 40
1516969.235496224 5922169.122859673 241
6313375.785218809 5401668.832566323 30
5497882.251933787 1757451.1255845749 45
3521753.2705777143 7158333.665614223 257
9616396.797258517 1005251.3706728395 248
6492258.140252416 875653.3841090808 204
8614096.810043748 1546669.1238694764 307
3021679.0165443677 1273546.1930724012 98
4992072.684280589 3250516.584617125 350
1486666.5211445363 8834967.867896115 143
2364410.5043042563 2982368.324898309 104
5412638.158218537 6938835.666827643 355
3335203.6430039266 6771337.860141866 25
6398717.749198205 7614261.597153055 94
2685563.644941543 4847606.702788325 33
9653798.33608691 4199845.168182092 360
3422939.4342971975 3505203.823527376 126
6583797.256592555 1171072.409162861 10
4412.650944399798 3615440.186715587 286
5275429.298457952 4059895.166002383 66
1424164.807271816 3933512.589543943 152
1322207.4287840924 4782887.03870213 218
6497915.239941049 4506271.769850733 294
9830605.943719199 2521567.2511509215 224
9750780.428996999 1866623.6101512734 280
9178759.903285086 8655255.508631617 310
4120029.4602032937 211196.07994063315 177
7453141.348947219 8180053.124891065 67
7981579.890017 8903173.887651417 334
1342598.487388482 8791237.096308652 69
1848650.2781754232 2488496.4682870335 176
4978039.598829845 2829491.203200001 49
2295889.525984095 8664458.222771974 64
3793941.9590980904 5739847.982850607 320
3723173.219934027 9513334.512449302 331
3954457.3455077703 3360864.6075264583 108
3093727.088981789 7373231.5095719425 126
5163675.02405089 2105596.822798982 275
5467288.087862302 583246.0814684215 157
3242445.6107330522 5881185.906035275 111
5326112.456152776 4542819.440368393 341
6541942.215557325 3560711.7762370254 55
1200883.116218936 6951646.629953846 284
8737718.1105971 206893.79861777212 226
2528175.42588337 825434.3608794357 315
5883425.175971793 2467616.9602264664 172
8923156.394876415 9541228.857493926 100
8744817.117062708 9504910.846002454 243
2094103.2787178303 5078774.014263019 315
3536.2650471226775 5318663.961048741 264
6806437.180073612 7927969.063856095 250
9113332.206181398 2096732.338148558 151
3840307.2850546627 1034407.5582635448 223
7851794.580091707 3433962.3999797865 333
9690384.69184424 946198.1181299817 226
8030353.773311832 514685.002426859 191
3092302.464149631 4751465.157366408 175
1015028.0591475725 6967574.351322535 315
6146118.473437866 7256541.054184534 10
7104653.647461956 5821749.183140947 203
6154340.970173402 2519533.192281719 271
9658369.46172366 1759735.2086026897 171
7803881.076540084 145808.30588891704 213
5053066.9955642875 5217837.467784391 257
7786458.158232592 7591139.555900582 170
1075349.888856988 3418943.983362496 353
8486975.972406372 1497539.3811760873 72
9733310.111317968 7453215.784199627 111
5109509.358675678 5299157.901229545 101
7275741.566602303 9582485.809695631 232
4005561.22639954 416918.525590253 167
5807307.067366204 6326691.832068259 3
2157293.118282062 9860670.28464936 182
4692804.0143029215 6023098.065361753 122
5315153.877746641 8868408.130733412 17
6798697.31389972 9619769.495346416 280
533712.4697387774 594514.5337220536 118
4342072.0384351015 8588982.652300537 158
565485.7869222773 7459246.363851046 176
1965609.5238860294 1283706.308214183 310
7448167.508925295 9696605.720841633 120
3809831.8142213705 9830243.911896067 200
2223753.6281570047 2064832.553241801 188
8537019.288123846 8296097.979450119 319
9427042.208528394 9687106.009248747 170
487225.81828755996 1592757.8143781573 230
2314475.7292893636 8512130.639371077 205
5975267.9938957235 3083919.0865038 149
7463451.044740816 7946500.188619334 169
9159262.103287091 3449915.0765335253 99
1614981.4837813226 7214912.353626408 99
173482.78862869827 3278331.6446703393 87
1416575.0927384302 6963666.607429224 76
8352262.681443314 4379332.638955571 358
3488775.743079977 233518.01601890876 30
4921075.275491415 2074568.0328906956 46
6089884.589871604 162339.26691286094 21
6578179.154371895 7233165.687254855 244
3245573.6495462973 7731750.085631413 179
2665162.296761596 1522702.8050149328 208
9242443.490875429 5794599.141114254 30
8658090.898694474 3859581.783516961 157
3576730.364069751 5875552.358716256 169
3456464.289282457 3218695.7458120757 269
805742.7224034497 957060.4634068869 123
4228190.255007882 8889908.86618626 137
8919760.125654755 52124.79166696982 92
7272188.222537983 4680185.826144913 58
8822205.856083512 9879740.259245688 126
5063614.165352314 8356921.679492719 130
7826944.428318319 7762306.800022581 70
1643364.5111694718 8893456.13666805 66
5135962.058470705 8814013.351014445 208
2417312.9544515447 5739287.44914051 88
8426571.897093274 8882236.851729576 122
5551203.342462739 5420636.113329437 51
8562516.8309135 9203439.744040873 267
4427113.876203095 1366808.0418737237 113
1455820.2086941486 1446560.6192609726 186
663899.4441436607 3553672.387840012 129
4345412.541582287 5432298.801297861 69
4281727.431585192 34783.92725276169 344
7538148.644799066 2811129.5106909364 338
5901749.840367039 9064124.276618408 261
9917167.699880058 1677414.2001292568 141
3423224.464550473 2347801.46676553 42
7539878.010511978 1650809.0112173834 16
3768801.790394425 8520724.043190371 42
9729515.702147342 3079842.508579137 134
8812682.94201613 769111.9069357621 108
3154788.8991001695 3871573.3683081 63
7071470.860118934 4075667.2154625994 354
9361688.967480337 4394835.914059543 46
2836873.102073956 1449555.5252732905 7
626304.9787664921 5279495.809876251 113
408195.2309821224 5552462.5682608215 72
264456.20012469083 5249691.931283676 244
2136077.061779702 4648324.179707778 94
198048.0316554445 484970.4427513213 163
1153867.3501618656 3237658.562079445 43
7986765.005611007 3740720.4333454324 281
3127159.2042266205 1860261.4736598711 272
7591579.533104718 8515435.123786112 304
1940144.7668944015 9836999.184071418 139
2641909.049977544 2438294.0103652473 220
5452820.050973757 7251659.164247001 88
356089.9972816878 3019381.378903432 317
1423900.4548599422 173071.5418108797 193
7737166.314267384 9409178.327917019 16
579212.3636418633 388131.9440028119 227
9944713.083313154 6267695.126854477 30
2437085.7083828636 8237461.474907386 72
5119996.1632194705 9255830.970244141 66
9178436.664680794 1447821.9360066468 248
2426561.064737265 6142879.828499161 232
2485161.534375624 7665649.989871557 256
8022532.6399992695 1207392.217114064 136
5266962.162507138 3818132.649486694 190
7075722.5206656335 870470.5608213415 345
9599527.180149797 8869197.052862786 319
8398278.90227296 7485039.873711449 227
4967389.658793794 9761919.310079662 304
3341558.813301059 9620088.228025483 327
1676716.9960429075 6927121.990727386 223
3856767.738442902 1100556.4928622502 149
7678756.1661502365 757881.247951111 187
6726639.57701818 7511890.537978707 149
2166818.8175865756 9384527.830010263 218
390390.4898207 9437212.68039326 50
6151669.308472861 6275834.621494255 267
6422796.69435512 8174777.849736538 306
3366955.824707528 6189779.251177957 180
3302398.212171558 1331323.391553737 107
5937885.292152272 6811164.939506258 253
1336802.3130224338 7642785.561493331 305
3915834.3495548307 7446029.530011473 164
978224.7271814104 5777533.508136812 321
7263900.365485165 5145803.089501612 266
279854.7383008565 9817945.694191132 166
4133880.288513263 8153819.701817701 261
7956997.778263168 8489466.959088044 164
5447536.919381903 5389635.452973257 7
767571.8200706095 3654760.1612790446 266
3404320.6850989084 9638823.472997844 230
6997319.973337034 5065176.2197710285 284
4574310.682981998 2832084.6535863797 154
7079145.1867353665 3098857.1153029976 70
7905515.31510789 5075445.612035751 51
6842526.526194138 3772331.181453943 231
2133263.030081989 8819029.426156348 14
1552352.6667121234 944172.902344792 357
1027338.2657723818 4864617.184938601 58
61273.64504742605 1884843.5785097252 143
2740533.627141445 7850094.78998675 94
1270737.4968141282 7276058.632764566 275
8439236.784831412 334453.1416446983 110
4256452.2025265405 1416721.2275684315 94
238631.1456024992 3987366.525649956 116
6194710.291355619 919855.849745147 231
6842097.016774617 8571530.734345507 259
9994014.820113525 295321.92539237224 291
444497.13963693794 2361439.3763293605 79
270277.9237829733 2908513.9592099697 5
4060409.6137602474 6284558.093816789 123
1936760.7558531186 6198682.922188964 121
2845475.5259981966 7031567.221375054 5
5701777.277905824 6305052.88303644 159
3553887.724310483 3153873.170177238 315
6071533.247593694 5801240.429633458 340
5835080.79738875 7323943.586818148 71
7074641.727517914 3317088.633689159 264
5500657.798820255 942220.113420985 356
8450145.72202346 6489645.713571896 278
6277585.605942376 7510692.412789817 138
5559144.811512878 8815848.087958472 294
5724607.8737878725 4339924.623329259 240
3738397.7552072513 8843542.108692119 321
13960.720787851154 711247.4207118946 26
3346757.5607980085 9470629.496834291 346
1493119.768496123 8350915.024485293 138
7612618.730179399 7912565.272132119 28
6159143.426517911 2501878.549949801 256
3281973.6292371936 7054356.303408336 257
2025443.0770699906 363336.306884483 2
7284195.471096685 8097285.507052893 79
9731445.783172302 1297675.3620039306 201
936438.4296587636 8159299.082527057 213
3404714.3162171347 7347473.20962478 43
2375420.9415045003 7559577.774631712 32
4632546.515293855 3180937.435080006 299
5634996.298283435 3708162.73176406 279
952407.1918566646 5082276.119388049 358
7050911.751547291 983625.5315365916 2
191145.76293192132 4323860.897470667 264
998541.137314034 5593608.241807703 78
5917838.658454274 2722352.1601635804 296
9234641.306896864 8696948.347219903 221
5211289.960203362 7753115.294118608 97
4349859.085963985 3920042.3474264876 234
8533169.536772715 4678288.467184637 30
1139445.86749405 9303282.652370313 190
4078833.118367996 8658569.58969794 243
3248661.1239658557 1806658.2764301896 327
2783332.5989939906 5167148.66138537 211
5708338.08029882 8859106.582317116 33
8446508.424685875 9967409.41172609 204
6147420.968006541 3591077.0104879974 103
6370729.076866297 7670651.030554153 230
8089546.544826101 9351680.426775508 30
3580897.330807007 2762653.7290140227 134
2114051.8692719955 4870707.267536894 208
6372205.585032507 3369897.8075572373 61
7564096.104383705 6710722.955603741 238
4053931.7322023716 6068341.094313862 156
8244557.195976251 6839742.119259243 94
8332420.41798655 635336.0130313956 252
5624126.393662752 8413905.02397427 136
2526435.303832092 461276.1633736773 233
2097808.1020092075 5676195.423871939 295
5988415.1477084225 2078062.038436137 318
4984687.718175901 2771371.295003392 50
351247.6024611011 3894957.9531627186 169
9300423.23609392 84602.56695859924 237
9464264.28216352 8078069.055597993 126
6560115.646454383 8612590.158204606 350
9877475.487212945 9660221.684930846 19
1523445.2602353555 6921729.702776438 269
8968587.756923586 5065676.5080720475 84
5399711.986193321 949233.1816072952 34
9036083.316726863 9137777.681781424 318
1921630.2504957495 5051878.424770926 286
5932170.646742731 6111069.622464311 356
2244302.422936272 4276781.985555192 2
2532959.120880317 9903372.16596414 327
5479439.738578789 8944717.881363537 165
3451811.956515446 6146497.2211302845 156
4704152.319468989 1431373.5459397114 215
7138591.056513312 1234897.9146119955 205
3673268.382620578 3589124.726502976 9
7489033.544510028 8592791.26292633 159
920297.5585662521 9982298.52675278 35
8756364.623649094 9508155.778241351 92
7004445.571850002 5783168.645127148 3
3162069.8723516795 5886188.534186936 123
7220330.730445538 1714297.7993833176 119
5100727.654767005 2085477.5883767628 246
4550156.298875946 8812985.04654958 74
3930619.862834972 4485732.845757522 47
428855.3072118972 6998180.636120628 318
5844384.944311918 781908.5141985005 193
6347428.794481956 5817465.873331247 112
1405299.7473230122 2353830.951507014 95
5199007.220878995 3020256.926499506 147
2322481.364993617 8207657.82834903 268
8617713.569905417 6220781.270002141 341
95723.97857109172 8017453.885140386 143
6377922.578212231 9095985.253505973 283
9772422.731507555 30366.419028786673 302
23434.491105813748 4204513.848352783 103
3811064.4792969795 1565175.576061061 158
9183943.33238448 6619161.096920766 103
9067295.466697944 7030782.278831632 239
9338681.525111832 6817974.2520169215 42
8194230.678082014 7176780.76425315 189
6841.924822812429 502337.93116581824 94
4674283.543532509 1079733.7059352996 51
4135611.0900483 4006169.5272404184 299
7595679.9631544845 8638186.125781702 200
6765369.458116782 5644542.275612105 69
9395943.32481235 5419093.835426728 204
8140762.306330565 892621.6755320793 249
4942363.998893412 424508.68580473313 121
1413377.8735303238 8034876.324472254 120
3471910.823811335 32729.38471247877 37
9730914.296041312 2782089.5218758467 216
6270282.610043046 1387649.88643446 59
733503.4660613649 5314753.011805007 143
4029137.6373199816 9755985.618026134 354
593848.4014692546 2692135.169607646 308
8012988.888157199 2518823.5167146013 205
5628752.086432912 7647830.360214622 190
1265958.3621706471 2643473.508925109 10
7927086.214249169 9939382.869782032 334
5633464.483093806 4014493.29430576 34
7092554.521033497 1478670.8448135054 344
7895107.026185494 3173146.5085785803 345
1486196.3058520865 3662628.128551322 74
7318729.514318109 6414672.104118344 26
3266872.502367758 3423197.967519227 23
6934200.950326196 4233866.025570043 207
3041793.68034972 3761486.7362829517 248
7531734.137006715 170019.2185766669 124
915723.1111862729 4741877.530796522 128
6056461.96462505 8923457.262864763 312
9761758.33704698 4335257.259236318 331
9768558.746640768 7736634.756457104 62
7962727.9022251 7250483.266146535 147
6397422.885659526 9440417.364831915 339
1869245.685574279 4499055.349747658 133
9138984.119610643 6361313.567184119 152
7163199.5888258 6927251.49041794 347
7134982.065348607 902670.9397709287 26
4166206.439829274 5794721.4629727425 129
1615871.2435053312 3289296.854902467 320
105975.97369861101 7896979.023653065 326
7382774.26473635 3613070.274673533 166
9268123.657351227 9587481.232834252 113
8994636.431404583 4397459.362093415 217
4098725.665693922 8388083.668540228 3
7257777.4607626125 6025814.1093901 358
2840295.8501050677 5756794.776313441 271
1071610.220856738 1066308.0254305822 182
9139455.915342545 9955846.339715198 348
8114238.885152129 8245080.958670665 291
8901942.55811943 6151731.95922706 141
1031483.4933423034 1586721.376463771 289
2082563.8223854615 8651328.28566832 73
2465669.6385484776 5521832.140859718 307
6182725.527275082 9178482.171955371 294
4824689.723432342 8637940.58637454 3
2282336.9174490813 9455592.338868307 259
4963705.161363024 1753302.4814929222 255
4679335.261681224 8085949.242883492 46
5086875.728937797 5933586.911080979 125
7777113.494099842 6307238.760880495 284
6756448.534099813 8234889.825453147 331
2120708.954008872 263330.46356648905 92
8315697.1247941265 5763376.343086648 48
274125.4456887443 8167587.235172489 267
8260846.378414889 474812.6537436692 114
5683434.89636567 1066465.5397984658 122
588687.1302889074 529165.7625461044 89
3137688.0039510825 3256680.90957642 272
9235812.480958108 6165056.323208186 196
5149887.344438477 8913274.875415713 195
2549981.737653878 5709102.01036773 223
1263638.968801376 5267002.642638905 337
8599320.683395628 8587312.680857463 222
6660355.178827494 5966519.798306909 71
5387247.5155920405 1648081.5308073193 304
8302081.804480265 4766331.886204591 168
7099153.145683292 2322500.931780238 206
4583249.872371149 6697649.492474897 190
9189154.019444631 2397131.910761301 37
7137850.043709943 7322085.584715873 95
8436276.27526599 7421901.199560437 331
1551495.0788065952 3199093.550452162 170
5337814.656820047 4177158.4168129526 111
6578392.297028895 3134890.669824838 235
9847096.918486616 1057970.3003625395 233
2718320.613616615 2947497.8057845556 84
542246.083320157 6885586.903532793 148
3279601.24527526 3184117.1458124686 66
7338116.41718417 8582384.32529933 46
6785014.369021352 3563007.2628354826 87
9587969.091540044 4072806.7554997494 321
705489.787049094 6103909.843111501 345
7147297.945663506 873760.3519844839 270
378492.20177351264 9537876.65147158 205
8122281.8538474 3915301.715442724 279
7213426.306266287 6204208.498087387 199
7893694.062888183 6159542.545877277 179
5221742.541079012 9679767.76506328 99
7754530.638130102 427326.48300305434 63
8771239.904868746 3553185.3356671105 249
6842134.178085186 8490522.493649872 76
1266542.5180665958 7961952.616489891 207
5377038.651078228 8811131.72522507 32
4406631.15536238 2666214.5558607886 257
294559.0414751431 6823955.791377286 180
8825101.010331314 7790042.769615907 291
3785197.4148247004 1748065.2571511779 224
5232981.051685701 7702467.609595671 13
5667905.444562796 9373106.76674857 210
1244963.5877957477 9933843.002641052 45
71677.4612883253 7313463.237458117 131
7938096.217229381 5713146.665814502 102
5129814.462346943 2752154.646649947 63
497218.5838458154 8011220.776763097 340
1587221.4527408113 1853010.4997635456 323
7122272.716272914 2513369.6672716443 79
7497259.288420516 8563187.505986322 142
3431275.061980211 5476705.486662084 235
3477161.3896389697 8898213.627922175 251
9100630.772541929 9108840.003963519 282
3318492.8802325 3924070.8214908815 274
525302.7820534117 7779173.105651924 17
9983615.949715545 9705633.972539278 58
4485629.017379186 9384950.81049503 74
2034417.116065863 8247352.445088341 143
1809585.911174446 6343862.527084867 320
1444238.30892069 6009448.255645118 331
156469.60768765485 6999292.101631606 298
3344997.389859331 3791522.750858022 213
7454066.710048691 2518799.5615475667 110
8636893.840114199 3362348.747103455 259
7319698.344940165 2098476.2687430205 35
365729.0407261249 2176401.092073118 250
8146919.260083487 3238782.839917156 240
9556563.124078216 5459459.942839837 113
5423920.005343889 7554729.108010749 123
78814.25766178119 5449420.881571239 16
912587.1872273728 512425.39125091693 81
8058472.0414903015 7488226.278187887 200
8870297.47096271 436667.35807794565 315
3345205.090321035 4505439.565928647 117
5930279.732468551 6552061.985595357 1
8375420.914460138 2522290.1925065313 301
5648351.116961488 6527960.035640821 225
7957297.72235143 3241020.268897723 100
6738482.381275252 3392867.9029498366 276
2719101.228857388 9120020.37179541 166
8685233.596801026 6837758.251897235 201
9367545.233233942 2676340.5717313006 343
1343368.3438484133 7147263.609566394 105
1359269.1267285685 7458079.462722608 117
9030248.264429985 1985048.8710294622 107
173112.93168155383 456513.52372224507 201
2228965.880896865 4810164.204901994 271
4850026.042380996 6992545.462450237 189
1148292.1756527897 284092.1280871633 102
8932124.8491538 7436982.755708661 170
6668357.5818774635 4360902.075175636 263
599459.915719115 5762123.96123373 305
4079669.9701402728 4489598.337642688 190
2428307.051086385 558281.0209171308 118
9618839.840607263 1969665.9323294207 235
7861636.6485298565 451248.58957093727 151
7923486.844022879 8575574.090303456 162
4347232.3525165375 5636303.00359399 266
2132337.3965240065 1222936.81554009 269
8980617.249129765 5839794.566372641 7
1714653.6872969898 7001022.034921761 315
7323265.160435705 1095348.9182512665 217
3244480.0565696685 3221558.159717046 100
7945441.973794429 7847785.021483583 198
6007820.857574054 1135323.1091951032 149
5880378.611742 4510771.768459587 317
2427854.835430353 2580773.5839387025 218
1777151.9419288083 1543611.8601519899 218
4712966.318548292 7118298.702161193 86
9767567.809290098 5466523.412765974 356
1376075.7789216149 5080574.455533951 38
4329128.472875733 3294872.797664682 302
3237351.380142225 2189185.327410349 252
940996.2140707828 6245055.980255619 314
9175564.540582495 3865104.2309223204 6
429709.7044125997 153500.07317973423 308
5346917.343679521 799747.9369458915 196
9935366.08588331 3548240.714934573 211
2287947.710154663 4234667.588824086 345
996181.6989990945 305005.23480331054 352
36629.53698836513 7323601.528518316 49
2466250.712679522 1816902.964577274 50
6908561.579961712 3173070.1975348694 242
1992330.990613317 8908661.808900675 213
8958861.315132437 5513222.520292696 360
7217092.960978484 5046870.52070946 5
6243537.781960074 3366289.583645462 284
2322049.536803227 6806301.497064133 213
7521435.124595265 2116907.849682712 54
5439253.383638719 9314638.913681902 124
5249878.332133882 6238237.198219592 169
9740400.123301074 5178803.754686705 59
1589327.9987347575 5735462.975420604 124
7937065.801694192 1255303.2889786253 135
2278957.412781153 9627002.819265896 156
1488454.1689000097 7547594.325360212 173
6628122.447925272 5699814.355662119 261
4491996.178545296 3938161.9542594827 95
9963083.407088397 3301537.2795962906 68
9363929.633415328 5799760.715520987 249
4716761.877672413 655920.9524259879 75
3105268.8255105033 861813.7847370544 173
9731901.957578532 9886309.969740748 347
8942607.275825605 7210285.73092938 133
2783886.3625335395 1166093.0478634613 146
6687699.725113803 8724709.110526174 163
6109042.9506177055 4407213.479884164 55
4888346.874620693 3870923.411671717 162
5927354.953625357 5453074.148191133 26
6623028.16808053 467808.2458848365 201
8132920.5870310925 814950.7842638759 109
1653269.5170241762 1915641.7407534055 10
449235.95587561204 1542954.9987714675 352
9753342.50927385 6049481.0028610835 323
6520755.165871484 6470584.31894069 278
1044175.7631095239 9575054.401284369 297
3155492.6909986013 1565749.4127443994 25
8711392.104768706 8831656.533900745 14
2543424.496034231 8963123.732527878 251
8009267.604193132 7388047.279071578 356
457033.2218145334 1488651.0275017885 134
7947043.59959654 3553422.3011793485 149
6992436.9059306495 242621.37119491768 46
8781389.790862432 6082666.473609902 147
1363609.9574492343 7621187.04760145 152
9625515.508311959 3975299.655426042 60
1388233.7160043735 7096598.727827787 278
2594298.505517089 2888219.5757801565 67
4135227.0704543325 7060782.085794638 302
1699999.5613920982 2597008.249277676 157
6556680.912952434 8149318.696167763 234
2167494.7866523885 3943469.863576694 288
10013.846193396292 1321164.8187205405 337
6793835.105902107 6673788.839747647 193
9240336.112347962 4401935.407429904 313
7614214.615793215 5232619.394386659 170
4814141.691210524 6587494.245165263 59
7631556.077305188 693972.6095637555 200
2592136.465738558 7742174.35546017 127
9799788.422498444 1558110.628075895 112
4172947.9838585304 2315093.9332420807 48
479194.8562473158 8499744.413312512 30
9196168.328305984 3491638.1645162273 108
6402857.184722891 1209795.3181670606 255
8868273.44462911 8421165.633601764 42
1561992.464773666 8876786.814944135 199
3583958.677456184 5235939.558289839 165
777221.6784053599 8812531.33906611 133
6138018.862806804 6130732.627658187 40
4461647.908410586 9447120.49113777 213
9900948.104444666 2224862.554324699 228
6824436.1819210285 5049227.799900553 16
6281523.338543954 7853375.373645457 292
7797137.424424182 6200596.916731359 21
1161240.8805305741 1475682.350359504 13
7421439.764933701 7836568.8330895845 20
621370.1511786296 1695740.234188019 164
5463521.349962518 675454.9488199691 291
1129958.7265889754 4264126.5885901535 140
1593499.8110616172 9284772.57523653 128
9669071.490122661 9983662.571754694 156
3730063.1473447555 9933020.060225755 185
2117330.227580888 7885409.846954895 125
7900733.705483153 9913912.258406375 248
9126054.035867225 5058348.370196936 255
874283.2166107384 8940528.23250537 237
4854244.960099276 1135239.3430884923 353
6753063.765416809 2011615.9811756695 27
1908295.1355132428 6800283.644521182 130
1842484.3629225118 8126385.97555462 108
8064713.763755944 4930860.14907009 337
1583236.814901088 9844521.801850913 200
1440947.7302433872 7383567.066944543 36
3341463.5915228063 785796.2025880461 168
1078549.027340644 6022854.600043048 197
6573441.200068777 6989180.291057483 204
2822141.8036355395 8203251.25210507 104
3711175.3325314955 1618231.2701306655 138
5257560.859787172 3355974.0934613748 178
2695202.8556463225 9178802.604589116 339
2773573.6695322054 2321010.8813519883 176
836650.7356193853 7098128.774601415 66
3302158.0905813384 3697071.7320635905 343
9699271.767628545 5518079.049095803 276
6864117.091389848 1538334.6062612468 227
6550571.38167526 4873299.07537556 213
5053177.502785313 6379355.9356843885 247
8190305.588888251 9397379.574828941 109
7088437.682581455 6340454.560301134 210
6708695.42835132 2652999.297122267 129
13243.930165200978 9893357.240966298 282
2236344.1242831172 2954451.8230980756 99
2203621.9557455736 4721647.420845733 244
5138291.3806729 7858988.238649831 291
6612694.9934589295 9444321.341932613 94
5065.90783424854 9503059.086420374 180
7220666.122964066 7275691.231534293 240
6778443.097598285 9246889.756709304 235
820075.4928094755 3063459.9509995976 212
5680649.983813619 7764783.697964731 59
6288851.883216342 8140965.769639549 357
3070502.7308891085 8896473.56947881 145
2301113.621989708 1696293.09935297 317
7530553.72592939 378064.60028752545 251
7509856.088005114 2081816.1950142079 39
9474887.400434764 9612182.329917712 324
4666527.643557715 7809182.524504534 42
2153318.4354279535 6697856.302838611 355
316023.34025080944 8725714.010985987 205
9587441.9047555 6138209.777382534 332
1638917.683515889 2035104.4051446 203
9138840.73387345 4921058.31263071 244
6904900.146258606 7114690.361701168 94
3191633.843388025 555118.0175486903 205
2127950.38428091 2969374.0782107515 307
9036044.500900188 4768093.604674152 294
8838009.667145716 3040391.074053073 337
8328001.693599314 7279249.176664446 76
4490092.1911938 1698934.0295505873 180
9272916.819256458 690919.0663936782 155
9765126.7700278 3628356.1931274487 285
8570223.226569844 557229.4261771371 235
6504552.425132488 1785333.9997838114 110
7369637.632702538 7934015.323969977 334
6875844.025536371 7545574.876457402 44
9808147.399076471 5457650.327544934 104
9368414.342797957 7485053.615566196 313
9654218.349741062 6298837.868364063 246
9971731.039641181 8769064.991503723 265
353645.49977984437 4831773.98826134 104
65675.28541269408 541750.7432095481 174
7164366.407539391 9320252.738660863 16
7167973.893372026 6843131.295476524 356
5008336.612541538 3892422.3052227693 167
4305987.514545122 5887795.983754831 230
8007260.180882793 6683640.168693811 296
3384303.8618265 6814186.261087988 263
5181433.42123214 5765971.487839089 11
9091169.426905027 8632581.398771914 153
9014507.5529929 3979609.3568857405 348
6945876.909867268 3622272.422916312 127
2561479.0635476136 2652364.4042956918 222
7284986.641685793 8670206.392935077 20
8449218.69701292 2447477.1822436014 84
8568776.146857409 3527044.154913176 15
1424634.8625052108 2892675.3983283406 262
8026266.286264727 7295117.486162261 293
6005514.963301724 9805978.633795988 247
1599237.5427603666 5299759.919412461 154
9873555.566299034 8348433.457013534 172
1533744.3658356597 1826835.728160291 332
6286336.743018466 8211089.2658608295 345
1678208.7765487141 7684314.361968695 194
5698076.33055119 3636627.609271774 161
1930595.704023017 5829957.500590653 64
6253057.494929591 168015.1700332333 321
6604793.717124823 6779445.49516849 74
8572976.389242148 9510528.908008168 353
6513717.531815874 6071585.920503762 346
1537827.066511809 93538.60890893184 243
2897742.1947310823 77257.26961572365 258
6489074.86872288 628937.1850983138 246
1116836.295173388 1998721.6690142483 229
9826195.935628835 758115.3932903184 66
4368415.549410263 9843758.4178064 344
8172660.768245175 4341189.581595419 322
3632206.9342684783 2735711.3608860197 300
3533982.233399593 983820.6427714258 97
1884662.3478298353 782060.1671640103 195
4072374.0271801334 4278328.753527879 228
9634935.891043888 4382826.832425118 303
4870298.161732268 5972047.7389269555 331
7877833.1165933665 2709900.3245585575 316
3453886.842412982 6822720.1954612285 307
4877885.624086695 9697173.859625114 331
4664405.997224283 2432642.332731607 23
7669174.619925352 359704.3249870291 246
2888021.8017686745 847307.0375615987 256
4190461.448373285 9844930.72000423 158
3983129.2664654427 744521.6252760655 21
8926220.821811022 1179951.567235693 198
4573339.181031451 6364915.486517002 132
9903971.858606094 6671933.156799586 61
3019575.197910036 1942027.9057717337 232
7496195.972119498 2190222.2495537126 254
180165.99569214086 903328.2740030213 130
5474363.161348611 2320178.7413263395 30
1106578.983284251 4786857.690343389 83
9421890.007747661 4201978.48523373 103
8165583.934801744 2104639.8153153635 300
2985198.6397255305 5743949.772882726 304
839909.8218600876 1422738.777343695 201
9296032.128625063 4872264.716160286 351
3771176.490816208 9708772.475937435 112
6968803.150682326 3654079.502390046 74
2894410.9423687835 3483778.306324968 236
4690626.395610985 3078938.103350147 252
462975.890843198 225023.4067244472 190
3235131.116197547 9663023.968525292 115
1775621.5543435938 7280761.3566176575 171
7968606.548079269 5703083.384116426 274
6709540.0934358025 6120680.229030052 43
6285600.67092893 5909223.774454343 76
7574890.452064754 3875249.8700227533 86
14224.7857160549 2375300.395257025 151
3440560.985297139 5032352.526693477 180
8236052.103413609 378021.0159580033 224
5417489.483418076 5047772.093600855 10
833076.0455388686 1793354.852170901 13
8075027.647212509 9251439.527535612 356
3077770.6378685264 1184592.035391797 286
5481503.814522818 1686381.7252696655 240
4949771.176919641 1640811.8806275818 64
8543016.972519971 6511686.691404969 57
7846941.754239781 385181.0961144841 137
1370447.3994293064 9853278.888043625 26
8751195.542215925 6500959.265111388 278
956628.3809196941 2504852.1091737063 222
9204398.117499568 1140825.784983508 326
966459.6348232335 1249710.433729625 182
4141620.007960618 8154282.8106655255 3
3385761.3471373226 9777406.245109567 138
3199633.054127792 9441683.443722982 156
3080930.220614091 3423597.2410899084 87
8246533.04436828 4021785.2447408563 158
9034696.242522707 9580019.357600275 56
3213146.8829085296 332611.7726549804 353
5511727.752041769 4616598.368271946 294
1180281.0198110947 1018903.7916197364 233
617138.1202090476 4306390.398145734 30
4313371.802648922 4884680.880032365 150
5962198.970531216 6060137.545128726 76
1509605.0761102175 2225148.465994704 224
2313402.213865422 8906490.5811669 281
4200574.694695485 3462537.9492349415 46
6816576.30578621 707486.5816726628 260
9902844.515445495 6910324.7754685925 71
7954047.010331804 364717.7157586035 40
5686584.57643488 7663665.31319295 80
186856.59488874572 2974093.786511929 305
9828227.440944238 895814.7732630195 296
7783968.538105142 9100225.121008435 150
5126661.44889875 3950941.6485233186 105
5861604.06968754 9922558.427683428 103
535604.5379429597 8139069.587309998 216
8458456.34598733 4350173.486390742 22
1699709.2475659547 4076899.1019674996 274
3912280.2574725733 3113128.544140368 174
799740.2021502209 5905714.013119024 170
8743585.878014363 5494103.624516758 282
8686155.110239903 9207866.179352306 277
9739030.804403616 3621823.224711812 187
3772874.3285156772 3317537.5357962367 228
5505474.227758564 9077931.661432412 148
3381728.0932971095 8027396.267675614 310
4116549.3624921623 2599997.072639214 155
2229527.4999542325 4233598.40753404 284
1118819.482351897 1664120.4916212305 89
7676338.998538763 4604946.297971519 307
9348098.00410724 7767443.7826008955 18
9501021.650717307 757572.5688309543 228
5597353.316481688 3851323.7955594794 111
8471031.132606806 3473244.589445269 129
7900191.149914478 9590592.79831336 280
7684786.550942674 5422885.313401961 319
3132699.1567607434 7191726.982701847 136
9937596.983618623 8371442.269773121 23
4826450.163274454 1322516.4100828958 352
3712964.4967117547 8164676.234527258 63
9376221.65237906 1386831.4889823962 121
6719215.906704671 5904511.337241809 126
9755602.41517223 3373723.6138532413 202
6684043.566677015 8075457.010586568 247
8206718.00260261 4201446.245731223 46
7182569.320067508 7860557.706391415 213
8711597.39762472 9795920.548920594 212
1944861.1012391336 7027081.967396708 3
4219086.40095419 9565329.094526073 84
9877399.318274237 2862132.1339492067 146
5073903.870700858 1883921.2931671145 39
490375.7320594848 9884555.68760076 161
4091290.8019787096 6368540.03203537 268
6063428.157372919 2211269.1032215315 15
8167005.332033951 9492892.710605452 161
8668310.938124985 4702899.0285450015 48
3759499.3667092924 2570115.9923596275 310
4404811.309896644 9274071.864240147 28
7910337.834656704 3016578.6687355377 172
5487002.964843884 4864808.315505787 248
1052480.7147387615 4990019.977906778 316
8468105.29261642 9700905.369037982 142
1455252.8738427616 3900135.993773347 45
4705140.442608864 3425438.4324133745 104
7736639.263551257 4822762.23341596 246
8922287.684493905 6369499.746519314 95
6398950.650171961 620177.225762123 188
1283506.0338730097 6221474.433036065 5
4819678.204742013 7070476.308885351 198
3512985.701912671 193182.5798405673 201
1430548.6409398583 7891825.06728078 105
1680900.6017285099 244215.96339088358 321
1891053.9880200606 7534896.317661525 174
2243552.4400646766 6141568.284478544 317
9934750.31907216 3213526.2451627036 163
2996245.9194302727 280877.0028805607 349
10198.731131106919 7073548.9377981005 209
987537.4601643605 7838994.828207573 236
1004884.2975266093 8572831.428713089 178
9562291.909292825 8622021.158414228 251
1537890.986485161 9785653.781809587 113
3148013.6026870366 7763471.857936818 186
512663.44492798875 1574046.1969295894 226
0
