1000
2279450.5348255425 269204.3606971173 311
1130935.038819857 2972265.9801896946 243
6255249.230865578 9325006.603302652 65
3649480.2441309625 1825581.5777561113 335
9382021.697520198 1742345.098325765 6
8820860.836196003 6477188.268914671 320
96806.84266608064 8120957.973785017 145
9793243.800615232 7382377.999890219 222
6892725.270463630158520867335 7034864.879258102128009392473 230
1638420.6935516954 7170595.082006922 293
9230173.334689515019520675720 6313085.131045425975682855998 309
1175095.480709566 3344725.191269292 24
5393162.951373059 877990.0320866086 327
3181604.2531534783 4708605.062290763 78
5348891.072845911 970618.1346879039 122
8504630.303381508 2477715.47008799 292
8487088.630997350867642185651 7820799.196485473785370705721 162
4907753.556068702 2491761.2639588914 161
6482681.517630652 8451156.566405911 246
8387088.988359403 5606043.043287148 28
9311808.632680032671211959480 4875946.930134358589470976801 0
9338751.191711258 6557225.8275283445 93
9151844.31967838 6936286.839695223 167
1459252.5276640567 3112130.5914694774 294
6724851.308711365944819482490 6340044.175468358923248552341 2
7029538.0821005115 5094331.345466099 286
3545097.1610277924 8481732.301397543 14
5714970.492444371 5972347.371343394 291
8589907.259909577024985412556 7604832.292785535970085618342 97
1633369.664736265 4763321.229275538 179
6728014.112164358 5888720.534781524 342
5563972.402278386 6830591.164865482 273
8788823.16088996 6288976.687322913 87
9974772.905503644 3541607.0733166947 13
5751251.551588297 5417871.697741299 249
2830568.2976103188 8451439.191015169 185
8195187.048288871564177086605 9808512.445851821611080969007 50
7915779.426497427 5821494.064300699 117
7956417.508728054152554886240 7958541.198956110673156262320 295
8016274.206700124895219655941 5822982.408596118826508054243 195
7611212.934284059 7636217.157178638 105
8032381.691889195412037984614 4346424.785565203953160611607 136
954572.1795326656 6421665.151697383 248
5948553.075218372 5234277.70763998 74
5246153.362414675 5753950.566484173 133
9054152.81873364 663730.1735574064 101
9891874.886112763762688939344 10000000 304
5450491.026431023 3666843.443796397 268
8959775.31347357 3484179.1482872143 164
715270.3208176082 2580574.604220002 331
3866107.728155904 6946168.0196449 315
2537994.412928354 4638398.0056518195 119
7285354.662174651090604102308 6183100.643683133609190958360 146
8434113.26740511 5570151.205851025 181
9692009.263969563 2521378.6996097253 318
3461489.28370706 4612599.109162643 33
7727233.298138118902688209786 8095304.370554158127660555675 167
9639401.255465078112515650683 4768368.882883226099185676660 312
8644610.17237725 5473374.072324203 130
441600.13679380383 2558400.117863473 340
2749781.0021021897 1477657.929184979 107
931773.7095021916 5285043.516858726 101
9743582.506345924007689374605 6799657.075961094648234229683 147
5689914.075397523 9682732.315495383 254
2075269.7143580755 1347824.2783252758 224
8077715.451428912 4597479.914432932 352
8927610.04009008 7820858.763123765 72
8234697.114526466862859813679 6074249.221172889227099304241 229
8358050.578458421348335930960 10000000 233
4625660.562435192 3048382.91616232 92
2174142.54510782 4029886.879664006 285
8514408.225281915 1269685.7927029282 67
9898787.731830215 7635021.664135781 166
6747296.546402046 9064525.091834234 298
9887167.76530024 8528650.358712003 85
8810206.391144175 4898132.859235362 122
8299357.849807323 3230138.7652163096 228
7129429.744432587 8822069.888380885 22
360389.8809152739 786393.5334675364 196
719331.0235248251 961206.3552277162 140
9162075.940768441 1104355.612095408 212
9583980.604159504 3416591.1038655406 117
9223994.08367489 86763.92890121342 295
1578658.8204174913 625798.648015482 38
7572651.017521344775242684582 4790381.537236723430874558803 318
7771663.170955004 1189169.389350716 46
2181133.704841148 2104431.14225615 287
9266615.668545568 9583567.971708 148
8853910.894282298 1205582.380235356 255
1868102.6261265343 609271.5054443032 325
7700860.882316266531831040512 8367517.292328138778510086172 302
8464696.848925995382792599570 9203183.522693247699558965227 114
7052951.026626718 1853561.2107673183 244
10000000 4366978.287050896403801492622 270
3048236.289815571 1879118.1323631224 63
701046.8787621548 553199.3480963515 274
7222757.530308151 6789135.908210456 131
8703177.004588291 2444913.8512634817 151
1487866.2389305397 9287411.2711569 21
8055916.908729943989440905243 8887946.410500191548876642462 43
2795796.2051891163 1012807.8420444875 313
7917078.728318387 2538860.917590131 236
1495571.5151660554 6331837.933757784 218
4379511.075310753 4185267.0390920253 249
8882311.100159826 5083353.694343572 296
2411950.5921475957 1859961.640110963 68
4459857.066021624 9881172.12308813 278
988857.3701287295 7168010.591431453 125
9193616.837727629 953886.0092635715 178
490637.21883941593 4728748.245272007 341
481067.5992168523 3550365.740075707 129
6664085.61522014 2104768.4748407747 320
6038284.335305528 9680391.53396559 70
1823440.4727833532 1101772.2999542644 56
5382766.013473036 6238465.960858044 340
843849.4186776169 4821597.111305992 157
1624200.8614964199 4365124.598174749 82
3337852.5969800986 8000098.686103424 289
9004296.711170513 8657316.80204063 37
1005622.3836959632 2979722.36977343 17
8470415.079106505508472122774 6523831.353057747670075536634 180
7247142.106464694 7884034.340295558 272
3284723.7947049835 2604157.254385844 70
3025568.214155411 7494332.324826749 167
1595911.6479832425 7899322.6546594715 240
6570890.501836174 8732647.73701704 302
9609714.787207034393978985286 5130340.820096872905029450797 1
4809556.69834992 7263909.48897593 119
8910598.87743783 9025417.446008667 198
9821479.100992475 7401013.848566036 305
3759505.7658295296 1343930.6987636955 228
7219108.588487784 2140749.1325302706 150
6861186.0998313725 4897961.478585486 143
1791792.8846316633 7360253.452107695 179
4806479.443380097 3102286.0430524414 23
7220563.727959780955113040023 6436400.908765272095414950788 191
8969390.846055716472701721629 6517874.355998327685447724619 20
3196728.723394279 4083312.746981205 345
7020853.039969356 2961064.581914722 237
7909415.105962507 1070392.3186903864 312
4159798.0887937834 7704384.99056827 64
6660227.200290325 9050888.584346108 189
4990564.4663350135 3215822.9961481877 59
8956705.931328726238568152386 5456567.234906916064320984152 246
8457695.972488300877771029685 7784502.286069642171398500769 51
39773.035643326795 8329043.572583901 353
8068479.102643616 2667450.8399291397 197
5637433.025051533266249432347 8407511.617643047030734640403 290
8239252.595532316467041460000 6698060.954380519665335412030 49
1583769.5138977892 539930.3877588136 157
6155230.461093777 981694.0168754662 324
5599125.438130939 2686606.2291604243 289
98683.94644685363 9627956.14824718 329
8915239.916792367 9402383.204120152 191
9349475.13704764 5829428.5719728 220
4999061.883614838 5081228.6071892185 354
9037566.721504297 6026907.306772992 41
4407904.439933636 3290670.5631835954 193
8110081.533682933227514628851 6159256.352198138348251786816 325
7190943.816759164 477047.70305091795 259
8618278.230796832236120678294 5700261.863322176144190031395 134
7188779.414623599561514750447 5822676.913069067469552736806 75
3601858.968792707 6368610.131880331 150
2391657.9287387882 7532620.586114736 258
9040820.358415283 3555854.2254732093 213
7685967.564369395741584869288 6995904.057558265697036285004 243
4338455.050341737 5401116.959395247 221
466470.00897694577 1338773.1850875327 40
4993023.378282297 4104981.389270965 177
622309.6551957785 2211929.4382299716 66
5811877.417251050390402597151 8472605.580596869652475465237 237
8965832.325321239168952616348 5766896.535452130200602859688 59
7414050.881829276 7316201.919216452 190
1903128.9365320236 9806662.722502464 301
8709178.333847888 8293361.948210753 43
1179789.2179162428 3580034.828316899 100
5945027.306586618 6005131.01865184 127
479148.89620189747 2670476.690419481 297
7750067.578685404182153596660 6549668.795808799692852333321 285
3853823.378974167 3110198.48088839 18
1293901.4956425421 4993942.111312568 322
2528644.5093540954 1717827.7226035243 46
337717.9502603778 9913279.19377082 20
1093558.704888552 1054062.4144859344 324
9566364.38233891 8679316.482592048 2
9755984.118717816 2592216.523743739 351
7775029.872888937521943975304 4869513.507196357514207435507 85
8079773.073554965113663590125 6569016.426392058068655996502 294
7555782.236888922 1384354.9897465957 332
4719311.959457826 5140930.876172549 284
3592946.2320560315 3164725.3415717958 1
7020851.013096682 3611235.8930203193 135
6732486.712494434 5216450.793217071 276
3714280.949288412 4552226.428878387 95
5506168.036123077 7618361.095116778 174
1890290.5777674383 2691823.384883804 9
3971538.3725886666 122814.3601865106 323
8708378.311221305 1347137.822682295 120
7703741.027710711307083684654 6574301.059898390169166080556 332
5025021.1976452 6550290.825425885 269
3596001.329629357 5196044.044297701 64
7029524.015881914 2248811.4140338222 339
7057731.397462428882065966840 6764776.746117219633735487332 227
4731359.415140654 7209472.659529134 320
4709969.345045248 8139889.245476233 201
5774843.145559121 5906243.738332003 357
4149896.2780854674 329826.5182714033 246
8948799.79628598 3386373.6816152944 283
8308049.650815327 8508174.264169594 68
8091961.9459422985 4592534.733342658 312
2706461.9349162346 9121803.983312434 60
9016756.667720801310521628678 4499659.718790473263030480338 179
3244825.399688516 9146170.564144209 23
8935827.073529470955246209197 5427829.952511932537012342709 54
9787893.238378052 1627011.4614189302 261
7417164.052123458944499599030 4931769.137763942002571788871 287
8267410.851695003783783521641 6614214.658340245662073828109 336
6415251.9628713755 9020054.725982035 338
2288253.348934829 1213000.1499678877 15
4861761.922444604 5871809.1820616 45
1557218.204897396 347604.85917568195 59
5711004.645533917 6746400.034887799 68
9317772.863286763 4534176.100708272 339
7180026.690327415 5515871.572588645 143
8598034.031152856 7953113.843614988 191
8071031.726772263 7868778.27844767 126
9825585.984407075 1435758.978560875 227
4089031.233452447 1258830.6909059521 316
8028630.208401008 7853087.8583926875 48
4305785.4803921 2413631.501868798 143
7780586.414923112817545389133 4669997.134126336576883084340 58
802446.6041862488 9772791.062380532 196
218637.0237356039 2835912.1055218494 245
10000000 5067083.013641812246667076850 90
338042.8608667274 7957690.358942668 297
8184124.334635807 8025294.297607967 71
2729575.9156797007 3072827.9407036975 262
2076564.8517591483 6287291.350312454 301
3740526.2885927004 7089841.755845087 261
2208463.126551513 5681110.201318949 231
7523514.379401484 2668716.879492843 287
7472609.043916363573870808322 6464398.063556605051207520602 167
1350158.6552890697 6097449.676067326 189
8169128.967529808 7925733.697331302 224
3962672.6407278557 4418066.063812752 218
9691457.998459471 3488925.850286044 25
2817171.202383633 1041742.4179374235 155
7924212.626005973 4956419.2007719735 271
769524.4051734062 3193086.746297027 7
2565055.2165977946 1308318.3361961003 173
5070683.327170989 1340209.8886679027 297
9078952.179359842840614177314 6778495.991276180198135808835 288
1966418.229161807 8370541.997761593 112
1218938.9749157175 1558492.5884489364 230
2005355.9500784269 6391387.031166949 44
1456263.0960893575 503604.98855276714 342
2763602.800144844 3270927.182342467 50
1570801.1174114135 6080170.893431532 49
7242258.705749046 357339.028674023 227
5880833.175413405 1684055.031772761 58
8641231.534526905 4669253.462915 192
3756537.500247926 6487626.46238005 104
9096301.662823463 7685643.473529872 151
8403234.463175196 3696896.2934637107 353
704895.8990268849 7771590.125279579 145
1083514.0615983861 4856031.5516956225 295
4863633.845068022 192591.05144828313 55
856259.1127294827 3169977.236672109 121
3311729.0872795326 9491108.412810326 274
7010770.900609984637765445600 8082798.472886678106556846290 1
4585559.031152728 5389152.684086896 197
1702977.4241435148 2476455.4686386697 307
6846212.122460167954663542595 6979432.668022109864709665347 74
8250515.332454498120319874295 7897666.520784834184706498143 236
7161693.169865908 6704799.029330674 196
1986574.2725820735 6712740.880349191 139
8567200.037326650375926601887 5753154.881034208973993858251 136
2452973.2557782447 110078.37210940785 359
1339520.1295081382 4398767.580901168 167
9245558.176941011586447854644 4378003.798359706695067362865 152
383137.4856190706 2906629.8660660693 85
6960613.911030409 4354774.182240164 94
8700528.193486145 7321149.472010566 60
2863350.651830626 4842537.221724314 335
9835403.789934790758062142883 4353405.550718785165456018624 95
2591971.451370599 4252430.870303406 70
9610869.236764757 8989605.058444716 4
6667862.065257254577833107847 6054884.816212515913081763203 62
5937288.005755714 7905595.9237471325 338
6665677.721647973 4978613.689732073 150
8039491.226625420559804400239 7420192.606442987940291536465 265
7655623.577180396 5966056.867634733 248
3325344.9341301853 532960.4421925427 14
6016404.483096226 9067546.027886841 71
6003798.667422685 4114679.142225428 199
9198458.733552873521050515348 5368135.417504806291388553351 286
5014623.513110441 1359214.7651411989 266
8236771.1319598425 9106431.822480816 9
7832078.695760954732083338467 6659418.403558959030034544528 164
6204384.789893385 7535893.18722109 88
2416767.8264806657 5973049.753492621 340
6255228.903000088 1014878.3404336481 358
8177801.963707650452069703915 6848320.855815007339809072454 13
6265559.8427054575 276380.12879439787 333
1627861.470452111 7397789.79317917 276
9726135.639036903 8958748.9622483 70
6233414.848205675 5776310.974871985 257
8733401.136142875838658510450 5694880.433050461104338682237 74
6679163.72778958 3669688.727768107 215
1476252.2790290923 7523669.1565891 149
3077004.100674332 6100426.36128665 256
496573.2346810148 8207883.824143737 224
10000000 4753312.460633323360278353320 270
4022324.3935849406 3690589.9194773794 218
8055391.917122201 6623991.334757678 255
8841138.150596984219277135851 6649872.157021027654091840627 236
5833109.121159233 365155.9485498146 133
1220251.446684565 3351477.3703288934 150
9999088.472668925 2842114.622067633 218
6951512.202053769682458616939 6588353.135384829176761319617 331
8046276.312000858291225239261 6776586.689993842152517349981 265
7787605.729387336 6822779.425510663 130
7857008.156342916526124280018 6956416.225480293405799928356 167
2892717.764757734 9230568.534293272 356
6446633.412806029237731204750 8166858.156290355514404310331 334
501996.15940356714 1618978.209717149 73
5990281.943499315 2322949.507671125 251
8001670.186342966 8468575.231794788 40
7016496.718007609668800918344 5469906.911940234544165599915 343
2969151.7546588997 9511048.55444096 182
6177751.28911049 3348820.4294847003 137
410063.8337641382 8401290.237021556 112
5334100.060965273 9135401.311284179 277
541525.9615401669 5412583.605724908 202
7092507.906359149377352228832 6313177.422926121310629891278 248
8650791.404055813740229068328 4769471.956980430111036156243 99
7642852.474286423467562479775 6492703.924066254345468569146 19
1176897.2108502563 9523757.578983132 314
9563408.805608382320323043571 4726616.257110314402367347488 58
2382020.267224051 9999016.293902226 174
7991056.896237675 7095342.67779485 275
6635575.127340329 3672721.2927152743 77
2997125.856152235 5797196.596107427 180
452746.08403111924 4598229.5715429485 282
5645972.897545614 5806110.997587481 199
5757552.191015686 4086038.6302914578 319
9596433.247085981 51598.98778744454 45
2918892.728494474 8559260.574676266 266
8092021.153777240198768909876 7667738.243701809577564241623 249
1121765.0650528055 6782618.148086818 132
8889290.315477845444072136949 7012580.884595100597751694744 126
5572500.968108612 8061051.995037258 153
4042905.773802218 4599629.570548341 24
5954139.450078244126603461804 8100608.730967878604989410816 107
500894.680425078 9121469.302225232 166
7530154.019310313 5500521.821345035 347
9772767.006431062 8986694.111977702 183
7752808.966164369471087973492 6134712.685316737144512687857 202
2274931.8157675825 7042612.103467921 76
5213761.454479311 760050.3141160398 352
9622800.466460899 2336077.460308109 135
4896331.855079785 4803111.784965963 93
5548137.8220708445 5537633.74975434 191
7247412.709360479 9744286.892607626 357
4695042.228315455 9610293.625906097 220
1488382.1710336176 7728818.896727031 239
8341774.160109928 3814952.426708632 26
6695246.30416933 8971199.061611734 77
3991740.199765129 4867989.902117901 20
7025110.343888650169408044655 6146362.602103085326964579938 129
7464746.010484691 4322208.028939905 124
1280252.471400375 1548547.4018939072 225
9697016.836006390500881472565 4457608.140627397287200668533 190
9532000.851156587925413154798 5394687.288968331814993706474 247
1029731.0393834359 2999393.747524385 17
6732491.093458624 4642522.897751102 36
7205468.936369351 369866.74291327957 327
9124317.440474493 3882985.329794031 109
4048543.7906493815 2179444.0368208224 79
6227290.405442079 3044313.2293297593 178
698982.4686370549 1406758.723187126 106
7421674.868146521489853718224 6477200.435422971444921756426 207
3669525.845644832 3742972.879556059 213
5917841.029366392 8059587.827275785 52
8086347.736358469223859588594 6554249.491959367629015127220 177
8927646.939467864 4185281.700329674 254
5588008.545310201 8635795.438865837 160
1149083.4607288346 1272928.2448981095 159
44319.10933113459 4917587.947835885 297
436034.2538343864 8876217.266815001 207
8134841.026828927545827678869 6185817.572083595254040169544 111
7557820.683174751 5826449.717803287 46
3246140.556003615 5983682.873121078 160
7821532.211003073383225490997 5401037.664041622909962018252 72
6987207.412311069 9729969.005156301 340
8332533.392564965251838048836 6805368.236287274126169322140 343
592896.6450097695 8502328.463088874 175
1830614.4458230822 6028173.336128755 278
9321559.198763095 4557507.2304662 124
5734609.228385058 96790.75610923072 25
5735354.449130737326376294671 8138474.716104593968809133574 276
1428614.475683363 3214018.501376793 181
7158761.333626665467562479775 6492703.924066254345468569146 0
672647.2720333798 4135083.0674261665 296
7351179.370454599 5735996.017212872 115
9656160.935823906 8396945.699236076 120
1724746.7096979474 7549130.357700528 186
9625819.515176186 904831.460502703 88
8199974.123433147 1392053.8167018215 240
6670090.725283253 4512901.428624802 69
690052.670417528 6653493.234891035 212
7475443.608600023 6495242.25923952 288
9004926.515772225 4080801.419333813 20
9892068.686353566 8701101.673964849 36
4622224.57463271 4704186.0811561765 248
292285.3954662008 8560813.379171852 98
3910960.925102036 925695.9215832162 131
9175391.017084237508485744931 5539068.935685202568220107810 185
8791370.681879653 7555834.163335421 276
6195674.47195085 5396896.208981298 241
9060517.701734846 1386672.1316040053 219
7411038.135015224006226619311 4705157.655385631321779405019 330
3842786.4985662797 7882118.515364577 262
7270216.589651834 4394022.4013840165 204
1023675.5962563615 6003792.544494056 278
7960879.345963214 2360524.137825759 162
1566822.453760175 2455295.158042138 227
3487149.266390449 2192972.4219809943 147
3804125.517931033 2956081.125891007 256
8229780.064456892 6644897.0198001545 70
8123714.285376729 7724841.053637882 47
7865950.8145511355 9742077.775066786 88
7740194.706582423222091487349 6751199.013444521902115562208 302
3971019.1932774773 2589182.076608887 189
5054636.970136589 9860762.105049875 348
2250549.8313615513 2866412.186566778 238
6386516.803858686 1618756.1330605482 181
3369171.0130672725 4688154.322363248 154
907752.8267490487 8509018.449593138 5
1945198.0503059307 5642193.575377655 184
8062859.831144949 7252837.108181625 265
3712779.445553883 9989418.445245482 28
4188350.1188807804 2603740.8182224873 125
13119.512172580227 3472150.3740544925 211
6423045.549792084 5131248.018330083 346
7898790.712233232154266031084 7690938.130881893162987299404 45
1784170.0794145842 9529706.317991968 124
1820064.8320782552 9724320.51368003 47
1749972.2526713512 6424307.306220215 333
5756484.293072279 5611742.197889689 307
943845.3262049984 7959994.771999211 97
6295628.41597431 5321379.567466049 136
9081447.93133084 2169817.9490573634 23
7647354.940723706891459671867 6514195.118540657379904117071 199
8135436.923294325 1194896.984399979 284
8844008.487747064 6144974.700944431 84
886772.8982718026 6360891.872116604 159
9185182.00560553 7779209.807002726 232
8415299.879644804 3582664.00135144 290
8252632.252838668 8737925.789147986 243
6544520.045585523 4885016.172148873 163
2401365.144812324 6595673.6258071065 229
9588569.655665759 4256781.331127123 40
5594913.183355454 528523.510458595 101
7980837.266372241858163074980 9499421.027549751877169082419 277
7567231.255242422409522728399 6835450.884641048441808303912 220
2094445.4140022427 9839540.278308872 183
8067335.125004455 4086481.911374699 62
6405837.977793181 1583706.370331276 277
10000000 4314231.001991948500209815713 152
5609359.438135249 8578500.220865585 14
1611966.48172666 2574142.108880241 166
5172639.317388407 7973850.688732519 297
518929.62527993135 4796372.909687969 39
4926639.100162719 3775748.7860144177 308
3606502.6709801373 8924453.57704943 56
3736630.720202794 9984902.655351104 64
9757617.407428123944067502863 5242507.971212586218235858164 256
7648505.668714447 3314417.8905741996 125
8371918.853265227 7035708.0178198125 341
1139455.8814360113 574428.6139034338 144
2815140.1305484693 3635614.5911767567 320
8480679.979628814 4185115.20472989 335
5733166.760505269 4447920.710547937 13
1720000.5216897852 4548880.878705089 356
8967758.385211306 8704234.874811755 115
7207938.837603246 1754088.4087545583 181
5568014.340725132 8505717.270641966 122
6926940.505318143739316237654 6980109.057501175182352288434 122
4154337.7375433156 1601252.5724661385 224
8528752.698023146 673580.0140939385 195
6924577.167412513 4263295.899933339 358
8517226.987335699188532173513 9318125.018187408849400793230 20
4336837.18193269 7550458.700952979 328
8779137.788159978 4248884.763225966 309
7773039.724773249326036350659 6750330.446482592325153628433 303
10000000 9841442.973749554066462738000 270
2658070.3788923323 6608487.421832007 185
4099219.82128552 6818295.063391787 242
3663378.0103827594 5112193.653374052 169
1045360.7379162555 2453030.732214682 293
7552282.635166913 1736092.737357301 4
9940873.211352017 2281301.1192672052 260
8498250.035560817852484862520 9969645.392422467007130117485 294
7369156.015831353 5896777.010900374 352
4273265.429140377 7033875.35770899 117
5381266.431830946 7458452.079359499 124
7110683.364196740229704655203 7901753.496434772678661357237 33
5160776.117809081 8611808.614976952 218
4250611.158629626 851333.1996037887 166
4243019.64367535 1775534.1296880678 259
9056848.176090402768717101024 6382545.077298139770487601821 278
7034256.978151997 3529768.2943935236 150
5011004.389186267 1407842.304562512 79
5344691.184262127 2831887.439477656 242
6749262.241981044356137100945 6631395.831275873337618175100 63
9287284.14388107 7593264.465796063 165
9487200.09168256 8263656.260026421 342
8010520.084823424385991981220 6367891.143206356374995075754 71
2054908.962203228 9745159.581523683 350
6516259.41165462 5155032.743120261 249
5983374.802764139893297221458 7420539.830311253290965555037 215
8348800.417905328467087247161 5487200.498329022319223701612 339
2009875.5917523191 8399082.856428815 232
2851171.4623039174 5754562.987544911 333
8717151.857853333 7488810.3114282265 147
6601081.719466814 3594862.9153992827 299
6236145.536454732 2372520.5089284154 171
10000000 4261627.667258053008009776962 156
8572157.312132243 8850767.973787546 80
1887069.2210055694 943844.0968914519 175
5305195.693922929 5840879.451631657 14
9631839.261600466 9792596.580560884 354
7369539.740158752802841061313 8069856.792532093191878486208 174
7838009.019289309383993404783 7286100.761621031839425143863 239
5379518.086208874 5031103.292748043 59
2488928.1610214063 8321135.9611519845 200
4386423.383816329 7141940.088966705 194
3469441.229072724 1287163.7721234874 257
4536021.341446478 147327.38203382056 89
6863128.521484039513537214067 6693947.091758488538693100771 20
3242275.165566566 192210.05149136716 300
1287646.424772424 405041.012816344 230
7603062.105630599472584602013 6227193.126359013729010923128 72
3674540.0125682815 5375399.285558827 81
3386969.0258573005 4303429.391096183 6
4160307.362995954 4290116.17165375 63
6216525.913754288 3202485.915203925 18
204909.23034985896 7557551.793532668 232
4651284.6592314 2120601.0237027328 229
2168063.887342523 6105554.2341588205 71
8075050.039818609 666096.6576974303 55
5539214.373913058 1370032.9834405922 265
294320.4696620238 5323207.100633357 19
8741509.789284818 5791211.488134721 278
4545256.315199159 3684193.0607450637 280
5309180.14044277 3245428.368554456 50
8104324.403989481741658914746 6664160.806165836496557487604 167
3690955.9037531903 647371.8209851354 66
4692147.933402824 3565105.683724402 58
7743008.658418447 4234293.297237989 239
328860.19585640414 6538674.81490983 158
9161644.642145541938858552382 9471439.789031395165861513518 36
6821984.197835808 5075196.598462301 67
3184462.852806077 5926655.656579489 341
3886988.488738574 366873.0438286205 147
9237624.957418424569400858444 5146012.724153029331395997670 100
822809.2948611332 3173905.0270557255 95
4596508.363545928 8721147.357973486 18
6774866.468111357 6285587.448987398 25
9133843.504973985 5049176.508247278 189
7103319.969146966 6151283.863438779 329
4677244.236665761 5537336.580444154 74
3915809.3965064366 1837211.568480267 327
951970.9380015628 7985421.349546324 298
7950340.828688614858325049880 7105779.723722789192117920952 238
5496218.934505786 5234210.579507892 286
1007340.8890838631 5187578.993437662 330
5301518.498245553 9058341.657047467 92
5888850.554445392715408595542 7354353.239094860024434301339 85
9245753.692592479054596314652 8282366.028318785169915722356 125
8851409.223264642 1445384.437095667 51
1754670.4037985816 314159.4244641421 255
6762559.6428234745 4793671.699181413 96
9160581.058420772 9513687.22016704 1
6724516.811312315 2110963.003251516 282
5078056.051374158 4147210.7486390243 18
3303300.7305225693 6571632.583063606 332
873353.9637452337 7686065.491099359 322
5705282.902608983 9627655.382045586 95
2077136.744318464 9385008.084521182 318
1713680.7730206617 277220.8682266464 355
4357799.745317048 7484294.543333378 35
9508982.790240467 5689640.916030583 229
5832109.291042151 3778514.453324504 307
9083756.013847385 9240779.837569801 286
274299.4643425556 3195599.935936354 340
2318467.0529407305 6896829.433324887 78
4585177.860324837 2558048.38355698 15
9311928.111359838762673552835 9607372.572470089237106362758 156
8394070.471384850459825022301 8186217.890033511390782789143 279
9147332.20806419 8701554.069406915 222
7818481.699998852502385111560 5003244.480152728153973409867 252
9202585.214086415 9787155.302573996 332
8822036.25843938 609800.5295278264 81
3806972.1215486494 2188573.537335291 122
8774039.373574032131772871230 5256007.942584213306499744012 157
8341810.140816971 6368062.414043022 330
5491175.545881967 9069641.539101135 181
5157812.902544398 4567531.465062877 151
4305482.36180541 8903875.0420781 1
3152968.587064481 1608185.0025527389 257
9717183.40344077 4277490.6079642195 319
869722.4537378867 7633198.305700757 256
8423070.877224803108725831096 7654276.890378814849505395514 176
7726992.556447233385902426838 8095359.950152861376439499985 275
1871646.6810416642 1299678.7667393829 277
6759066.305999955 2555393.295997037 76
1429032.810463562 9834910.78175058 341
1434648.4510079748 2030902.01352216 8
5905827.14955012 7340096.177746729 65
7950655.693902436 3079952.521329483 320
9671720.181494292 5220480.120165234 293
981480.5025190243 2337182.079975614 342
2883387.838250904 1375130.546013177 201
9304934.005866442 6321015.948567385 117
8722361.050182188507414101018 4343659.236030958311817728695 133
6132656.371554627 7354998.291499263 109
8275475.171970479808344599548 5129741.766030480094525873332 59
1815651.157427135 3786508.362806462 236
7149374.678924313206217315560 5590697.380209668433472234339 70
1526700.5695980075 3518015.453107365 296
5745050.301881561 3837623.95112509 323
3628862.8967974246 8935038.569365883 262
5750811.342536933493608922847 7991412.198907973006802898594 343
4847703.7406883985 3371909.923157537 108
4080938.1519316123 6283209.650112485 19
2421699.8461242556 5816946.900247563 142
9087807.104420225378564156780 5516811.177289692801727425507 116
7562975.571988103 840738.8482189659 334
8371066.099483551 3298249.0341375847 52
9683397.335131709829261756353 4918638.043995356913879527748 318
4333317.306998358 4171988.1715379413 213
2065549.8499511015 7024341.907267211 267
2498121.7986369175 757632.3264081042 120
6730993.483947989 1196865.1139887676 119
1680861.7814416736 8461332.874800172 40
4032364.544898318 9821452.731857056 0
9245182.663872237522639663423 4938217.780624909867093035436 146
6653988.739640061257182953033 6086044.815725079556629642758 294
7298856.553640679145269718835 6394197.500681060492138112454 22
5015065.561454898 5633672.490238576 182
6758605.160546412 2030845.699823457 60
8924406.836526537985336141774 8741296.900282203966715569377 72
9773035.865460012 83517.74083792174 2
8000947.848183458301814711209 5273761.669526086685298202194 236
2422877.5568421977 7795097.973380528 0
5492352.91991551 8194282.334731272 252
5581242.040419747 6450727.261857369 159
8727305.434070313892280475042 9564633.231446402392347169715 234
9209892.216670031463363307924 5892550.517395113667489870156 252
3398609.9352181475 8994692.953172017 89
1919228.6508087541 4155792.381829533 42
9247533.953053225 9432275.109812986 61
9829224.031421768 1659715.5767666139 61
3836479.830865438 3655518.732205436 330
2029854.5994714145 62643.424813653146 227
8720538.448967958 9642509.640789561 71
85557.80607860441 3782840.129772598 241
6715114.371265294 565564.258860941 280
7400284.377212755 2087850.2161447788 25
6859515.810446209 2662042.6293492294 349
36823.22646755054 737118.4970205091 304
6522602.049736353 5605152.53634408 214
3656358.1315169157 2991506.057249115 113
2819478.0295032593 4414556.832753269 19
3592223.5463438425 3557411.798717225 302
2439598.387525174 1476065.0840112143 66
6515383.756571514 8186729.837016561 114
2406822.436397025 8890854.291616179 242
6061867.918171453 4272915.768546457 301
6925315.289777045 5030576.433201916 281
8775483.093800884315795379471 5995701.110225261709068703410 230
4028800.4432134484 4444953.479583174 177
1230557.9029759807 3638568.3828498796 176
6590262.761062569 1091863.4143021167 36
4107898.263411195 2863843.3406292587 307
7399168.275072545 1687510.2388607266 72
5207171.699445547 5036078.069603886 338
9461719.718745148754734261299 4600439.704412546323853522577 16
2039412.3247963104 676900.8096910024 107
9805222.3691805 7469790.1680375915 165
3056504.2575927125 936023.3560234144 272
1215179.0613029934 6301729.560065532 210
3995171.2545804842 2403862.0850985525 314
1129235.9056588786 8958958.534894923 331
7792264.221604389646109575716 7349301.403518237691562655327 16
4247744.670158967 8331096.9946101885 273
3600710.742773313 5222572.9715524735 116
9934834.45518551 8805762.351140369 1
5049890.546093778 9910110.478248196 8
362721.32097222685 884794.1985903252 248
5550089.496172234 1794078.6477087233 334
5460562.184396245 7941622.778161618 42
8365956.274466256792007731447 5468252.571842105341353483251 329
7345387.217125141 2320181.1190494937 112
2845432.0083363648 6316906.044721111 86
2510443.487909214 8331618.512832237 97
7292777.2981976345 9586838.636062235 300
9136109.003990756 6310713.287402476 103
5344596.053316307 8459640.718760638 249
7559258.040123334568920467400 6737648.467702739330706017619 306
4717956.189249101 8589781.068578785 196
6659422.508621876 8919438.353516968 147
7527358.177205515 3349221.1951823304 189
4181569.3265480283 9790178.545197394 255
8712764.675332540746473538925 9487837.622954360853222909874 317
8682008.926994601232743507828 4505502.762339423206640988672 284
3876938.9745211704 8566109.119713811 43
120111.09876334803 2427502.0514284805 76
7299213.367571907 932111.0060145854 0
1263842.5599522362 6401.275187298827 232
8207214.423079592644247930869 6877110.825047119027961494802 196
7203670.93836996 890940.9139846513 149
8834389.454580777811145895333 6648459.683878320884157050106 28
2134252.5114861834 7677038.735416491 74
3309707.093218113 5815294.077027383 202
2575557.7669698014 7925323.341194754 93
3947529.1762719257 5702586.5574967135 321
6564791.658772360736901795117 6714808.837453145085899602534 356
185027.72684214741 9104399.440719696 155
9948377.258757351 3854527.3812273797 186
7124839.8473688625 6796911.609093629 339
6887229.65061917 8860650.069179542 112
7115625.447158502452505208092 7840568.939645681721353364998 42
9961192.435149472 1795097.0417917843 256
952870.9753622733 6894436.94354796 281
2058973.632511636 6756295.506801785 127
6920970.433045687397704731427 6618118.567123907082172807703 40
8665279.511070073 9003692.738258341 130
9495887.795862790592186211764 5807461.399788949090526390950 275
3101553.861662636 2183832.4069910985 149
66348.77209907075 2433044.290952675 257
2167512.690581963 3117250.957746145 167
5524289.9093443 6323636.353757531 222
4731264.140504008 4902163.167896631 102
5295606.272137517 1472224.3625412558 163
210166.3502982498 1387815.0333911455 255
7997380.3936470635 4063987.145693675 196
7912482.435165964209816858751 6251476.796496696015591467293 21
2353025.477673174 4554750.754480708 81
3830931.217774289 874804.5307310671 10
8910170.709278975 9288155.707762506 279
7316730.617811216 4511459.4600638095 98
808901.7681610878 3428017.4113702355 304
5433617.88281774 727186.6399717464 47
3836223.335150667 9734878.480005985 139
5778956.371815136 1765241.4070618683 83
371910.99474416237 4641520.210764163 149
9028276.521971396538852110504 5870821.130728848069365468060 104
9582435.316618010027649924894 4831118.953155401102346802109 29
4410198.517808769 3520761.902376993 318
7633458.534784107 9703335.537455108 183
144655.60649769005 2091402.3334564292 155
5729284.725078644 1110610.2794895978 171
6533518.44742823 2535403.850950122 321
7950171.644477425 3741872.9347841972 359
6062386.118065497 8234014.726025978 193
7507742.120780378252716632994 6367383.325053828091374419662 18
9964839.668297736 9225547.841167359 50
6345647.027108542 6652355.412800997 258
9069601.510610763 1613722.1315422035 65
3856666.8353286404 8167112.740070822 347
551063.8297966486 8629368.022115342 348
7259625.164662577 4720125.201148014 65
345931.2709491391 6009521.782987157 74
8548050.725953448133190712763 6215352.180882601736975023522 334
8841009.47704065 9088480.277083894 293
6029366.532873619 9254374.327569438 86
2199204.0418470935 4725489.45821398 149
3986767.0695440928 9121441.346768787 230
1533228.4094011227 6371510.953995294 285
2612137.570651153 862387.4605875248 12
5317383.760084367 8233330.26734328 34
2835478.685066627 1112576.2245914582 31
8305852.54664764 9596790.918267509 240
7949249.450172037678831990857 5502360.869692266021431107068 227
7704430.425927397 1388339.9618371462 135
1037937.3677975556 52635.98994922347 339
9522052.290135715 3218400.5947339567 59
224677.9805162802 3801832.7706905706 181
9201109.580118647032518251372 4966441.839624896396679834334 22
10000000 5515432.657479906917861591958 90
9980034.345797190929019701032 5281147.872911532348926577369 231
2306782.3917626217 437071.6238408179 216
9340637.971010277 9623548.857079549 201
7525667.090368203 1271582.8119968076 16
7269467.700891828052445987433 6910542.496039893444527638529 16
8413336.869805746 8979348.691989912 302
5697811.451516528 5539273.960431362 200
8301620.750721592 5945098.982479592 329
9269269.593579017 3726149.41559401 149
2841225.541079341 2103002.6491712527 284
946956.6860418799 2675276.4462184384 114
8176317.701729575847239292976 6868251.332764926070632377162 240
9485638.837828706915612011484 6902279.287492327612816710846 56
2413564.1573452773 7375596.396937826 21
3048348.0425555576 3416882.457448691 2
2626008.143077705 7854355.48522012 268
4989216.928147985 2018979.7612397852 357
4933451.060007377 6471128.640571417 285
8578641.397296442480343361218 5225009.171441225183144712284 107
9143144.837498305054735529282 7189585.857352550949114228742 168
7015478.722743989 3474497.9878083793 173
7532483.76714772 1312080.08567679 221
3413262.6323624114 7009496.928530856 1
16916.718946988763 8003018.8790463675 42
7956935.956709925617486617339 6476581.553440301553015942485 58
7647562.583771084199624606355 4722930.860020772492058320837 14
2547898.889706065 274488.3255322261 310
6529135.327024586 1583097.1904609147 101
7557089.117540249 7460936.657602342 268
1437518.380260836 523528.83999853494 14
5420563.0659923265 7804151.664623703 236
4461917.435089997 3717130.0670854477 195
1339649.6384038348 5036005.917702893 186
9369064.27898089 4003403.587658264 183
8226963.377438097 2360844.03016118 285
1820859.8588558023 3493142.992733238 60
1191999.670957522 3788352.66269136 165
7167064.101197745 3470957.0455347914 331
5719021.677904664 2533903.7388651753 169
2088090.3327224865 9343169.32189379 339
8033107.252949365854771943720 6297780.325776444350619764931 79
9181076.510683618 2746754.551460059 354
7219427.457510881854667661146 5407864.758662989150493479787 105
288961.57351115614 2771593.428330745 319
4018872.030420039 9869901.99300339 66
62268.09772300501 2086632.1675411125 213
702274.3670210374 6286133.789674968 107
3682928.870265386 9350404.232198166 158
8948754.509501257987168755826 5441692.930348924472478902769 227
2100459.9303370817 8841282.601653067 236
7203639.068678960108655794170 5466787.827953374127450827832 89
4025480.204149785 4402455.64743175 201
7155339.328484886444291894224 6026774.206804840199648253008 256
5685755.344265924744336924056 8978453.586223628455660771974 284
5372506.026225141 3694017.0968967956 168
8195467.05310713 1182684.5463192703 151
446716.5961576036 9592380.656817818 197
8475891.812764516308094188967 5561087.919055633584097951589 355
9082912.450721264 5779853.309659739 262
8312018.536366788 654365.3687875239 24
8010120.503215895090099720111 5580272.264678532395901446492 232
1633691.1757884277 1349266.9474177354 207
7839022.593449279265193098540 4763514.568366967906841897912 40
2732492.623458025 6882577.74369992 219
1204348.2150864403 3270276.15910105 215
8623789.596236557 8377796.965229614 249
8467695.480720907 8818881.685606806 49
8069236.113020133 5943070.846637734 195
950776.3791618817 4982037.877133681 37
4369064.443762756 8331324.967915377 309
2127618.0323114535 50912.26794408099 67
3007965.987127995 3516310.275958366 210
8528055.571437748 7999582.872036161 35
56929.12580311127 9307384.30308764 243
8388233.647142831 2677578.1588125145 41
749024.1498525862 2198910.0071364488 159
8848454.169011006 8991365.990042236 84
10000000 9583135.065782793591448476712 169
2532775.674219386 6941701.762546695 234
3562369.719164318 1139906.9250850223 263
6002972.107721745 4009361.488348244 264
8127962.683735224366165262103 6344133.685258194260267797036 313
5490747.483293299 8564698.481895309 90
9666073.730272526 2955013.284627803 167
9435517.140773895413332240610 4946261.888594076292463482812 304
1473569.301209443 2347720.081736111 166
6204450.595114435 8896213.49045009 115
6271059.787528042 8842780.131884487 311
7800527.258900452 3103447.002297565 113
9422896.043967325 4661039.480583566 17
5804352.00387635 6323279.515679579 276
109156.5356673474 5157797.303482638 23
1495413.6116129712 8551774.91989254 75
9615188.927126754293273912050 4432956.595325575617946898466 100
8631023.102153845 823942.3491583797 38
671154.9585895815 8194902.823899857 318
6961989.280710602 8086912.445002591 288
6625875.930038919766969669118 7723878.106250648782399716523 43
3283529.406081265 3816250.3943860573 317
378710.88786026294 8575640.157267688 324
5984147.225080054 6746305.79106895 0
7135987.36598863 7201936.050664568 326
7237391.974563579 5196907.336857528 261
636203.1969634485 7167956.005622947 77
2572867.4059583656 5556786.2792588575 128
8052860.402461322213500858825 6399384.400140414105968366975 91
1566900.5238714984 4086950.8594798855 308
9019467.671043979 4314777.34390232 169
8692042.584449096456193906653 7285470.601222290967623357485 292
1585634.270650299 8939639.476405922 68
7043783.700313446294958023527 5848247.883133219983766520507 58
4692401.0252832845 9689448.954131596 98
8594584.413540848 4807428.4835582 181
2572164.399620449 4450736.329281465 90
10000000 5138119.468830896246308560823 246
1061666.7931797442 8126506.506140373 193
8302228.815270355 4054043.43929476 126
2020697.2090310694 4414908.418057728 229
8089635.145043322818138184570 6667552.088807711206027889574 64
2766867.585807171 4251732.426661652 198
8202373.075302238 824532.3397480453 100
2879549.119791861 4369206.365828749 58
2938469.210679119 3491146.182032395 58
3164454.1257895553 9422710.479593616 208
3666139.3201429327 4929330.964663297 5
10000000 7677661.856075595963071074513 213
9960515.555779187 9878658.597124035 305
8121016.165819408844855142583 6151599.840348627969659294147 68
3650251.0682652867 149693.59033835895 178
7291318.246860364 9692568.666933862 62
528253.777669605 5385436.728180999 224
757318.8436790912 2518428.1339976643 225
1419094.6481768552 9011880.746081997 122
9190778.741088984229549147758 7910991.604321856568574219643 207
9095213.213691939 2536075.527923954 5
2103067.415827831 248121.75497155086 315
5969749.239742533 4344570.584589907 170
2766267.5702952133 4206695.718807788 135
1752990.1598232235 8950891.93764474 215
5213798.222370254 6417558.342683637 6
4379172.550402863 662263.125252357 165
9969617.829957711715484435794 7657931.444152316020488776054 162
9187276.14923454 4658630.131300709 203
2903596.2738606147 7587405.519506262 209
1418818.2647823212 4684046.1083583385 322
4824551.055970526 9391087.89271881 11
7704300.609997987 3295546.799126581 235
9920702.114630498370641392123 5207878.669352903427254832191 194
262777.7680806287 2365199.5152121685 209
7638013.731086823 8793900.123567097 278
9806785.553602599440193391288 4807538.793065462487553390854 174
8762750.213013317 5267033.4347145585 329
3567704.98127951 6441822.16076203 191
5703518.964244526911628482926 8305748.195278975156163744340 123
2743755.4686034103 1246841.6133283188 215
8816075.005499707965591370890 6114761.709855338620028618493 183
7785159.514524024008472122774 6523831.353057747753995140010 184
9119011.993284370119237378291 9109005.870261316882623697729 41
5419969.249377503 1129646.1767446487 206
5976450.927932654 6281467.6846357295 246
7205495.058948103 8189926.321984865 7
9495089.071300464871211959480 4875946.930134358589470976801 134
8476129.157428661883460199959 4929515.709053433511020361492 1
5365899.044145622 4871267.698963474 155
5829038.064158003 2688208.2598044933 320
7232690.724874112871246835575 5819606.335134986674189951561 176
1567081.1193841472 1806800.9867731438 273
5924493.282057943 8492675.286973521 282
3958424.980210775 1927908.835589407 345
8154967.942761474312537882445 4952113.850712605912561248546 217
10000000 5833880.800917259237508747531 183
4352214.017998351 1792248.4964951635 230
5326090.217332544 2550386.9091015407 128
9411244.560104206716039342017 9697577.530196251417022448174 191
7490283.428548872408157933497 4692606.433920950814861759290 171
3558800.696609041 3827055.5673998906 134
7200903.60034938 9554494.262938684 162
9401477.914722982775530715797 6101541.592260665544694183860 84
9268739.305310590086167360081 5491722.751552897480067269356 126
8477891.804537894468677751265 8517124.966619847270911572783 343
7683318.6058628345 8236455.832201043 128
416052.7601776609 1081199.8239157172 1
9403776.705933270616262352262 4652106.555045281289863176417 119
733640.0723008584 5381972.602383737 192
5461743.415144592 3696857.4622464147 220
7075861.4958069185 2366484.423831704 80
4176650.2609442235 8813654.273381438 43
2965640.5231384486 9181809.492231652 11
398451.6835955743 6556822.7742727185 179
8237409.047368877 9532220.659759207 165
1695852.4864463066 9327984.540746229 173
3509934.2739549335 275174.54659711896 272
8456681.359135427527188881761 6095926.686960952142865214702 241
3312140.8246204397 7879127.635758709 293
4498462.613925765 699617.43889968 309
3308101.586329573 9420588.556403141 8
2262539.48661132 7155487.505427246 300
7638371.49733009 7082452.03616827 40
8582508.536476525 768533.3971126617 28
6433158.649967642 6112789.432878914 233
2225170.750387996 616230.663874654 304
6582164.64453626 1607530.0313885754 120
6343549.702207001 5984702.079539701 288
5065286.048678803 9765109.97264576 278
2189126.8303741496 4623382.612831895 130
3990984.5627536546 7003415.648253352 183
7922524.305542203566337802567 5906051.529072195009486683790 6
221
