100
36.977424622564556 34.625327476145685 309
40.06838582337922 30.808308278299496 50
45.29407698808312 37.03604449762319 183
41.844395196257025 36.85525433568044 337
46.389067086226405 34.926155570452735 189
37.61628107760826 33.536682768390826 212
35.28172000979814 32.07788710695557 330
41.7912424917418 28.319612549709476 30
44.663176607478945 29.977724484525186 345
53.067288103220875 27.725849596140023 349
35.155164443621544 44.11646342444856 49
92.01865529200303 5.01424753617118 23
0.60041471880935 23.387258745469307 337
77.11198937772674 98.98669723779282 98
14.581791663001598 41.50590061380785 60
53.30183514061542 97.2609399483573 167
72.13707626114966 18.23884680344765 327
42.85119337281343 40.11009692246487 273
78.50615198883716 23.799095886225185 302
96.88346118377169 86.49696151871896 5
44.14319241735768 44.19056296488687 12
1.6740089897732902 18.428967299233033 34
81.31600638612987 52.575417066286846 63
58.66237816582738 33.206617510877045 111
17.76989594987606 88.12913587444329 18
22.710041346981292 18.316235422324933 190
6.818101755747385 0.605668937685544 284
72.00257893848472 78.04335850439433 119
50.31027185174173 1.6387281881317106 283
66.76440452441324 47.1978084096731 141
95.560242355812 36.407926317518616 316
52.27240606702463 50.55408882794935 210
43.303802218781485 19.501916449606206 289
67.83131428841533 82.99615468654304 169
32.56227883480908 81.3037657193507 260
45.97219246197186 76.71110524558222 63
34.43412458957459 8.719508836034962 277
53.50937062749996 93.44267427859178 77
19.08650624192534 42.66786903227043 264
85.6054714483304 15.843460957075806 332
45.50799421425935 66.96145846846716 90
46.27154767655083 69.82362364297141 207
97.57332179765018 84.92513612843464 310
53.98212503418429 64.18874152661476 190
3.8036269239802745 27.046118702320896 125
49.179323635073516 68.16388776805461 98
85.84302993217537 43.331504740045354 290
61.42261209755575 1.6288062554068228 24
49.6831200019507 48.01290651711976 118
69.37678101686566 28.054163122043885 12
18.627195351318036 17.9165277195499 329
6.3202013760221725 45.958572255029836 29
39.78603893206696 71.9879539822313 195
59.54764940096353 59.23832750587529 157
53.550197406623965 89.30335435072446 75
36.10857156771233 5.563075521012206 244
96.79209357474517 34.18350218906841 0
11.51999953031414 96.67907407604078 199
23.44164221504814 90.23492057039225 219
8.794441915043194 97.00004207361145 0
55.06435311480617 54.7552097806669 71
41.22709813953863 63.83944766333115 62
52.47233349674952 75.5867653973782 171
36.02649640625687 59.01173564146616 271
27.055465020007862 93.32755752306542 271
20.94716681238188 91.93232956346847 201
43.07153586467803 56.533410603834234 248
44.86417704534518 97.51992107047106 173
22.070166128306777 33.21022122747866 85
92.94321934712397 33.76516979849609 325
21.14743427758825 62.131880417369125 42
7.825814277936727 85.17072407906232 58
36.580849181313305 60.718480758798385 64
92.32619877580817 19.30243441902264 63
63.99480433045442 56.69822807235298 291
2.3337145783565605 56.4429431455257 331
67.81447075054623 57.894663588202846 209
52.00092225968898 2.026245907725055 18
26.906277785287138 60.231518526333595 339
95.68000258244392 47.53740758426156 344
30.89775742887062 91.46182726731918 21
74.38855136330247 43.910265262362 194
21.695546096684136 88.0709798964265 123
72.98074386830076 59.23033527532115 357
46.050825742781086 76.49986573191767 197
69.10526840503074 75.87689370902311 123
11.214243091075671 98.53126655060312 261
63.17054559910213 52.109229912207525 343
41.86334844729123 85.89354126623556 222
37.15177926128608 37.83829556187271 346
69.99227400603054 51.48859966073227 343
21.32725361657939 52.70551469481934 75
6.503083517629693 79.49824954824913 46
27.02054987655008 16.804865670288184 228
10.269734135494401 30.021522369694807 247
74.80395325815591 22.29311863123896 340
9.716551399963958 85.49153230581481 196
69.72266747750346 74.00650131576818 338
24.316765807584627 54.317146576532636 317
22.796508359477553 37.83393508834523 305
0
