1000
6263767.329273771 9036581.941694293 246
6857597.263849417 1939019.0684349306 298
4434146.345370857 3867056.1836300856 280
1677157.7558131355 151216.45012601936 125
7509623.610058178808945208671 1576426.667520988008416416834 112
4183673.9623664366 7437954.868204031 68
6159499.985709422 4314022.6129695205 120
3120401.6417098534 7323719.677365501 152
3078465.731986568522545964028 3158106.388402077377603273372 35
5455119.547610768 2697968.0548104877 316
3547428.757664149262332386235 3464282.354102000410883215522 158
7897894.563619821846808032832 415044.8925735776167368385491 183
8155143.458075558536985277038 2682322.812583377291981099296 94
4585514.85740346 4678329.503364202 16
7344231.7402268145 8354749.812468705 28
3991406.73224903 9605728.778693363 74
1160287.7578295367 1188622.241718108 126
3487241.044023838363168220231 3192440.047131098427165865058 103
8671598.212050604 808379.476995219 274
5102927.9533991115 5332014.70981294 32
9781312.505566217 3032684.4492550953 247
4570841.004098011 8142823.049512888 37
7430757.880316990279426094188 3170069.547198715303160745407 273
7713812.582739567502778951093 595955.5879074137932269201208 196
4883204.640404109547244096104 961206.5357830985730908267290 189
6312210.173537643025430534296 3735974.744778201011903024873 252
764661.0285293376 3803498.3791912966 258
6505517.250407284 5490574.034144316 66
8747037.148627965 617768.9894143746 283
9141250.382534662 7525622.23603937 16
1512104.8113360847 5022008.934686444 209
8816825.589962082 1632002.2918287525 221
7636603.833743691 5877771.708374796 145
4793313.359774400791459245200 5524067.469347303303314853942 82
7514556.796680464541006588107 840961.1128485711176830588652 175
926138.2524211459 3645084.098335073 247
3062249.123751124 1764106.8240247492 310
9545170.231807103 9673617.940444132 252
373626.70607388846 8690854.437267244 341
4300747.551235609 9818631.486347606 14
5340848.884215947742532304551 2579847.911001741548307966874 297
669256.7739039357 225680.68339294923 279
5148643.965314305607660060643 1755049.279470149609994935411 238
7273074.86209767 3165471.4384426475 109
6267314.005142156 8447713.993513422 317
3365357.556318120751931896097 3720375.433602023672678687370 274
7145491.966373681387704238672 541183.1224927249291500875692 331
5168958.213622096 4423485.075471449 255
5984401.088179392 1246031.593212099 302
3073473.906426827 5604545.469364804 90
4728530.681822224 7156901.2400033185 350
8465365.521466963 5660457.096430504 32
9193581.553752108 755825.0613358708 35
281613.47266348114 5148559.160826311 173
5928390.303357252759741946627 1853744.443156478044721803329 249
4069496.3115353356 6591263.78712783 259
8659880.508366678 8799446.460051622 335
3757031.962780447 379849.37668991915 304
5253889.385624199971700721279 2033969.743259732808447712724 53
493050.8516348475 3159728.9311201214 302
7853722.136166160372613568902 1285836.001092240555942705732 226
285368.7194485932 5397247.695791559 358
6286619.373526810490303098661 2961112.347275188121461214238 93
1583371.613411464 4304493.898915379 183
6495269.024122487872015646056 2612343.108938720191843227581 278
7659816.193739607250166839683 3225992.919439428423284526222 218
2933193.794743507 8230332.23587255 159
507067.49811911036 8346090.436237512 78
5571153.860154474471806399612 1411272.360677989093021277103 84
7019274.182378286 9862864.757071316 336
6775882.127428696 6157895.535210143 110
6916084.535417192 5420599.9873336 280
8897658.657252366 4058969.7114270893 229
1328691.474329905 454657.59889497637 275
5718944.909226693393058637651 2714472.941633436369460867026 280
8935928.856851231 7624721.924120346 327
4413226.331676634441583986187 4962912.464609796886717614982 80
9532952.915464025 5740416.535396125 220
6483450.409926408 1821487.2531495309 38
1798201.341997241 6594482.190198726 236
7461298.755847877808009773519 1197899.477058047767920395445 293
456508.1747896138 813694.4011529845 333
9825328.458334276 9438218.650224904 160
5629287.744574604 8574120.19933188 212
2409299.7970914 9870267.46880801 145
9040538.738656897 6015329.668969292 69
740851.3034588293 8373398.8607649775 148
7395942.220942317573968856680 1908505.817126281188078888265 197
4835049.550249025 9179830.136261828 315
5480873.024213297944490610176 2627009.995033882987097726891 318
631621.8390629302 9988998.341852477 318
4667965.511123628 3320523.468922932 59
7475332.646722042177622511702 1589402.479665175414762029254 273
8159298.053634342 7813540.216533385 90
8259767.686286456 9721737.11440208 303
1583584.0982006255 5591689.4681396615 328
31821.920457760778 7816703.694362236 11
8744382.248837521 7743033.278469731 94
6978292.606710139500549452375 3504063.983287385278533453377 338
5705935.733972836135310636950 3543056.059404714345192073494 31
2396755.433888489 9722767.66674926 7
2174126.294238058 3514498.022414679 83
5925636.466326378 7273361.714009679 273
7001695.958217712425174532796 3236384.954363848273343755172 262
4843042.305733312432375468633 2632069.236959034714752239408 193
5821246.512323270158453952256 2134291.719874072476490975527 38
2520705.035979001 244609.69295494017 185
5636202.83194073 8432940.866171889 187
4850665.954603717049225456563 2434635.455447838800565330124 130
8657593.612719737 1260344.8895530112 163
6176842.569651286391980869254 1756551.247736343082159145587 214
3039191.2346397955 5608342.420075181 151
2185410.000640382 8379431.356971429 113
6577668.996691023 2134626.1404416454 66
2127566.359542461 8785951.00911024 288
7263914.841817797 9207741.478722768 290
2064427.3745624365 5392731.730009078 117
5384914.512085129644709232661 2297673.325465838722362670431 283
2726628.1183204623 5230327.25542401 22
4434290.230192979 3283499.5427361336 281
6071462.287895983 3230860.300358296 358
4693257.4713497395 1173059.1079923247 283
6728730.864374999 3606965.5529277865 22
4867659.313803862 9837997.664025301 250
8645439.318612337 4384785.235963915 240
4852712.367593129 177196.81730777537 114
1857500.4638360415 7842851.802617638 247
8575796.598709578 7878326.204426374 221
8051081.05970454 9061811.928508664 209
8784228.962775828 8876447.05326225 150
8202127.652319058 330298.2110601438 145
7499266.42093606 9414339.635981135 30
1066245.4199379522 3455528.863303714 214
921169.0714523168 337348.3877483763 188
8386665.961690529 3168406.02453772 278
5862511.625665526724280745596 2283381.054826124749879750720 155
6342603.516039348 7517119.404023158 359
3689268.61951681 8969922.322300369 139
6398506.679068039867144287764 1658636.354607451734165523835 125
3333027.6964578233 2068470.9604136865 9
5046489.242442996 3625077.0640451526 129
7466980.338103292518498870009 885353.1455882699544924695992 46
4802145.156547899 9312663.096968282 290
4241250.18588779 6406961.257045648 286
4995920.130249151 6723566.00407734 171
8939860.871309623 508068.1494309869 339
8897791.270887986 819067.7080537279 294
2309231.0200706422 940055.2117444827 214
3673092.912626960987157358361 2430976.487053795770284971456 270
6010928.884651647 3067274.321852471 242
2076163.9666740128 8526773.005841518 248
5889019.454859481 8526988.695023388 172
6991739.64626169 9738367.155089103 73
6487516.268102294 7755919.70551496 121
2325402.610472065 9906629.494057031 331
5057912.044233016 7690075.819727664 51
3672334.7776605985 1786588.6437480804 156
6440770.336192008 9477600.975938603 249
8552416.905807585 6474375.474312329 205
6622595.631946165 3250151.9709973703 221
1227052.4420214058 7369733.765764448 266
7677885.451214342 9729724.101891506 14
1134422.9864238554 2222860.0112227183 297
3543918.419978654685107936606 3484019.869214108142882882545 259
8837910.800380724 7767012.231544971 0
1622959.4041015615 1218449.4727682616 258
9437035.251059115 2339106.6613225895 4
4430926.897978035 9187883.364294503 333
2960906.273243086 2569390.292744634 24
9750011.689538833 5251756.168654955 325
4605141.160834779 9837643.260632843 263
7296594.739329384 503198.31245003163 303
5048688.734825392042883425865 1978194.448327711503175032258 262
3518929.062750887 4986277.288964531 205
4085248.020113772 3748400.8762850994 47
4956832.082005737 2272845.862661995 190
4361311.061613122 5871236.884137782 146
3063279.8628399307 7576525.694268446 96
3008949.111709950456907329705 3681842.253145926958720892484 11
5736709.076868847 1694055.7857188643 261
4198647.205623600504241635705 4884664.915670142400032630743 6
6378689.675190965 4471284.6760490155 212
7092136.475831298091424891937 3458068.074511891980009115051 244
9830019.207970668 3128.738565312261 45
7006891.31081216 4713249.1820120895 74
5597795.602982687934447554315 1664751.611641282763751030103 311
9352806.218324479 2653285.517199064 21
862408.6612360815 7617421.205314627 32
4358215.856970157 5077794.133880901 124
9431994.801010922 4202250.349475168 214
7622141.2639367515 1464791.8045583642 161
6448075.179599969 1964321.8879005676 85
4720858.083003188 6605618.531770671 335
3118884.0904209004 6973855.006807322 138
9605145.034210602 3691782.670467839 338
7943906.158794279 8553403.902321 151
1038816.119735454 8723860.09415917 304
7036218.584446644985030131932 1860814.515633538870613198569 118
2557929.6638962566 6756217.226863247 84
3013327.1011618976 4106316.7444659187 110
8440860.120875329 9904374.18501768 330
421124.5426829369 5546379.937121458 120
7582155.51718 3191806.3208482326 146
3752302.1571617643 2791265.208507985 6
8133421.101871593452006479931 836190.4464288583820299412770 276
243379.16852859352 8025245.735859768 277
4136366.1428706013 3561790.4549164716 177
6341110.69170985 8071196.577712344 155
3040190.084669637 2165848.7139214776 179
7133700.620921619 6186589.917714304 106
8069029.272466215041559354666 3597803.360115659095115900881 335
7042980.677211394 8712045.181776194 219
4879754.882059768 880188.5415958621 276
561139.2037797868 6921923.661090602 136
5691870.967249886630870672371 911978.5111370077839690164309 98
8265916.979258769 2018399.685660085 15
8391941.294408897 8220789.227388068 76
4939911.915175783 4115010.4056003257 3
2022443.305932715 2012550.5223834638 337
6996584.254667645025311196986 886277.8382923982297090288838 139
2300621.174969003 4759551.491592574 111
7198307.096448975 1371026.682672848 121
6576111.908116027 9630522.4609239 342
6058746.747894067 3280463.7277465267 89
1850204.1187812013 7736855.318044445 34
9600496.288004175 2678062.7683932213 248
2701217.768960642 1752333.320980981 215
9307440.392106976 1875738.9859900563 20
6518199.156439309 2500400.9947555615 247
6591948.248516401 6886576.492512213 190
3460315.6354077035 3152878.392956956 98
4947875.113617421703027181322 2653321.980960462177636091029 125
7702867.763774950082824011572 1129621.725513291120582471259 277
6415642.831740983 2758192.4752754527 314
6201079.052545374 9865511.832963703 252
4998356.187862805 6262736.511062552 97
901397.3891751603 2936161.8067326066 163
1158618.6230724494 4979651.744978902 16
4795159.816602689337633375659 5427446.807855525293204633856 52
4547496.362036160876776738353 5724395.646707296751683874245 318
7162469.243712531 2193311.08248068 238
5746034.724042417082394434703 1962769.553141184487097271436 83
5507698.4884529775 5597579.653349341 322
7143570.683963589440327825415 885690.6661692362014183381096 67
3760676.144531457 629656.0231252657 241
7484612.383936042 2414230.3380002393 305
5085618.212008121 7540900.233595601 142
3628465.393088756846382377894 2378189.165037143894820584984 264
5167410.004493491279785159755 2085091.559681042532801045095 222
3774941.579504151016893205305 3424791.095707131768928494191 255
7393353.234254756 7358773.812493915 257
4334040.677091704 6804676.833824705 144
8065321.136449996078125328960 2400282.130448575191473195483 236
7564138.859027757 5798535.913604823 308
5599495.120732992 4321316.544225306 59
461049.8193881185 4299782.481556838 3
789120.8619860124 4819851.944964672 252
6520673.633199490716629929748 2915617.321065423656202157460 232
7417973.67469362 1235709.0119756008 281
5256938.133551131774198778693 6413164.650274542503364314650 290
5443643.226252384 7809597.259523995 90
7447874.2216448095 4520219.901031639 6
7784729.759540947676389131572 2244747.790468294184558875433 29
1884959.2844205832 2064476.9276525232 255
1344142.5485284564 1651802.7268455925 120
6584218.647082894 8044164.589861906 283
9996809.955069786 2019720.3432278442 72
6209562.648992566452476122555 3025770.616411601604092046519 320
9641828.701912835 2762791.2830856205 204
6387812.344196139 5914055.966848372 325
6666546.712813855 5641081.774607976 87
8031432.151686658 9018325.35945779 208
9730291.9331662 1856630.169044472 130
142568.13050206206 3306474.182031881 83
9136613.263390345 6955744.642802896 32
8858963.87834699 535637.4061166502 318
1716428.4644211812 8305092.443925198 197
5564510.886854187356428506001 1765007.616810458934195249089 104
8537448.932781111 1129305.5319406718 88
7214696.201236816749571512706 73682.57791097599742198892236 158
6670629.957495115 3120872.6275490695 300
1937312.3109330293 8290037.395573684 214
1799992.834535744 4553032.444644466 280
5261597.128038395 623663.5739099716 148
7490387.941710054463265798920 2291795.485109275741219979428 102
9356171.667678764 756367.9021047043 113
9225537.573810294 7414048.069840565 115
5563720.836267133 1339674.148304769 67
5936711.689514667821062388077 539902.7056128940639345898133 133
6017384.410074718 8130474.317232832 316
2847812.4212334487 8336894.785932157 268
6520035.607459205231761599905 2487175.183716806053260925988 125
8076575.421724920522834078680 1896939.674077508410780382202 130
4513781.281798550362274305649 3742387.501425677760905120458 202
6316758.934439949 8786816.08844692 288
5590761.946143739817615805670 1103576.800757156598172423332 70
4754929.330824186 5390142.292346912 255
4407942.191583315 2142724.9396909866 328
1780130.8329660082 2187914.2018900323 19
8448627.386256961 4513407.57570179 272
225270.85662089163 1769109.911232527 213
776181.5120535054 1509596.2113283656 99
1100474.2457754214 3690219.9877738715 49
2554421.1021804307 7034687.654748128 287
7056683.402985743993235220527 0 25
2594809.733498534 3453197.4978795443 115
8540688.751173885642567154414 3377864.933152877928426818452 241
8549789.453235779 5025657.270530288 339
3219584.0747322026 8230873.535125364 357
8114762.943656782 7003452.49189938 19
9870414.39445733 8851113.774259923 97
5446314.201111780547244096104 961206.5357830985041297946200 180
2408296.9683069554 4636083.1745628975 101
106061.56966944336 3702354.0256543197 181
4074532.474641985357594253698 2250281.487662857732994152706 164
788988.4730979446 5665465.282076603 22
9111980.006566873 3486811.9619007898 156
9664501.591879118 583104.2191538671 194
3664529.067535696266940493219 3809274.087623827248987838962 67
6029338.9214486815 6884043.087255544 85
6466205.827523206 8470220.857964266 211
6792191.017900789798981282598 3083814.625308737221322195884 70
5272611.353462244807970407364 2006213.284489296673440665460 124
9831874.792207872 6090568.561914529 323
5660655.320234730950339225669 1845682.375399821625655391612 220
4373282.053723608 5664888.031117323 356
5946393.233889322 6771441.661509067 246
7957605.409099440899906680518 1865865.449242962999738359280 22
4296856.544989152880349149378 3126873.774817530932028085728 236
2280254.9108540183 2524262.8812094214 130
1510691.144315204 5181653.21457266 148
7804243.447587761 6544466.614410076 20
1151968.780197523 9462846.217216628 277
400162.96106294316 479325.9804135874 52
3881773.615982734683984899390 4598966.672837110584623143813 353
6906085.484008538013742368132 964947.2194150322098864061105 177
1472288.5323833502 7748027.037052984 190
1468330.6763504012 7997813.136758682 86
7961044.164942144 5276590.844508675 341
5862406.676919988725052531304 2781370.262561273318355111270 205
9807733.463492824 5289361.765239522 340
5497071.056486418 3155737.740520286 50
4062948.4051452046 8060665.312126777 254
7703711.682299588 9278248.215338172 89
4316704.331862832322150791945 2132098.827205942161596046432 196
7097319.326358617 1006909.219387997 149
3818552.539506964027469562061 1609076.473236671570634292317 90
6398152.077560783 1130888.3402756331 318
576095.6942879136 6850350.946050021 155
7884684.127149809 6014603.659430977 58
4174458.5250749844 3315113.916341922 133
1758050.786023997 8732608.431668948 114
8542272.872569207 6127047.058852099 143
3053298.1192960907 762423.8471085754 27
5630301.241490201 949196.0102101704 332
3130845.4846981647 3554680.033048938 297
6616735.421538495502149000885 2649747.601882082120726775568 238
7755295.073773177561201582404 11089.36855121880863431375194 139
5626743.00780195 1481274.4356536767 143
5626360.936948911 1210604.4766180245 298
8637273.939138824 7652719.455555808 114
8272868.175680929684971823343 1567961.582503605766357241083 326
7933899.598451819 4564289.724680951 222
1846652.9561546196 7992398.834757391 18
2857331.1977518 4980144.051243735 95
2703400.7572920704 2278807.233765855 269
4681262.033335094 7789820.973224128 182
7780736.804472727 5343122.07158855 141
413167.9578981251 5132307.211203548 278
1832887.6475441013 6285901.451838386 288
5993748.267649994409477587729 1642141.229906505083855151842 32
7123771.9751703385 3382802.4130242807 216
7660445.741706895 3205535.414873786 104
5945659.527881595179278153647 522341.5840324003758538713294 117
6768283.500427199318425950349 2884449.884260536391384692296 335
9703336.488640536 4715453.452679575 347
9279083.612685593 5032761.864836093 170
831753.7775448681 7644058.714266215 53
1751431.0714972692 6645967.406686867 58
9226012.411991652 2893890.0020789183 151
7561777.994243851 4550088.938221303 43
6505655.161159751 9978393.45004138 286
7111509.640718671 6451959.80438752 63
7471779.770220904099073399216 2387325.258753199541031536580 261
6489817.67223302 2034783.599646295 316
6375752.887248683 1271503.5203253145 232
7008345.901489871009457417585 3734065.761157656952495864288 25
5347776.088931652816494681468 2158561.606702899906874732277 315
7272691.633493190308749006136 962007.2356572538365314595114 345
5344372.952779642 4317817.156687879 213
9364826.735272039 2465343.9275867273 104
4507651.387470911 3106108.5347393258 33
4143644.9675251865 7970700.400539407 105
3899045.7398965117 2249329.899666751 199
2397360.127027326 8220696.784698618 18
4789249.435103756111237738341 1095570.247131995169338857002 17
3479614.0109230033 5051839.030850318 194
9013812.032196457 6228053.110162987 279
6389916.693855957 5744978.190571373 135
5565410.628841867 57810.64926969504 206
7440392.788972880251578479264 1584959.724484160462528493818 61
654961.4872205734 2046869.2795449551 97
7109213.388311401 7137369.120459597 252
5426821.601289379276235620570 2179466.966789574936815853341 327
1639265.0469271864 2342433.452392727 175
7167805.144588376458520251227 2841591.758655081837267192583 47
5520955.484611357 2002490.6378948658 139
7822130.883053296 9003849.366944065 205
980202.4366678097 1875986.214970612 195
8929869.773015758 9610391.822554845 217
8027362.2165104365 1446014.6838958333 333
7470615.250678249693003148052 2474894.900704257616947702743 283
3689162.5847915597 8516640.618467664 312
9277629.364978673 2314027.6131601334 22
4539608.192315089 1096167.6207318127 341
3223864.2801320674 6843631.234462067 158
7642359.576635462922722467985 3208536.302335284098581004811 45
6012449.441301401 9289425.183888316 291
8456778.42243818 9790415.059545325 33
5946826.953353227 5657074.926292478 136
6964794.140366079854452465943 3787847.707131520434062308690 309
3068977.4656479605 9171535.260127323 289
3381923.074405432601764837939 3483477.488065851693717614092 252
7942311.201219637 7911102.791209651 176
5375854.506570716867869451903 2511145.508816525680937883176 290
6911710.819683174 3378035.3170848023 80
398583.03073804005 1281216.0668232164 191
8953911.02687485 4215035.469075169 171
4499997.553588979 95505.70854752637 175
3673092.912626960898352659450 1947546.222518378370284971456 16
7606191.905426758198861090444 168153.6353348030415740745754 60
8645756.641922453 9587444.734251138 13
9801350.83618632 8590563.0950394 234
7468439.994096250855726342490 1181075.774035707036663568599 322
6404513.141626719245239372400 1180132.233305105885445282188 320
7563261.423039599 9686517.88641099 304
9364746.165220365 8225084.028641291 93
1925027.5158321261 3895403.5012573074 292
2399308.1004788475 3026151.7458364917 184
4068996.399905366 5445866.89112857 296
7520109.729799941 6909968.37215109 215
9106593.813098771 954325.2822480452 30
6933304.096380914 1408722.5777159263 221
9222848.530426597 5240595.6885944335 0
1519636.7421179623 8846655.669486132 324
7135067.241568214592957075577 398528.7776088405557544175123 89
2284262.041095367 2600968.4046708005 334
1952272.8436557057 9006127.888737109 281
7029818.792846411 657595.784133872 284
9998311.009487117 22719.93722537391 24
6778126.613823059 9775235.056316221 271
7476576.500087774849267224041 1588201.304432381376037173958 136
8461785.685731145 17253.563320324127 287
9033303.761307064 2062091.5120427473 128
6674566.55294301 6967912.487577183 86
7581097.139763934132475402719 0 180
1267281.0259696988 7044660.978067672 97
1036286.440060673 7880653.4551864825 18
1132118.054175628 9148973.497369232 144
4840644.449650196425212913192 2721613.809572846214688014651 272
5405516.350300231074985716342 3023912.547357818541964547372 219
6855206.66599732 7171543.515556855 345
7860765.034351853 1376683.278063785 143
7278362.208527523519403419944 2148818.722152140109260626446 280
7695778.915622261982110356792 832530.8318643634929244701509 167
9356441.867918184 9587101.498043831 224
2181998.220907647 8054195.809250382 255
5149038.370234499180651705925 1756696.291054357488022213451 62
6264177.688423925 8786926.424679378 42
6559744.551124669167726978110 1049877.614848246690262830100 276
5853911.991725419770846707454 2841359.392854906432004100798 332
9611524.369656261 97997.37089091542 322
8673088.206772465 2811386.696388521 83
1626081.4372483601 1667625.3842537948 66
6303552.954927104215369074008 2648796.089432156687610195250 104
3647523.214736932 208249.89360409664 262
939475.7634631878 5426325.351879465 310
9163866.383736415 5029221.80135054 30
4550969.174587017 1350634.3779513286 47
5047294.721021455 6242573.8673049025 210
8140081.274621921964629337322 772823.1355541506117596645669 216
4527399.481201383731269987047 2721552.661631619022207350181 19
4439752.8745028395 4980287.664476724 348
2298739.336026818 7657680.515224568 151
7734255.494695585 2276304.9273073277 261
2064244.2394044313 9663483.409455124 345
2167941.672082341 8667893.563476512 105
1763346.935819814 9064257.69923466 306
6090320.462386071952118987824 3100872.011619899767440578669 131
1293155.5702396613 9595690.0814897 96
5100476.664042745 7187590.134317229 93
9456348.303191498 8670734.099639585 331
4756150.701812542272552058380 2155039.815438231730627475544 36
9628684.84443158 121177.07501137609 314
5299762.009057238205562135049 1222947.612795661819024420017 315
6016260.243146872573614938469 2286653.144738003048395348925 179
3916891.5944593097 8166404.841035087 303
4157980.799788524489007348503 3857994.085959897097147452321 342
7596709.715124520317637192531 0 4
7945490.13820471 8853663.39388627 66
5980800.448732258 8200855.281685084 51
4717760.159061293021871360545 935002.7042008334153121059494 66
4916808.971079041 9458850.607202822 36
3394684.4807037693 3433028.389602899 108
6573648.494346399897288696216 734874.3512319814383630367767 18
6145550.253968353691578678333 1034631.966239002034050006338 325
4418421.615244198260510713046 3339216.785233893547395888945 56
9857597.281769771 9063316.18050507 91
4344084.171986703 2332375.777221786 106
1701397.4688850187 238731.69286707463 72
3033493.9485024703 8906594.975392444 133
7825339.332665044505418825070 0 150
1894052.3090378048 9881494.821157472 27
2843701.865473122 8156191.971564887 262
5960854.182389943066436913101 1014484.692841681259433791124 87
3026986.5711736544 2015100.068697273 305
6924400.0906627625 1057486.6975929176 247
4465109.326248896 830954.8922356247 29
1808555.4860967535 8190259.486410586 311
8098428.702731042753306830245 3493381.600596366248871398966 181
7345239.918003590005376634870 1893004.567497300568026918449 70
2336243.29349005 7985559.244204921 224
9372103.972239811 9926268.336753976 120
1504707.6601945297 2689116.60526176 118
8746854.149466915 7901200.5181575585 317
9875084.906848889 5199018.863366911 101
7346180.971815378 7670942.8393939985 197
5304890.12971339 619756.5724848586 160
8441798.59094571 6266691.635073064 113
7555551.781868576132812621363 3483905.648694680987068053699 178
5494316.663068787978531023113 807557.2277298233642189842509 208
5946518.013073583298131143712 1601195.372686727058977441687 271
4138329.171250824 8880655.74834744 233
8553641.015103149571366018377 1341963.370353883355679380730 91
3930382.1193793807 5001454.657435927 208
8461612.354561501950442157655 1440652.026344229385898619736 313
3664316.988836961 3816964.827365447 86
6931543.917266779646599832593 3466683.569652326547789689674 138
9564017.733696379 2278652.8179692347 258
5686883.098941557 3417839.6375581357 95
2319463.054205605 1403343.8459789548 294
9689159.82826514 2104398.3736881055 43
6875735.553099896334327325223 3751865.702240153353401535969 22
6068700.878502818 3466406.567401872 204
9252772.82092249 7968357.243466155 196
1509965.4430253995 2987407.915299818 291
6573114.805335823 2292628.4264568207 61
3394109.8931593415 2981988.407462601 102
283127.5188005966 3514741.1935539874 131
7691651.921882108 5758990.222292628 323
3873638.9554965002 1422745.8886164245 68
7320873.108734158291377842688 48758.4275584089625441466774 27
1910325.8838217563 9646241.366224837 71
3567516.724038272 9075844.26335846 129
9183226.76811102 2204385.0271560093 251
7497724.217275115 5200682.494757791 294
6590082.640942157664810123993 2851315.533620812177474704749 49
3376740.25471449 6731121.217769416 29
6212778.546797238 4414822.708542812 315
9508956.967127724 9497188.610882493 4
4843042.305733312421471356409 2453991.570292797864752239408 90
7225424.927589691 7875111.688628891 248
870072.6641123801 1147806.500242049 148
3550566.436952903132623954182 2746619.972067114991856377400 27
3818552.539506964065108775128 2223771.470896018270634292317 152
9105357.991173217 8933504.355664374 258
165505.6509654529 4207775.213775744 286
4491822.535874249774645869742 3363053.358378669433660850424 124
4235543.637537786912691896425 3035973.651364101735397978205 321
4902774.334261303 4254775.381181961 24
4235027.848694341374119331094 2491698.039084256079281943772 348
7016474.33748389 739162.070717867 77
1407517.9687933337 780117.5843517027 322
3159812.577225424 9790550.12697127 42
3281873.75549587 9622741.592974398 43
6920595.868788827 191757.72247502665 114
4816338.104438244 1318473.7720297424 223
2100919.4007098 6842439.453606302 208
9188127.364435965 2131807.323204271 151
8752014.050448144 7347111.580056388 331
5386851.115850849581390801875 2289284.972976574968632216705 290
3112062.216297521 3718505.58281715 55
5364317.445857123 3417680.785148227 179
7250995.920771442145505487968 3892102.223018064657597031294 297
5794512.506847382 612694.850306419 62
7199152.399442427154834921135 3823040.292378669946127800384 97
3566421.993218549626978408739 3200663.697231690238057030777 268
5709381.4945083065 1405289.0930089569 72
8355145.833837583 8323521.847691053 299
8057612.433257509 8920859.297848962 32
4253469.938368667 8771463.132185524 31
4668855.863240179211094720457 3710500.826491574889194933134 243
84874.03395426973 4928680.531147819 242
1219039.380318605 5380368.283527131 198
5313591.267515224 9556360.64278318 265
5258594.917571356502581665196 4942729.094289030537382350361 192
5983526.504776305 7398322.930674463 222
9590717.241230898 282061.0747256891 342
7121150.859828024546562517235 4162302.953727654821876709820 81
7813431.585758112640221600903 535498.2448348740879433683111 34
9390889.105146244 7451214.3094719695 357
1108130.0747116385 4847886.326222438 174
5912194.364068486157455897605 1128435.402709324880955090181 200
2165428.732461161 8834884.21308443 123
8736286.542949831 537565.6538910157 48
7039920.1885087835 7622669.071832378 30
421795.842655629 7280097.361233257 162
1440110.193386125 8428215.162856434 330
5145415.470855208830060831567 1749882.608310439328451842008 62
6478798.835783484 3714396.236366465 271
9243692.434605252 5351822.3594614025 161
1305569.828061901 1362614.2248714124 264
5937126.513832475 3213593.833695507 4
5109402.578924777 4311883.497757017 3
4431814.902096998 7935788.885287384 329
7030438.875287215171932649531 1017171.184762409609159845482 52
925995.6841658001 1030738.214958301 340
5345747.946071965 6773169.075666455 314
1254020.4104701502 5095331.765329806 43
5108985.236819618 420390.41679483803 89
6804852.565326575725719665264 2628567.694835806237588883958 183
9056906.543312248 4736778.917065489 139
4953938.986919601 7385939.608197015 231
3003375.9722193764 6810994.602329618 208
4608451.849306337588225203415 1960762.304464766789415835780 204
4720704.365441177 5338509.425016289 146
4142509.8178848964 6354610.504025542 120
7536796.012776475 4313595.841677359 218
7595321.929673870526783714740 188597.0864109318264648610893 298
8864229.293435922 1769469.0772236444 331
723962.1649198491 5175944.101256483 254
6182904.680384454500240209885 1966547.919277030098372828179 257
8232611.834908418 5129205.290806356 278
4016636.0068662567 3207979.6407777774 320
3627404.050305654949519863226 2368091.162987853525115000117 54
8533830.818908894 6482679.894229364 201
2935503.4522648393 3395474.864748004 166
6155023.684304066375508072038 1834689.702833328539754212248 169
2765505.2488588616 4828116.511499857 27
8969250.964121828 3833002.569713493 12
8443316.338003175 4622175.474649435 282
8957709.78968158 9972999.318912707 208
9914933.829332147 67837.8541324287 216
457750.671936199 8195813.081313478 122
105556.18614718098 755815.2073525471 234
5899301.859302434 206304.53066726952 203
23473.268651247326 8196937.093057574 130
7867864.264013649 784410.7265415512 60
668871.7933429622 4286876.746676961 151
1776168.3957938112 8992667.77175193 295
2554779.6184403705 325315.04915642715 233
6595127.036683563911053768496 1901816.429824177821995001240 335
1054996.2852517413 3121043.443340128 18
4571604.81761978 1573504.009734664 208
2739748.042929966 4376583.060466169 56
4143801.600379162 8697440.104789449 317
5161983.898124362 3652195.083592119 125
6313020.766539113 2003601.6498245224 46
2623590.2183151194 2332048.727644721 228
7619620.4589252565 8019309.761839154 207
6580066.215004046 7185391.3305051355 54
5180705.591837084 7770118.060842419 41
6854231.889314448 9520011.889648475 22
4857065.929024318 1194516.0519449282 147
5092945.400381914 700890.2578481579 198
3682778.258905314863858081622 3080832.900638015773340893032 63
5436358.640957371548700795465 2028593.236593182036334811840 348
7862200.989513132 3740737.854303041 138
5662409.913987868892470775020 2376690.015391340124206860305 259
9653964.802267678 1448771.7049501203 202
7650645.164337414865192246699 860734.8922910524729677270356 353
5004182.913543016 3574423.8587442776 106
7949938.395578005283385272871 804887.9937720516723199093089 167
7837750.95550501 5435288.9370365795 352
5553795.412983648 967829.4835730328 234
4843644.018136124198546764904 5457743.099445563944917369742 212
5089629.576566832233480415570 1459276.969028933127201677956 149
2849172.319851071 9146455.1979258 94
5128047.088288736 9894275.021357387 204
6153049.656159367 9777572.22174964 17
6001597.337328125550869918579 1181219.536997981310537183537 221
921472.2125071273 5818650.777181237 147
4515922.955543057 422354.0437924611 2
4150044.946201814 3454651.772336352 107
637189.923095357 1419621.1101343047 343
5411583.357596149879091035347 1556910.235484598548596391606 143
7285096.5572779365 2817957.7077049557 341
6438039.457927592 5597347.2950545335 14
1726397.6189593433 1064301.3131423474 237
4179859.239656253 1645038.0046518708 97
2447307.054426149 5014042.317482672 52
6654448.318669188 7023580.911980964 259
5388342.561529333610122153491 2476834.859804817882396995804 340
2247886.9524797807 2972588.5123594655 253
5592712.848887903328295267751 4891294.625593908876857683988 160
6151735.6058964655 5078974.0430733925 10
3820077.306458769 2434892.5819410672 101
5485389.794159382 7110173.508166535 104
6782899.246640523375092800506 3600523.832247528093083595655 301
4840099.256537575 1388900.3587436266 12
2757224.213436408 9835081.288189378 156
3181358.821502506 1353921.2851543669 342
7097875.228879644874415842698 1667381.097679564311042622275 13
4609721.4680438135 7828803.7648943 207
7022660.782365128211190252873 397770.9982911507229364849993 275
7851630.681410778 9872701.764550647 158
3840876.249113383419326275200 3391117.677119621513077789015 166
8384715.392282988829971097802 575621.6779153150890068972142 120
1820612.9656916703 208417.5491147533 255
2514881.8281330187 2826687.297788425 93
4460761.861337762594004138173 3348991.801261325933716802123 193
595151.7953930985 8916037.35758116 131
7750185.627362196 1684240.29752686 288
8828522.165984672 546162.0183954119 131
8466014.28842248 3213380.4916145047 246
7323028.4212116 5534272.135332465 125
4444703.039321998962490181724 4910526.425903671035276412649 121
6622889.622380339 2422133.9032345326 174
7901704.373092741 5472234.898234656 274
842069.9087022465 7857047.815880846 247
2999410.5601844946 4904446.711057052 96
3436570.1367867775 321279.0112643005 259
5176.731259605161 4630832.93487688 347
3513311.303823201 4827373.13980671 299
2652840.218278951 5862111.384080484 146
6115037.439155867 3620932.929537921 302
8337845.962430323072984192118 776357.2440450893253770346849 175
8010896.136319354 3382450.950778524 206
7454294.562761236 1733701.450212609 153
6876743.418857591396838024071 72064.11718053883412522922206 356
7192761.893833495293194792180 3875086.783907725813996197505 104
7830924.227522108439235988131 411535.1259808575833806812356 240
5119350.393565496359231859677 608184.1256800032553285117225 92
5981813.594209583749373597960 1633660.278365785163252991676 151
4687989.386652906526928172895 1700606.742166961550974430989 107
5689020.338016105000062501389 1230164.364030120579059155818 356
1848546.968983452 7286242.18605793 350
6102963.432546565 3996096.1028732224 95
1948047.6200812103 4032448.2445371435 337
8840832.31051359 3250826.8415036146 340
6200556.363896815 9757741.517905826 121
4146794.6280536326 8799571.727686966 287
2102420.3159493483 3288106.293055335 329
8537370.990020653 5590515.470967685 296
8274784.859384367 6283538.949988947 43
9570898.79126789 1355658.341242023 100
2490932.0515058353 948576.9488474638 118
9988515.362858968 4969954.154710091 247
2554254.538588766 3929002.0116594727 231
7377961.998862421 2345717.3700185665 244
9290272.655030295 9676170.176790837 245
8525157.253310122 3084070.068551227 299
875974.1958361911 2119972.5373420585 310
8029808.226213105 1785677.2209859139 279
5507159.873178541 1015520.7167549884 16
9862558.40947685 7330665.99741973 139
7985718.531248539 7890705.714390919 55
6396876.893113779 182748.2518591661 20
8842466.582561422 3711170.3291415544 117
6784743.315589668461259480934 2827818.697193279149894334606 126
887657.8405589686 7219569.211936116 347
3214412.8049936136 3185119.8942856416 216
2424781.666716832 8278228.188633128 61
6951276.421539997 964573.4843809872 37
9587807.182479559 811297.345023152 74
4857289.242471230649715579575 2532493.987779827624682164857 255
5048826.716290683133036793914 1174930.986200460679142950154 95
2246946.8875599205 2703381.176385914 150
9995691.86663483 6925084.980279901 266
7640964.300116038 456504.94198386295 144
5568925.519538563 5550097.89220816 231
7296953.017369612469353677573 2043385.005954012648105268310 281
9454336.297872907 7036196.225936422 167
8373993.741717286 4315112.665209887 261
4091211.6994490256 9868037.78665095 127
4972952.966911535 7505826.248980641 94
4598201.435292752 8351244.605823043 232
1978044.1266778547 1818515.8920248302 226
3847272.791640355414152468043 3484445.623749265008839583706 203
7123640.944938333 4787025.583937736 227
2851981.8609613446 609835.4179415599 200
6256985.020460508457954633957 2160674.860534068245394338040 149
9156336.889670268 1357401.6685468582 348
5753860.032484148039927422766 3571851.883074682803651778108 295
404797.79105103476 3309652.2732647816 83
8414664.87053771 6168401.066400071 68
7470218.068678428 499141.6047108754 128
6269650.312535384 9428317.576587247 327
1443820.6576263846 6043027.528733327 103
2978729.2714367453 6046361.627552778 231
6679814.549686869 3839777.76836549 223
3669812.6153054712 2768562.373462776 268
3020151.8113688855 6377559.366572377 196
4394860.416928240380445616794 4759136.658636556097185077200 117
2912194.1508290693 4438726.157419451 331
6848737.917300861 966854.1904211114 20
8397867.631056977757913768204 3444463.515209666843082015531 155
3222853.1815220774 6914715.256649592 143
4000442.1017473424 4130245.095350258 322
4671144.551678030745484139247 4502044.109108248930125261393 141
707359.7394589082 8500891.959609948 263
8198979.889719007512454230377 897325.0051254703746232969989 223
2564212.9198664585 9111041.596145969 317
5851775.375574644 6989825.434134033 246
8057513.206375294 5744858.781357244 249
2742195.407511807 2288532.515731072 110
9591714.575366518 8823467.003007881 264
1736575.580501777 400482.16914232884 285
3433544.7427429245 6449093.07020942 125
3649144.0844421685 9293468.334407462 6
7700618.839862022 7716075.16858444 119
8266841.196491827 3438513.59503604 34
6166931.096981657 9743984.784935804 188
6496596.96187586 5793033.792385368 154
6031413.954426716 7581071.6273408495 209
7586680.832914813105613728988 296628.1403687880321326818778 223
38825.471189627424 9629084.865137853 165
8832534.703740047 8379462.157400805 316
9757980.785383392 3148925.591624585 22
9911241.251085088 8914374.372332778 6
840930.8032738438 4488341.149963699 74
4272393.489181613686046326909 2483755.727017683285694798465 43
5456443.613115671680980120917 2198441.777860096398061923624 266
783467.368837375 7513863.065045908 82
3279268.7371927197 4529632.996562879 180
2017383.9787993864 608259.2734685299 53
1227996.7787080936 1201379.3728597022 286
7439591.844916143 6272798.272525849 205
6493254.581029265701768357201 3229018.521463238518219237101 275
9494229.056370033 2708455.583505538 147
5050614.064432532 1456191.7631142607 222
362664.2891918441 5464918.143077093 320
8059634.018174696 8602549.106906254 199
6375124.028631822 7782872.081822944 152
7763346.356042032 5481351.677569047 142
6322666.137699269689250765852 2662179.284088406911681722297 215
837248.5895838933 2243211.284605805 257
8337087.9473572355 9393916.733495029 199
641439.8740794114 8556204.55777034 225
1552526.6496045499 7629644.612063988 164
5609993.794327413184760237814 1494564.868303991924262254752 245
6525896.984751971 9067763.386143358 168
1731182.7460928864 3927031.8391252924 176
3558479.049443983417180716823 2362054.998487622920547265553 75
8322845.730738888561906257254 575331.7498605828105340450102 261
3908450.025202971 9159255.529403295 239
4502958.0808896795 3496411.3205361515 160
1235920.9584621533 1936495.4330913986 321
5540836.558738790637652855133 5633160.137652723032376344792 274
4241495.4303123765 6627194.195233854 21
3149879.754295819874902289191 2769321.581853009537500712605 46
9943896.194585504 1248568.6594972678 23
7733659.790234734857164646567 388934.4881555555761324354287 16
8924794.401203135 5509373.286177436 355
9329013.84144576 5307305.479881868 146
3364799.833763944 4833395.107166398 244
5310317.783481858409568783491 2060018.751864193727597618839 346
2605819.6113788923 3931404.414252754 71
1511222.6761069703 6821938.95038523 245
6780717.168867995 2396652.461486062 74
243518.35089047925 8554093.21126897 57
8593101.926107771169396529732 2122622.708541226196168974863 240
243963.96461749292 4666362.384786501 33
6048750.695955988 235482.557522797 102
5649410.816015238440624421234 2309815.453712252544115721401 319
5192652.445501644790150599876 5036904.704335036886170281504 305
4527303.008512428 3593919.7736314232 143
6898833.726019963102354816056 2690901.215366171725068586156 124
1031336.0161938701 8094447.594523639 174
1891075.1155762372 8457285.401467804 154
8464729.185957966 5902779.217315587 161
4249188.087182704 6579792.774299309 305
6165852.857838077 3631560.0510567445 337
2787488.5613951306 266633.4263759329 278
4735009.10190488 2655187.381146621 296
2978625.314351092 8907035.255977008 353
7891003.5033050375 9704619.200908964 250
708631.331749393 8735816.185745995 285
4919169.113322852424149921404 1056614.455033880973575356166 4
7164675.594545373816056260882 4437107.313475148120875845678 279
4643435.871826653 399371.95290128846 290
6926058.441187313686551845292 2698196.055809430652498416077 195
783694.7906724423 6389777.05154365 351
8514462.616510695 9659764.420962494 291
3423000.4354175427 5273101.958579498 88
5678583.476021711042372621767 1043407.993059804592111458348 232
7237979.7372664865 8244259.3915405795 103
3861359.893746401 4280882.016998859 78
8542954.318614529848578741169 1954203.802146480023603579128 187
8000132.072983943 8274113.611437155 133
5719729.631388027 3144849.364487666 262
3395548.7488482893 8119775.395833621 138
6237628.396181742126619245810 3895915.882461833509869091882 295
1488087.2342006136 8230712.905054779 317
4972944.837630279192400179223 2042264.828120666956528730915 83
5430191.118878955938171963956 1092518.502973944024978862593 277
6096259.195438348593114396436 3071345.974645109168355451445 328
873239.6671924214 8492997.706476523 232
9792674.266557602 2618895.204556755 170
7352737.950754403 6229406.614981558 46
5954217.326942033940172283117 1160101.976580006171393377924 217
167753.45684186925 4348337.547816861 44
8998853.089088952 1956182.928058332 331
711998.4686280567 505225.7611878186 23
379731.77546676504 3764610.3972238186 146
2877712.4110099496 4519685.3763813 350
9586509.301019998 7458016.445783438 251
6369240.361736637 292647.12476927415 190
5308946.937786154 2491276.9383386546 128
1902340.1567033338 6332994.722970101 100
7463658.554202055081722666240 0 173
4270004.000307619 5766826.784422287 155
9520549.184527906 8580544.820312452 352
6595602.733481083843540797539 708709.7992433418397348371356 196
9908925.312689794 4681524.18550415 35
1942689.2883092295 1277154.6474600425 250
8391847.810489183 4939401.753492405 191
245909.67258260265 5003207.920687657 89
9962566.482794171 1804955.6578441039 114
8230569.104397564468563969935 0 180
4732326.150417241 9831778.560215779 295
4468262.458358562 323383.19124022743 237
4073328.6830193447 9345203.28413207 35
405869.2566610789 1251078.5231454147 61
6306390.743922766717998714453 2153092.298389518256788997301 238
9982622.348859768 7988722.3861222025 91
4018888.067087823555290406371 5497023.942212816072899842260 2
7050928.620300751120352165101 139848.9755507282124596633563 18
5914410.051224312 4779062.140006381 26
5805769.352487546 8095594.426027267 79
7824302.133374356346262088803 3545598.587654591566233973114 350
4446891.284445915 8399576.195473142 218
7790222.576939675 9518641.854223391 234
4077100.1926882057 9772557.667253349 210
3436784.2410453088 3604452.2711404227 108
3687269.611782721523145256396 2842707.920671160357956622384 76
3255284.230676904 7218236.1683922745 172
1543721.9838703831 8890449.742273325 219
4345363.395885032105797443427 3036831.595147878260578350159 251
2920171.8471843153 9301478.377777755 163
2042119.3817273465 8655317.57777823 76
6459863.461837659 8785357.36947493 343
2910146.4573898716 1439351.8929466133 42
7180316.9972477695 8220902.755179843 220
6003007.473734895 9737192.494819544 273
3613309.4032071433 6754305.368972182 54
4994548.833320355496998610864 2218215.253249118410341315572 107
7651289.92366956 2238365.25778237 270
7409033.308043579489742500579 3581936.386495181777504040082 302
8207655.376496398199142242209 801405.5492297543022899275607 297
4181312.3042901624 1262314.704610401 115
6533562.246808682 235358.97386017913 292
5995808.347446279 2158042.7359700403 102
5372085.895234499645191712204 6113194.475489232935631131171 111
7266914.627365862 6863363.5152453 57
6636370.053931331 6184499.009086158 186
8983719.023441067 9593995.147831269 246
1965309.5618289062 1653336.6377129578 4
3918824.475315711694367218051 4408356.525660492647292996015 101
4129223.331777008 5405650.583151677 86
1977793.7427820559 7926637.698643386 134
7826426.574761160837321601192 2281383.109194437599526557275 114
5475277.356302851 4796888.961168585 149
7184963.934773392260538498717 2690148.606721555636196114395 323
9264148.936213436 9353242.871504301 224
7882848.404278641 8622042.015933717 264
4444024.902317733 3402898.612409376 112
5269767.163806985 102607.7267652703 114
1865539.9522687178 4650063.903927843 228
9753560.583453964 9968663.258596014 127
3889759.597766099 174018.33977553571 173
3214135.140292881 4903806.094947102 184
7921484.728167496 1939784.2162978074 97
4416579.016098752 8361911.7319755275 192
9983157.414775582 5133339.352377763 345
9717108.671749616 8601213.573225709 20
6148389.436742099222988555943 2725780.845298993537617626116 169
4338699.444398762 9645035.17611207 194
1931481.4390353675 6213376.519436971 339
4060483.6347540463 5311938.949156721 163
3790895.484740972061153155549 3450322.681130665318536584424 238
9139951.287845949 8059467.6833718 317
665019.0322769866 3127068.7635359582 342
4310539.198639467 3677235.9843331715 93
5628462.691897897376260820502 1207158.748413304179934048872 50
2962055.8415777455 173907.43555243505 313
5606378.514727604 945430.5893946635 118
7778570.963632219718691666473 513068.6401694914255570328593 128
7409572.421731425 2122169.5911955317 108
7896822.957494142 8307812.184524481 332
5305583.196825725562502172698 6080758.942247706761459144885 26
1739942.2373468177 2220338.259342738 265
7461833.343674106669409325258 2426134.306793250068322351188 154
4254725.427808043132102381043 2114326.662453843502462619542 30
9122347.964648776 3025229.176978249 207
7671658.701599502572437993242 1604080.043356019767317676582 158
3857879.0490890634 2759853.7376099285 224
7074429.369067721 2593191.429552606 214
7332266.865608125 4401059.918946989 351
1672537.9741565161 5346206.075095536 238
558
