1000
3675813.558277044 4117332.06061316 308
3922938.007865638883367256883 3801027.189251917835391487185 15
4697374.371286829155185813381 4008536.787419921201583867844 124
4641313.445041888 4171118.1384426933 97
9204771.271105777 2722395.6999816545 283
6577950.974239488 1439789.5414408124 212
4446837.252314426 4890664.258820171 190
7969663.6735423375 3435967.3727218285 97
3803.1329124377235 1550668.6153258276 131
7236218.858276447 1627109.9235247644 324
26401.693798041582 7038164.122357157 95
6152659.038684295 7722619.319645459 337
9787644.51558244 3221289.7381237093 318
7032618.844916748 6994729.700060314 8
3081273.914437318 7807181.087280688 51
6841208.462776579 2354489.764675385 153
2830367.432023544 7074160.7090214845 324
5396820.244131512 595592.8407149547 122
8134674.135230063 8604140.978411496 338
6773345.10872817 2100437.575296621 307
1667667.605433376 8299759.8359942725 358
3891624.4844429716 8992866.086334791 223
3711374.4498921353 4501337.540739004 57
650032.5743707113 3986438.9230684172 217
8242978.236741986 324049.4722433085 152
1478209.6782036559 8336029.173972566 268
6231589.986481533 2568597.938392877 220
8253717.494516579 9000352.346201843 134
614679.2506435672 4605881.206002186 340
5166813.962468716 3261284.5792758293 208
869342.9752985416 5123704.198049902 78
7350933.598313023 7653973.774215002 206
8815554.647254737 9391875.506769143 303
9112838.138559027 2391355.6976845227 208
7055854.559763531 6373962.620277731 348
702831.7821119345 737061.4131327602 340
7279312.943360452 2136229.947998709 191
3077565.3504876443 4374933.53626348 181
671040.5815996256 5500148.215877851 59
7754380.798411066 9285795.762727574 319
7663537.861541947 9314085.138772948 260
435869.4946947028 5348328.893656108 117
915489.6961032399 8820464.008230953 258
7649284.964299079 7120675.219560581 72
1643996.3012393166 1452387.2571774188 101
121634.70165753587 1443699.1671673772 201
3370954.04743082 4905755.675012203 26
3722810.0942390505 8895734.74115535 166
5998279.910771854 8802365.848332934 84
7456594.93101991 8603404.61753907 221
8937265.779481802 7909299.001721538 272
4049296.2958218316 1565123.2934436265 290
9774584.272092322 1527423.9608807983 291
3252471.704522283 2199318.1223102952 60
2155939.575104012 7744720.325048833 248
3553768.305253421 407228.7912522277 47
4793433.96010793 3836921.900827759 21
9118024.942429654 1003793.3276594924 62
7852708.168068435 4005787.604871137 126
4338346.770485359 3564697.6488879668 323
5011234.860365278 5781362.736975962 273
5840837.771147483 91013.53001933376 43
5053948.547780608 7176724.899763289 9
3217270.8957104925 1537551.5341405454 92
3145820.541086856 8178709.497907813 255
479999.5791273337 156156.36863477333 44
1464841.9755114783 6617636.066960726 207
3600433.1708379555 1485190.3256957987 44
4009001.037025005 787516.0391643632 171
7144889.502826192 1715981.637482209 233
3330909.350137976 4285148.772524012 306
5134169.849288082 1542054.9028486775 206
7311656.128630564 9448047.483619977 252
5336961.152304073 354774.49640984647 18
9629589.444394918 6542159.130394204 153
2424318.66274053 6215087.847356105 260
7689468.092949268 4764505.355809833 117
5624494.9618939925 8555765.563113775 131
9194101.065086331 8610780.379648138 151
4875542.16620232 7660787.651246074 33
9675666.88450137 1552384.1445479314 146
8453161.516122159 9280844.295283908 304
2272134.984426848 5245506.088105607 104
5881420.346882961 2162359.5673525985 176
3784119.182714337 535809.2201451248 186
4148408.992857585 7886357.260233298 11
4783143.807902054 1093422.9837926202 44
5428556.260558829 6904737.491815196 122
37591.9966132976 476573.5856665976 324
6099464.097389486 7420677.564199452 277
1902417.3586429672 1407319.1246370587 227
7753080.909678578 4225674.481077016 296
1622412.265013068 4029870.9028121606 225
5579959.924114507 581027.1452153593 94
9888368.930227153 7670983.073364986 50
3102068.7875903007 6716918.590877118 177
5493779.650565087 3817137.8466359773 273
6772625.74107563 6610664.675011064 176
9975357.250465129 6675432.763889426 198
9944016.343337825 3458531.237871114 123
5700280.428702285 5403613.955223415 137
5789937.103571723 1318337.2089609236 220
9845240.50241538 255957.93940738187 26
9217802.694636658 9038887.5792513 134
5847934.8000591695 5040093.820839163 68
1322759.4524119757 2046857.819784501 216
2932686.4064840307 342160.4548430568 235
8065376.509789907 8699951.417513875 132
728030.1174173675 6566222.120400461 347
2895117.077178867 9570074.12571967 252
6903016.514111892 6045260.954519344 103
9848794.71340507 6359115.003142851 73
2070020.334661491 8446932.616006253 290
3245727.5930179553 9027579.010658883 96
6780817.436788903 1544458.06088763 350
6469897.694685247 6817215.340874396 347
5208972.545959979 2242193.259207099 327
4432455.297181846 1864011.7950995027 141
2741139.7364944424 7435507.627211308 155
388888.89447890926 7322202.812007743 351
3049996.0811156724 1571950.9148222331 344
4309653.99052847 2507966.356207719 38
4755269.789119595 2503561.394875726 359
2652636.238120082 5967235.548249865 84
8947911.83230032 2399311.1229032893 101
4788485.436283723 8023080.059464466 39
8218910.799416431 3733813.123419357 207
1230783.2995897261 5489868.8747225525 137
1282520.5554959541 8281942.581650939 10
7448319.112089836 5485103.373421384 72
1457656.5724942968 9745778.09092345 357
6293972.06564426 9075208.843586445 305
8152925.75020974 5140154.073240652 288
903104.3049331156 717690.483647967 52
9144578.053835662 3124308.902155395 109
7479998.235040948 5803926.959633413 272
6337668.440424332 8090702.045923473 27
9898964.71055816 4761464.832008495 274
8458067.250733342 9410384.496135656 14
1502078.204214793 6025755.036317379 13
8123284.77530774 1219911.0498052123 266
4259223.610068401 8682416.24929506 77
7311318.151034265 681308.916554928 180
3893442.6782511775 9299955.492634183 49
7360501.94170182 5677696.380221097 270
1640591.395300235 5451188.55457265 309
7832011.923481249 8221735.861823021 191
5667926.750649741 5568020.627720624 226
3155392.1571200825 1322743.5672944777 211
9906503.030565837 3871249.8415039387 129
9628533.996071476 225056.20264221204 259
2715516.069290347 9545159.072388155 250
8830426.132838389 5138928.096885282 28
1791370.637184413 8847950.883176418 2
1525724.7546806985 4028126.408345436 55
8644577.870146817 6687547.986374074 354
4422800.70658561 8952124.36993389 25
7100228.652730124 124527.98312745594 215
8637031.91905827 4984769.016524933 127
4020421.7779137995 1069395.8984118458 205
5510728.880961959 809137.0325435243 10
1676983.3204900431 9038009.984113632 342
6543615.900483763 2880716.516604741 196
1218712.8159829497 1397998.673648494 282
8112034.7834268045 951913.7420670898 222
246891.7766632761 5289043.920569353 56
2027777.878545516 5227874.738105398 92
830616.762960048 7815149.799168093 349
4095432.4808187312 1388115.9688459665 129
4166807.969729989 2931752.317366656 24
9428003.10765351 8405211.492213992 166
9654569.72319838 513698.118225967 263
7976359.48351284 1902181.938628361 203
6984824.353893286 5828104.358287134 355
7685379.356558062 918985.941849142 36
2664921.173274476 9531666.578136187 312
7394755.565997943 3357883.6473861127 184
9298792.641824827 435808.2080156145 180
6653203.555914102 2088987.156354225 143
4105272.193084574 2159788.765197802 230
9081976.10298961 6406139.8416034365 342
4326117.462189771 6684707.03126566 292
5076336.053587394 7784250.629565779 328
9325433.383217733 5973089.157674539 125
5773468.08459614 2958194.265609746 193
3729453.6288002133 4451608.646141969 261
371181.5421760989 3398206.362401882 359
2940452.3086505365 9091571.989988204 32
1532663.4017980234 7583417.316092225 135
5521032.600294584 9372901.652811237 92
1131285.6159887097 5200434.185174028 233
5006585.280859905 5850251.312248713 66
4998948.155938015 4921988.913853677 129
8932668.601443887 5649000.319519114 208
4450279.846382953 17201.29813473692 331
4503370.770988356 4157031.597195655 57
596640.6339344322 241348.0062339868 245
9727152.710035544 3684966.7461646353 98
7447866.932357654 3742577.499465146 336
7169609.126896728 8197978.68021204 106
4461240.648907297 6917738.328332043 56
4452438.354687528 6703061.378499107 10
4352094.388996035 1009524.0427547147 165
5691613.340354151 1997235.1692501933 121
5987407.212695676 4534359.730093304 172
6308779.921089092 7560698.929263969 137
9405268.073765451 4486068.123574563 334
9519780.670955844 8453214.827651702 78
6015764.80261748 1850902.2917359085 269
6109744.932659909 8175423.636358376 212
8239002.6996822385 2759725.654713021 327
8198926.6296618655 7023799.614926421 349
287532.1032538547 2970945.6735132113 120
6083627.22509742 7423401.949513246 200
2524493.956917694 8201552.231772364 29
843889.4112518547 3550236.361334961 111
8152153.912342145 6329731.6564793205 48
422667.0784772491 9104715.532828534 12
1825051.6873695944 8730054.318695204 217
1352338.158071723 6540387.830843679 304
964540.1875240211 7458511.124805453 217
9730014.958261896 432955.8012306645 92
3549198.9853049475 1163180.307020193 128
2043282.004935263 1780698.9836237307 256
2762362.3159543574 826607.0945969484 4
9540048.248539783 1776279.4382564106 274
2556927.482587946 9480667.250372568 142
5895529.349695473 504358.791998063 168
1534758.6565884263 1489981.5001312566 174
9361361.675356682 3327516.3902340764 233
783208.0451314838 8232866.255655135 133
475998.15125620394 358010.68922869494 229
1603706.3374313775 95585.80321143095 286
7126675.34411627 7910167.135360548 346
9170965.37336572 544808.08564215 102
800566.7571141528 5181035.56388776 53
2262119.7457669275 3476520.172389859 246
7082131.30258937 2853729.691300885 194
7250434.549922685 5628735.742604907 223
6373649.923130139 5232203.726654364 64
6027616.757063037 9543452.312917838 151
5292173.63978271 7461852.435927699 150
3102867.336741062 2183408.313246669 33
5869417.677730393 317763.04285858537 320
5858539.539577149 8362670.199305815 350
6536599.352203803 2476331.1907746256 45
2732423.0668258797 6195197.527129159 128
3659741.7942161425 7643034.237305271 73
6633943.021004514 5032419.414455945 106
3926817.4927050923 7096771.045499459 158
6055200.189282247 6985070.429799893 160
8015955.343099864 8017199.691176536 108
7567239.904318843 7854866.4696890125 83
7281454.683037075 8898698.922999047 198
4349366.471859183 9508552.820963496 102
4177622.613778743 3851537.6053045224 82
2157244.9627168733 1770488.4790509269 229
729725.0983563497 7602534.6337137325 176
1280994.308679938 7099438.3824494 100
3356644.8799046744 1830685.9182453228 278
5329938.415217425 4544737.562814072 168
919731.5455540488 9000035.5436601 37
3665527.3466766835 5860804.5433178125 60
430678.1014702987 8247136.449127187 89
6184350.015960278 1023406.9656565414 235
4238780.263972808 7758025.45397972 98
3595931.504224057 5562483.06715132 116
186700.74961575467 3962375.141606219 243
6040675.63673673 8070300.173041445 209
7824181.992836013 7612350.772586507 323
8447817.793368787 2341205.2963240137 305
1212207.459293002 5620351.481636865 245
8020369.718520713 9613485.656684117 339
528551.0780680014 4569212.514293799 249
4025720.9298581565 8595322.257693116 32
470713.35859228624 9921934.905992499 298
8901775.926504219 7295392.568282687 322
7454022.592343425 3290863.0912073343 65
714198.1488175242 2541404.2722972496 227
4737448.538539488 1068863.0976230141 218
6142821.318826769 8558926.988218334 295
190652.28854519446 270235.9095641349 46
9399185.207670964 2320268.8471829104 198
9510959.181602616 7558374.194476182 165
2985052.932429535 2814540.912864435 186
9987692.943552889 4003547.439803636 88
9984454.355080672 59217.69955934631 256
6634790.535702926 4159581.677082066 293
2786766.98436134 6738633.160553225 131
2579065.3133023046 9326131.041762944 302
6544672.045108638 8158260.647900172 51
3688240.9578142385 7035887.207721772 287
7562358.38599776 2984831.122346441 69
3006946.932361261 9048744.41200738 70
9439932.806213852 8126316.747945412 269
1327957.2269209982 5733875.654556475 12
4588710.697874902 7881649.507708363 124
9706858.512233384 1740755.8533437594 125
7965132.149882498 9946487.154414592 19
9828206.171492808 2638916.430174033 16
7146469.326462231 9547681.039100615 290
1605809.8146201894 3629576.5677437987 50
1686946.9442054785 3853324.802998972 0
8527686.355945172 9464745.320824815 246
3086877.3501903936 3960319.219958706 224
8672443.359568508 1005310.4187438044 45
8438063.873457031 944438.0537324515 245
3664397.734738798 1969435.5071238633 151
4792770.67830402 4942820.935657769 295
5584778.663634133 3431692.373303372 76
3810948.2935045147 7894084.596474178 282
5197994.162551029 8317977.094120487 31
7914879.316472105 2575620.723294565 89
9104675.5440663 9095043.070899297 20
3313149.0616037627 8032080.349003057 9
2371841.1243608017 450905.95554808545 210
3135096.8842923576 4895009.3499340145 193
1722196.5165756082 3589080.318641926 56
1600034.310718721 9894240.81262836 37
5968673.985672437 6490472.411610178 153
9862690.885186916 1006842.0410526436 204
4058870.725760255 5729198.29849428 327
8413709.017843798 3569205.8765234556 98
1814176.0584191114 9941169.126505788 201
3916776.0310967294 1985322.0442744312 57
9847477.89487198 1216989.3385634867 236
6534508.0736029325 1763409.1337475588 202
7931761.011097957 294992.80362912273 341
419621.2464755522 6543983.206814629 181
9959132.142443089 3062058.5957865175 220
2789008.318771834 6019307.602561715 316
8138350.0596867055 7145424.854821456 243
2453107.0026511946 5737471.2093937 133
6925691.747575795 2733177.684504028 29
9390683.1194394 3507528.478683933 67
8885149.317498587 8337627.100033044 323
8722582.917118048 423496.26728953596 348
5728558.811611909 1359509.7186510563 140
4822058.274015986 1261971.8127803903 152
1631579.9449610424 8539906.58689423 90
4663777.225901322 7295395.493255977 148
9459820.809893627 1096548.9988446431 70
1936467.112687532 9158681.305330783 327
7501620.023649525 3813921.80848482 215
2844716.1192290913 9949753.18564532 316
559355.5370174419 2306613.2225515945 247
819324.8542806298 2608733.846906056 146
4056133.541427991 8971766.348925503 215
1103949.3490234276 6632521.2122949995 319
1641309.9527099284 4723079.458083828 223
3929644.872902807 2198931.517757503 283
3586523.1454032953 9578822.855078187 240
503378.3117402879 7183326.167124475 197
9554865.702441884 873802.4049824477 272
1362298.80260073 6358864.981619911 19
3031533.6133937254 6825280.446139641 100
1665003.8008605116 2896573.542083276 320
5512784.839095148 8472653.594508616 195
16610.01783604288 9603475.333867077 67
5014591.358449965 307317.31063407875 45
1622862.3727692526 9018697.382616814 216
814277.1034111939 3485000.091799814 112
4316862.994581604 3561228.031299087 287
130309.64512338428 2642044.852118175 187
8033250.801765616 3627804.762735741 333
6556993.238834878 5947669.479018251 274
8026276.357959745 2145135.4768800777 296
1692252.3126081757 3081416.790845732 239
2448188.8067265754 4341786.905394703 31
1013103.4846889297 5801758.472775219 271
5993014.729657399 8741068.17501309 336
1118523.2957532343 5554888.295216565 75
1830870.8607194058 5469379.626841853 68
7101692.336322127 5764886.8159325635 201
6452325.314540696 2314034.8998270356 222
7071701.602541306 3054459.4763186094 57
4619358.125227705 4810391.517154175 324
5386979.780170422 7927224.420056481 94
7120345.989515464 8090477.643353216 283
3670399.878534507 7750196.259317383 26
5464851.61931142 5513169.6210882375 315
2860722.029060512 4070477.8510302785 330
4925521.8922383115 259557.88728675654 79
7549073.144644651 448157.2832581482 328
403106.63116667647 3966507.5598924416 200
1282165.3839248603 8756137.299917117 31
6071487.789509059 1761304.0176570716 50
1071826.3972029518 154448.67750170178 243
4449615.3958306415 5524645.071639882 270
2487593.073091752 2242063.255182818 329
6476590.669574187 2803325.2816263256 312
3882993.608533901 7084862.531116646 202
9404120.972064 3183841.124057065 358
2798741.7953103012 3915923.4903172147 59
3357863.2091997387 8835236.171036787 321
9085161.765798053 6543998.127975297 289
7573521.810100821 3992096.626863999 299
4877600.045768613 3853430.7482954366 51
8007326.037783864 1646919.6481643554 139
8729847.511290189 4031615.1394194453 177
4473854.428380727 3285995.179637211 269
3560500.9755755677 9099869.431333477 350
9573875.338950267 7688329.045009875 214
9531722.674222333 923604.7725126939 280
5502571.224519948 2410364.652458661 232
3007603.000250737 2824460.0685208896 202
7080478.517067152 6455082.05411814 36
9058237.497508029 4348873.3878816925 277
8769726.243016167 2668632.256305933 60
7288656.009560733 7896553.186874046 155
4394193.333493364 4235306.323213436 327
1773742.3427289866 4822176.55967038 330
9041090.089181494 5010968.157556835 238
5757831.216429672 7943134.349883275 232
8596859.432952782 3071938.735852882 252
4711989.601899868 1008037.5601235392 93
4845999.840227649 5050077.121964846 286
1176890.6156488557 1449860.260924043 347
7471851.706949643 8284487.924667211 219
3718445.231521662 9801151.393299373 149
4817752.927246688 1327633.1168347455 250
6367855.498762275 4126343.974521658 131
5459086.9662727695 7697301.270441688 242
9017432.268441651 7727707.2547042295 209
6722106.684460757 3008948.644275157 341
1704107.055595594 1874866.7240507011 306
5122745.7217259 4578797.443965591 55
4656569.198833559 2877718.5556555083 89
4644317.184906109 458870.72581771825 287
4269136.9340156205 4619994.263974815 54
9725984.862958485 1895474.6565184777 141
2845009.33198783 5625413.812282371 21
5601795.05216242 901399.1512135855 240
3363144.634621403 912528.8270854815 284
4409655.694872601 2899090.299069388 31
3252893.982860249 1129914.241451474 345
877944.7796211237 3499165.6366335843 88
9947899.60239196 121962.0543866129 62
3941515.006154881 4167929.943394906 357
9278820.063885204 673681.5185452116 127
3039174.0721674752 3035524.8769249455 298
2574282.175281835 691297.3906649799 150
2750831.0988099296 7853780.0119978655 171
2847857.649265403 6766376.912244101 82
4356824.362958435 8976928.552176632 313
2851838.310012332 2326970.9141516993 136
7340664.976701739 1748390.1671810464 35
4304169.540553118 7855896.741861251 64
4652571.261949886 2368712.9746328294 32
3758275.600543034 6824868.157780596 276
5127096.381083175 6163340.954265473 46
2071699.5206661804 8248412.203243053 223
6798844.559771362 9328878.243932683 207
1452227.7299478957 7049713.462465615 28
3723951.002248321 4252867.4897132665 241
203628.69439866094 1331765.507127518 157
3567143.358640883 442968.2659831335 279
1570933.1478532485 1132933.6615041364 65
3653596.405873828 6582128.865536086 333
8662497.334725125 665393.6714737297 248
599972.6289531826 2719779.525153361 3
7581309.69434639 648635.3627331099 132
6755668.527735548 6736746.251311267 260
2493226.3657242446 289157.04679314926 210
9852965.192635631 2020558.9529133693 180
9980452.453711852 7655739.66084362 145
9821531.517679634 9177274.7638817 310
2417242.606207074 7754115.966806394 241
597139.5957427283 4797269.530002029 77
6148342.732255229 1462992.9390316643 203
8492216.057364635 238588.3644168363 75
9785132.121974722 7638737.031228745 34
340905.5992046639 1301719.2802070477 239
9251711.5139613 7480176.7699731635 37
1615295.5313097583 7756883.755444517 348
2585609.538481418 546763.9654651879 302
7206208.575972468 3812606.605136034 356
5274812.634491267 3534578.302081922 146
9272686.487455519 3103450.294968508 301
2718886.122675608 7699317.624995205 95
7846523.719927545 3980779.0034072152 248
7635943.703710761 4992593.454169193 349
7006174.710893097 7462025.400931616 83
8121877.381684497 2414688.7365797143 289
1075762.1284401263 7422939.862513883 238
4505889.7720290385 5947273.467885754 304
3849072.6725300094 8433084.989029888 60
8824773.066744834 5448057.0803864 195
2744085.894184215 6380218.813942311 168
2159237.5526729156 4372513.627499907 75
2804266.260511228 6775479.042138853 87
261925.9132445495 4651474.469318831 196
3819448.2176499977 4639262.142601987 36
7548078.9362491 3631644.6172253056 56
7016202.661739102 563893.9428470902 329
6091026.924213837 9648669.54757269 151
2906440.8982976433 1167087.7646086274 297
7469960.794481988 6316593.974827452 302
4130175.4820901584 1804400.7487295389 85
7663220.907277542 2664050.4151476296 159
2074823.1159494868 8093920.967410697 330
316773.4516980969 3940663.469794554 144
8262650.540656302 3375098.11961347 224
7000896.234650811 3406542.7858044505 67
8777247.979299618 4308628.923378357 224
5851391.141769021 2289387.968755768 133
2984435.9171678647 8352788.69082573 59
478058.60445575556 5154723.439283452 163
3672576.4119914207 9406023.900437355 40
4445266.727511724 9198338.267205555 21
6752912.979884555 1757072.2366386915 75
9233755.487050144 8855860.323395215 303
9447886.344017962 679123.3020112619 215
7702785.924975251 9757281.746027911 172
7188356.271091052 685559.1410442364 343
7995775.554552589 5350440.464942162 343
7624215.822108576 5131940.578021537 311
2084523.9680180084 5694204.1538582435 244
3146050.978042584 6815255.642166765 96
9826172.078696761 6735479.717121261 341
6342095.104899071 7446848.193200457 24
9437292.331290642 1701464.2054442663 308
1562498.7701217874 367244.72751335613 189
3605096.6750838943 5284174.066981538 173
7384071.099213274 7559664.548913606 348
305680.08996797126 6275527.803676857 93
2000667.4363881615 7910368.625545654 274
5469791.719562729 6387825.17556843 19
9367362.579423986 2538540.1804525563 44
3564459.4753872217 2607143.6839720584 290
4096814.1517354273 6750860.803670488 265
2665357.686574574 5246266.777753289 325
1622878.5918075317 7212086.629489676 180
6684082.900439512 5604248.578174903 312
1375770.0636001213 9625353.491106402 24
3418844.0372429206 4951010.253327275 20
1985815.0050701674 8580847.677277187 8
7584175.868442669 1617979.0454662845 110
2834357.99342997 9118362.987704901 344
1313655.5020578767 7551234.1024510125 275
2861011.101917207 5969057.431011207 0
3700741.1785003575 7365531.390642814 318
359582.59758338775 5332507.6650060555 114
852864.097917343 1719309.4214180626 168
4543708.438954428 3265147.4727906347 124
5170609.8771304665 5566175.768340449 98
9429241.228377074 4213445.450462998 338
1636610.7008071884 7331104.740305839 310
3390044.011129677 6936606.78106703 242
5727803.867251705 640689.3257861091 17
8241848.7186037535 6102355.678770985 263
3340545.1271708165 2495050.922670542 311
8247863.723797294 3922001.0436052578 96
2094643.042257164 4428387.871544564 85
3769210.2924512015 5118395.254957864 351
7957447.986095576 9720032.489993311 79
1020581.7269217565 2165859.3881562217 72
9644785.469288053 1840284.3490447295 39
2645032.758029715 1454741.0179646458 283
7918045.206687627 1699183.330952072 127
3701087.923671127 4960913.005471387 213
4742457.874248621 2767349.1484828074 25
6045230.125179958 8343502.500479474 357
321890.05303779437 6045085.504040808 240
9522227.781190442 6943863.453992181 261
5179977.606920054 5137175.585473641 32
3827521.4006486568 774391.435525481 151
9141447.165017072 6226442.110046631 244
8892551.448134065 6068446.181932761 349
1491077.529925451 1180130.545183643 65
6480719.878056887 5326452.095757137 3
9030646.066731175 8464639.722395329 143
6890290.087700091 7115389.163050794 118
729529.9670135346 3176327.7287356993 306
7930541.661025292 6247868.481571165 77
6399189.645760783 4941660.4358841255 279
7320030.479257812 7956897.161636718 271
3565344.5338082155 6905214.80946618 23
5095279.638688256 9692731.034288032 91
1329048.2346546883 7926906.00605667 342
3065688.6014947705 2011206.1915347313 240
6180145.456582349 8967390.307134418 131
5802930.940881367 6568373.7834845735 257
4411130.483170527 3517924.751201228 340
8869674.504328256 2533266.652605953 292
9835129.580475066 2909703.6842406997 106
2738696.6833521333 3200410.4572921745 338
3456547.6459549293 1783892.3365462478 261
3257489.3249810077 2893455.035651604 51
5922950.5163957495 7969495.903350115 61
7320728.424392455 9876476.222628899 355
9759370.204450505 9123112.263576468 204
4947784.94618405 6406858.063214922 189
4375258.223221078 6156128.292521629 19
8187482.762650478 4847378.134209058 353
742774.5408791786 9870875.405945484 326
8425437.182327168 3738293.564973207 261
5318072.8861777205 5401718.142299948 1
138230.3952301045 9635739.664191464 41
8830932.303822367 1517921.4862201007 303
507596.233465335 2522286.692780753 77
2565741.8592323344 2291972.8538550134 240
3851155.3663880914 8699713.701615106 18
6693693.718880412 2229819.025521456 172
1567544.5088146445 5316286.572310725 110
2420671.7933426537 9942130.351372669 210
106250.79335124354 2988759.409833979 136
1576686.6557290892 9092240.865451774 161
5380796.183769946 5912446.202986393 216
6380542.02884011 3083377.727322394 74
7504396.145996362 1425099.5480106466 298
3854627.983271719 1103520.8722726365 17
512758.4842922395 6430947.0165404305 89
2360850.2723312173 1891491.6381977852 142
7547992.099859439 1387815.3156395212 65
5494625.5316592045 9497087.874329945 333
8792683.98804287 6850333.456751736 152
6902768.222148355 889793.0914596664 72
420188.4194812533 6115121.69342912 130
2090004.9520747631 8162900.93842144 295
4001825.996094112 5130813.89222422 29
9165186.885289157 9844165.699603984 202
6115128.005277329 8745438.408983696 231
1870865.3503588191 4665531.380341582 317
7167681.075254341 7916019.482260958 93
3640095.9810084677 4781934.157205805 160
1231673.1797071688 1167933.151343018 344
6470059.6649611 9664620.801716872 5
4144919.1463873945 7628348.547119332 87
297097.4420551764 3824452.4335673833 189
6649458.707836744 2661922.0574744716 45
6775293.065507708 2011603.3253107667 184
6829809.280212419 2979263.421480549 59
769407.9801135567 1836377.783713511 140
1673002.7995540153 7657862.309545639 244
4961631.473549497 1781026.1160610751 70
3728304.0630095345 4478199.748402537 10
4038013.3063091896 9698892.224275645 137
2353004.7030540393 6138536.733767839 271
7835557.68553649 571795.0332991173 122
5169492.557947232 8780397.592453951 312
9345081.936447829 4653315.855670834 138
6249155.819056111 7141899.1371695185 8
3909467.3470517504 1366547.755624682 193
9471613.94178356 2096212.344031323 313
8208849.73261377 5380959.693429071 309
7683828.154736021 5768479.208211114 21
8007961.966419018 4309758.41065722 357
583922.6103350891 4156831.359205565 344
4774063.918482302 270825.554649462 130
4908688.154123697 8783019.47084652 42
4927619.294592733 3513757.192186744 152
1980198.7418197065 4538380.886171253 14
5393725.93496517 8663916.782362102 241
1093016.8184132406 75832.60692559878 316
6125740.241757221 9255386.095711386 210
1716226.4622692824 329486.8543852325 355
4984363.007801379 57709.04560717272 141
5480573.55331039 5497677.143771277 100
8307557.117024032 7190441.175459554 351
2133133.9030053075 3648354.165370887 4
4218287.852281555 4629467.133151371 160
9776609.23832482 3002399.3468185537 244
8223157.801749497 2521370.7593411794 22
9680452.993097708 5141750.100408551 5
8984534.601133097 506605.3982483365 306
7573408.008946286 2815918.1640057317 29
3211920.0848762565 291872.33232063847 89
6684580.577644304 1040344.4693139596 250
4571968.240764838 2491262.0444092005 358
8976608.125049818 2218650.0664134566 252
7836572.5641098125 5421213.663564549 149
888683.9832371918 8725275.537486244 323
6361031.260977604 5545352.654993696 29
1671097.3427775055 6651368.768794504 321
100182.38065928164 6808468.884650483 178
9501105.922368262 3283520.462885403 159
7862574.207698069 7176710.068207005 334
5151611.790315007 2743559.7655047607 339
6547916.7776905 9123249.707262874 158
9655208.533791825 210240.9052733789 314
9619043.761350831 3505174.985952988 303
7238112.157969938 520064.2832192137 132
1633599.8610532265 5779111.400850556 26
8130473.463001582 9922418.06398102 270
1001588.375213035 7650289.44704696 238
8914548.854691679 86212.06683795845 345
399631.2667389146 9688144.913285056 249
5234146.104672842 4275203.107075075 141
8885496.459989738 3151523.2645391687 296
6358323.362390926 4499764.870362385 54
441315.60077199206 8365605.7426973935 207
2581950.4404549063 3858145.164074416 345
9942844.568076529 7575882.390343028 116
5152265.439290005 7842759.840601351 15
6472075.952152791 1169663.6036807061 81
2037000.2355057858 7759183.833548873 279
3756635.443019085 6755670.487583928 108
3263359.400346334 4887280.073624195 301
8724459.06156508 7064219.635946135 142
1438609.5595759086 9189458.076702638 268
2431120.465180557 2472411.0426533055 192
947596.6689623438 9010692.048178054 197
4190713.0503391232 2686083.436363793 359
4463516.053416031 9697838.051789658 185
2623991.5742044873 1480693.770562046 277
846054.6170895256 765325.0870140505 292
4120581.5779362186 995878.0247371835 294
6987352.641143893 4167214.479603648 177
6055698.6973524885 1911877.3932493082 203
6983574.75893365 3620380.0273263864 19
4102514.3636823124 137992.3963995222 58
2225788.8724553334 7884671.665531033 208
7202271.9186718995 4799097.095845473 155
1755787.2039037303 2103843.1534564537 315
8493.213073010875 796873.8441016199 151
8358892.372954312 8703831.76004796 149
6145111.533518766 4962615.062596203 244
6902707.892878423 2727534.466578966 269
8059574.41003336 1360166.7707513599 260
1781535.2785133587 46991.0899214776 57
1670562.875909296 2227974.6723758476 341
5847913.546033804 4792050.136404793 91
2830969.728439214 4003421.5346632428 306
7634824.267356379 399452.4101626573 197
2967195.3256271556 2207414.1967139225 235
1930042.0532349928 8073834.290576699 148
6589473.452213522 2121996.27586368 140
6831707.631689309 3964145.5576540763 83
1692374.0230575202 4530683.029286549 278
3966387.751266187 9585251.9349219 232
5680917.269773183 2307698.5182339395 290
4123793.8372659176 3505822.5787114836 335
174844.25382341407 7576304.666381376 17
8697651.005909953 9408541.895843282 250
1363742.03741355 3326962.247296671 285
1949680.288604032 1060196.80337606 84
917069.8097745278 6552544.722044645 232
5706444.363083045 3859979.9230033914 258
6731038.608785671 2433371.853777189 134
146208.01937180627 5891373.44210212 4
1187273.0393227094 827018.2239819635 104
3248585.2385700787 2187852.600606343 247
4029761.427546177 3834273.667660083 287
5024200.698269523 3264948.7000015676 349
5176007.794412174 7196112.457996071 246
4753324.835314277 9240229.341276458 217
8562742.578401163 9922495.254377617 193
6215494.466219204 6466688.340301298 35
7885980.721488052 7576479.977765857 58
2644018.025870322 7542671.143830864 317
3249403.6879877443 1069568.15043313 69
7165421.034335458 9420019.18285915 246
528069.519026908 8581906.670334784 207
2515986.501041817 8384609.269242696 209
5579819.146284227 723646.0110917243 136
3699393.000148787 40965.293799921645 269
2893204.5602529123 9254894.725931427 290
1526504.919094057 9908700.09008214 218
3731975.3013101774 6201166.668187575 94
4911313.744091297 6001342.9613576 80
8625139.227394199 9067886.40388094 130
6958087.733403172 3750671.545279497 247
1243468.323711937 3873552.6743955407 68
8442194.136199009 5739586.972548392 26
7427844.0337209385 6740186.864810263 80
8148467.391058943 1240189.582251846 251
9381505.946003424 7160991.944669446 45
6488461.044060049 6977371.910640197 73
2344839.305596156 3613572.1566026635 299
3512905.6050246544 3136572.5393266384 79
7142424.924939944 945834.9137564503 46
899441.6197844812 1075924.5153105757 191
8669745.217916986 6434978.816712851 84
8743022.135109015 2889019.096532441 1
2401754.4893437303 241979.38164891576 252
4165407.5199217033 4170871.904632002 268
827996.2382215511 9433663.166073553 111
1712551.7585823413 8056224.8173942035 247
2974443.309366144 9104351.440919489 64
2261134.547768532 1840157.7513422784 86
565719.6883946835 1880501.1502363922 127
8502929.89500643 6458287.736361239 216
1022173.0755475999 360827.3824230446 200
2405679.7601925116 2283014.4761870066 14
1710062.3015738914 9428288.348191354 153
7763474.2849542005 4765751.549580104 198
1701500.8194037152 1465294.2890113473 54
6670808.408470912 9485015.977040248 299
3198979.8465378317 6330352.540951147 238
5430143.162349418 1943419.4137261484 340
6585119.017783754 6825496.6123558665 149
9301747.460759763 3200565.6213078736 342
1878766.9929715001 3909671.027392062 45
1565717.3490834143 3526707.5233049607 196
4403004.160877155 6499469.595306884 272
2579907.6580969384 5311156.060673698 342
8953083.343961755 7710596.2832909655 32
8776190.09135336 1934891.4012194318 30
6860267.794572826 1846727.9492632626 16
9134375.83676555 5723400.021632726 318
3508492.138408892 8467573.82778149 30
2010112.118478422 6573787.492147236 63
8143133.182183285 7419743.224865642 226
2856652.3680087905 1376144.0397783108 70
3470076.7240264984 7686501.05568769 123
7407774.5724420715 3258509.5286215027 12
2595454.026781092 6615082.467870224 87
2909587.680937997 4050938.2464408027 349
7962045.161364749 6494363.746950169 259
4405896.345700755 1149199.0059912472 13
6335869.426964332 505816.601110215 69
5520111.001172778 4102914.846857414 200
2565832.734275152 5288617.970796787 211
9381146.619367313 7726980.244009842 70
4592337.19006256 8932652.890950516 202
6178245.623943614 765136.7527885989 297
2687905.518192849 7663070.372408505 314
3488311.257594785 3222322.0219006543 137
2945071.394851981 4148314.4540971583 224
8671048.73217734 6400634.2284349585 169
875445.5253653537 4576478.172937765 119
9096902.36278956 5410135.943906407 87
8788180.297060594 1266954.9132394497 9
4351361.797989438 987557.7560266891 237
6614036.052897909 3375100.00339182 91
3286329.093057303 3250322.0687807035 292
1708010.0763083962 2680156.4758346807 42
8318235.552792146 2426348.2989549413 0
2538893.9279335877 7562061.575594373 304
7819520.125989488 5337469.575534799 129
4397843.910754636 6501081.084685338 192
919113.2326840034 6677828.310168155 35
3397581.3187922197 32777.90518596113 187
5977757.424578681 916753.9309821293 76
7398103.301780333 7305091.308858481 280
549486.6857409908 2377486.132297191 220
678237.6053357086 4791385.912475201 100
5894798.78057738 4867156.568080455 82
5047369.386698621 653870.240464639 288
1238012.9509490966 4565756.836115312 228
1792505.1147121585 3950042.114641994 264
2995449.680277645 5090667.384842612 261
4466687.56678227 9156903.850871865 315
6347873.607292738 2890577.6182255107 291
9038494.642985232 4848151.289533548 239
9894360.61529679 7556512.194992223 0
624013.8450377187 3370947.219090379 55
1432443.0314923143 6115720.73388088 57
6092073.756978448 5216198.443419406 188
1692337.8183567084 9036216.970062135 303
1583386.7052515317 5447961.413176317 59
5551410.691563991 8223574.17944241 192
5567114.03526778 4948016.24818183 57
5546253.87238748 9159061.53027567 277
1044984.5778376921 4694293.812843691 173
4547935.004068359 7096045.7591639655 181
5779480.540443715 6921585.486030738 141
8420804.158185024 7879103.062627313 330
4194089.3320412 859959.4535550748 241
9646678.328915406 4799203.929674657 215
2714922.408815027 7431738.281909786 285
1885333.4727947323 2928106.4510023636 276
7151586.7306085415 4351196.24265821 16
9957391.782317752 9403009.291353064 112
8793255.896083124 2409631.11677702 20
1323820.0903265674 1589550.1577978367 182
8360362.225488977 161714.86916596311 241
3873182.8610125287 9797002.082283476 332
4032075.6811615177 767338.6768320167 98
130428.15642949402 8597137.091888104 121
1084126.6272049665 2484894.473641722 122
7998700.284810754 305061.88149189705 146
1010537.4483055063 5482858.8724269485 29
6299835.312937068 2488539.3403164702 86
1284700.0608177916 7839777.092436465 61
4991472.842664267 7408660.982680939 94
1428786.336056732 9728663.992328698 157
6433789.240306801 9734152.821654176 315
9363880.475491108 9595913.814757494 70
5815100.614253514 17223.82620113039 48
2368552.893429413 6053282.696494346 115
2297197.447172251 2164982.485310045 309
625649.3297724886 1547227.177491931 68
4599653.920987582 3593348.9509276017 266
7472710.902507301 2068909.3015572412 1
3171997.892189107 9688597.448265435 145
9487085.359475274 1547979.2584932006 325
432410.9226702211 5642241.191557155 159
4982425.846466512 2320849.7792667616 355
9499281.229607608 5062815.855695659 311
5407990.310985084 5711172.015119908 64
3181938.4297348894 7540217.667642746 225
6075558.495667619 7247786.332503742 95
3986320.597957751 643416.3114936664 89
1687506.130311498 5577989.262837342 254
9185882.20476501 7296743.165859938 119
374186.0126725116 2263985.931795115 167
9147038.802927716 4975857.359409317 222
6303980.398161621 1573107.495290983 177
5218115.167246312 3785572.2569442317 20
9244490.13046817 488800.0693038297 273
36938.4506557624 5761025.922253147 49
1797395.5380027017 8476078.541953407 128
7105737.451105019 6659323.334358245 312
7729098.280728223 9944158.102878919 180
9102303.212776545 8783266.622688388 168
2240200.103045652 9226789.151115112 273
8387930.628433034 6710598.359379436 306
5041085.156743841 2082203.2543444845 356
6152101.139701824 5548215.340856479 266
7428742.26589842 2353859.0443879003 261
667224.0186688271 189621.76426332022 50
1687476.6467846124 7594713.440643964 136
1137668.8226328013 1859948.9746102083 132
5689285.959882683 8174677.79031634 89
6017446.104317853 6575883.741437471 197
6749060.5623347275 3514881.2283774377 0
943163.4679306222 72469.47252012804 132
2026355.0034953658 4788161.614123054 151
2063324.3512670828 9010685.16870117 234
8911344.34624231 3619743.439352868 135
4968398.365865884 9790991.675949587 296
1983524.9997603733 4639495.198681665 82
2875516.324538965 8972485.651024736 236
6288446.685609809 4824223.7147298725 290
605267.3378128071 1145514.700871072 268
9669162.982097005 6378228.913111444 153
9742487.766151821 9532363.718247047 207
168883.71102037004 3985796.901088149 311
3763933.9041518494 3677334.947142651 12
3986285.426709674 2248370.6730185016 308
2468147.661815271 3870966.1460182476 254
7221726.8047846425 5362094.073325292 246
4096978.472725212 1691760.1893796076 222
8714752.477680502 1037710.7750181169 249
2593313.25556876 3185621.3265986666 158
4713324.648713286 6323134.421180406 231
3253633.365430557 1912895.7567550254 127
2785495.3918411927 1870712.4959153144 63
682321.144854282 4510454.219319006 77
8153989.935871738 6832972.375171964 50
9463.75829022461 3934060.8141868315 71
2363239.6073134975 7867175.573933712 336
1993652.8180693293 4960625.783674394 55
73999.68721061523 7830910.317833109 74
2449638.221461137 7607210.043353652 3
2749650.6687614373 3807296.1750845723 252
8878073.612917282 4020500.8728955584 300
2203834.0263575073 3186601.8062362145 248
6290150.828640236 3304698.951011369 235
7355753.02972069 7019655.393050177 339
9402402.428093245 9622660.629157702 56
4874261.289313383 2099125.337208332 17
4246416.142562441 8763206.890487924 328
4092180.009121792 6491548.59529423 258
9765194.944031907 2249889.4334446797 165
4399639.221099909 7039792.126306785 31
3026499.4282009406 3326423.76691571 155
9612285.918437924 8237565.90928371 211
4529325.999441141 6004495.661643874 315
4236114.241798603 6629487.396528686 185
9103380.925613232 1202749.9309497392 248
741112.7661576477 6770980.0574921435 83
1091350.8335558986 7306514.786911601 291
3882608.880607311 9493242.491120981 63
3552327.551266593 7380500.034389582 324
5773420.950309256 545128.0576237849 337
5669587.503461889 1488540.0549048288 293
4055145.3132947213 5040101.0783311 319
2152942.311619861 8509726.554240992 165
507503.01451058075 6430554.136558941 179
9799969.271557165 2829293.623503512 72
6736361.037022106 4723000.944837075 337
1093098.9959408466 2924199.442722958 218
7684762.6944132615 9382027.323532589 319
9552221.373710383 8620108.05455936 46
1800047.268293895 3380636.981007469 293
7851318.205208009 4322187.773150725 340
6333061.616073665 4008606.088543758 296
8395445.504728887 8741861.911534732 265
1982756.2401709543 6279264.788980949 134
7540430.700824598 4103321.7135238145 35
6065487.883182281 503309.949282934 106
2100404.157468003 1230839.5573039255 172
431307.6574863639 3604231.693962352 157
4678665.235177139 7445527.292892259 321
2639964.2746793893 5525794.994241872 140
2906945.170156373 5304987.916186631 180
244290.76423168715 5203166.366397625 231
2775288.414103101 5095996.6891413275 206
4211565.889447036 7064650.484126596 65
9766934.612211358 2853692.0977699864 214
6785652.356236147 49279.66426697017 188
5953207.46093864 3682020.8643933726 88
8911846.136679962 3517087.259591257 186
7788657.519824824 3156848.3801818527 301
2082753.9275861061 2802421.883691648 95
7181496.5760244345 4637519.296021078 232
8140720.747281787 7657999.811797236 40
0
