100
44112.107668994504 43462.63103410268 51
50296.03828976484300770829001 51099.14937390200651322662009 129
49561.95781105696056503276507 52005.66326972626028704955520 220
47887.23446904064231329560274 50600.40353111638599507572146 269
47777.87342198275382337796982 44335.11334127027294860030018 158
41413.22202665380581718190166 46906.59942328149403453207447 185
39758.93772388273399588617547 46761.86830054013832289045935 348
40787.07597340968533648917781 46543.33076929925372061601617 257
38967.74270031202232642601269 38662.93258959430920483444473 150
81779.62629957791 5678.224397308218 47
33024.48301994755 13266.877875768201 267
67746.44439359159 70326.99596372742 134
94885.66545370642 7061.912009175031 339
96660.67963119905 35661.338062858704 61
18274.032960905228 28752.686573664476 24
5450.288829325756 73305.6762526691 63
30102.121470579146 85681.1969899618 103
89538.16572342129 25872.420726200264 346
63338.57776653767 74546.86153686479 88
28248.479844380738 70414.47470594327 223
21913.930349828825 46208.441599712736 315
84710.72841928805 36494.40998056348 242
8567.134405292176 20109.115539253442 258
1425.7347083283523 61902.54765829215 36
62148.55345087646 17114.137095146132 25
14090.545897222606 40936.85563590561 102
24685.507411201947 79573.75078204494 51
47059.98811759165 4566.933703122245 313
77037.18166273682 71386.77485794191 242
72251.63187605019 45789.146802836796 331
64458.71888000303 72865.88389463456 59
69919.1902821059 76330.39125416183 227
32499.05716469874 52895.985481979515 298
45255.509452153055 31295.51758696164 317
6458.288919399002 37130.212400700926 146
13213.584935533418 35590.9649991472 262
92956.78883217378 59882.21723565384 227
46253.15285873616 24816.685123232997 25
97056.17311159248 27953.423891668284 71
61292.506808808845 74825.65076210834 24
91751.83193655225 51638.69352162094 296
27453.03273359626 99287.74057960323 231
41174.88923695954 52432.13798094487 251
963.2051623621685 75071.07846443451 147
65626.42843702971 72479.7325278739 126
814.1568809522325 79537.69682716955 39
73583.65425447124 41190.138611820395 142
47714.61278200333 76871.11638217297 144
88234.81906231762 18113.476437163612 308
14823.868199940027 93894.12931663624 231
61757.733332812684 90705.26145895882 90
64473.65552319247 65407.850342203325 253
1606.4496273275108 58082.765598475395 140
25559.068916190896 7979.551757495151 9
88977.4628996495 34760.656110758915 290
21498.113100102044 12039.824196238835 253
15287.640928981149 19276.95823814046 309
20982.260992460677 52285.55349160532 58
49661.20904285776 60294.08148064953 355
17512.85125160984 1420.6731720389444 89
12008.345113044283 24115.239861535243 109
58365.28903070169 2937.5672312186516 151
78918.4012365577 25530.15398387185 246
74824.25150194379 62720.40191266882 65
78803.9207528368 77331.87627275067 115
83741.67994835164 45028.0539530261 339
1402.9444720012107 63548.397248617715 310
13115.013952046895 30504.763532276404 129
3953.313860474161 38746.55283870412 244
63076.036024257555 21086.029172172926 325
11196.571353686213 23485.22068423555 226
44132.42023840208 30733.81203704705 18
28486.284045364464 65261.2179316211 237
8722.259505363161 80289.44267666008 318
97048.2169912766 16883.769992359244 221
49917.84364729752 71821.88772072368 288
28142.566149790728 31284.945189891754 141
7882.77925849058 1899.3896945942113 53
6499.111636643784 20320.989959773306 248
87964.58098603785 5202.037134286741 63
2003.6553433668726 38593.19998347618 242
11886.62190903269 77886.70876232615 203
29621.555723027515 13647.957523362053 253
7209.236476508618 55730.951783206874 145
1716.7239794763866 59584.73797785845 150
44467.431628805665 38533.37133923197 199
68504.3178288516 27835.69637208162 281
83743.35563909581 93448.40183684068 176
86787.17084574867 66712.07377170637 153
20345.77692289291 55224.089809508216 283
73074.76522473487 9394.488777262966 91
98915.7593938574 99849.5453823417 184
53407.743118988874 18366.300311111816 63
31330.501853042235 8833.630771724598 17
96000.78042975091 40910.383404451924 236
18331.39346776942 44041.45393294255 318
94814.12892035283 75720.29283152317 55
52395.24865580165 2106.94290671799 348
32284.75459091028 81609.74527708782 249
25123.915418801313 76041.14462246146 167
0
