376113341913945640
893392525155571381
763780839847307031
12950532597534706
580561941538935698
812508273995176467
242564801319141493
943155385449460447
53465914442172081
815112353499577023
230726214441338696
842810492915099822
715163436070714656
439943328026393862
519058869643359425
874190942161599679
784003801722438583
27611066721310833
140346432867473812
342901048918003841
198341159723212753
203115859103730859
27011047895049396
414210239188167521
988134790587885723
854889460980649061
498110739584229086
698146210288007529
511552856732207105
83411331504062819
554292757427014867
655201568706600912
176158898130056420
535106194115624753
793482302602062252
785080979516609015
838504333199521392
308570230933398018
575177821869343013
396294120304730848
391802703021809355
950606873115933605
590337699285080881
641228693706613526
386234871095061542
806587406246635532
442075618398087072
249122659324001214
558958204290214608
198341159723212753
458557502094768435
928126838528283945
738677060318558336
695768559479512982
259869945772792379
248892604654392514
11101498933458906
563948359341599784
548991959472512804
70803605965240476
374373487971794152
498110739584229086
326085470722908732
534884764444382981
601020079161458903
185823160031704140
770298575793813458
885714364667031149
661818671038528409
191430715884521059
315290780675604084
511552856732207105
211890080732493104
144607399051665027
70803605965240476
684289581215483506
944766280564910041
575177821869343013
721531947986729305
563948359341599784
465597225112523699
480005324997322491
748648207093980038
625222195914295564
510158066580397538
403423357950567595
793482302602062252
143831022754615892
803208358153061109
406296378469094346
95031568571074722
119696151258776230
221680672350053663
118923725897925389
825264998581729376
819111830171325795
511552856732207105
523624173953197749
70803605965240476
489044567280092041
44666723658789294
684289581215483506
449258904391776120
119066696257189882
209520583935405978
381840359294595981
238158073978592488
645482181456659966
599183818496693977
535984821716249975
446597272701783995
511552856732207105
167467742798433911
986937539076930285
542758740738189806
507181491469944120
449258904391776120
918848995482250599
684289581215483506
339666468043344634
428072584906341351
672837830646414157
993369255927469014
386634653328123127
133658849653100760
334882990393480692
966167384412180295
486169484249422107
458557502094768435
758834436331417911
563948359341599784
259869945772792379
698910005521538237
991842161802297546
938723436195724292
327468238226137651
452988257400353959
230726214441338696
41582329224104252
412035936956591574
712404088693667967
371165013878205069
279730942139565106
198341159723212753
153734969551530446
260568591940269798
279730942139565106
315290780675604084
760487785458471323
748648207093980038
904105054383275372
279730942139565106
248892604654392514
676039032470578055
315290780675604084
371686674870056347
153734969551530446
339666468043344634
23035384861874553
933433197366981522
332242810198143535
587095179012743091
727705869331833579
276046148318737483
112016490248358473
916413540138997524
991842161802297546
823360618450213766
500215921954959842
840494119051741861
862548364885141156
918221703280708221
133639802496165828
276689224033285359
984916640266802023
548991959472512804
99708133054089998
259869945772792379
959277528890709318
993369255927469014
45783264426705683
933433197366981522
30987101995769974
890326661870812012
825264998581729376
715163436070714656
391802703021809355
99708133054089998
191430715884521059
111516404555232369
811727351221595419
315290780675604084
527455192756154587
869027925482115219
812533204238019859
815112353499577023
11101498933458906
783835114425401754
169972834329382263
259869945772792379
80357568843417053
691216360217280052
594973845299335554
226960303273838963
519058869643359425
947603274668224718
238158073978592488
49874548198471468
597657649340291864
198341159723212753
439943328026393862
709661373383332170
358797846207462590
49874548198471468
49874548198471468
423871055525338211
616118834092881113
214403855987913477
70803605965240476
522220040334081603
434314290848654021
510158066580397538
785080979516609015
641228693706613526
954141255507304704
928126838528283945
715163436070714656
993369255927469014
186893814386754579
172740066342488112
143831022754615892
342353632055789965
223791603143368251
535984821716249975
938723436195724292
57151717322582842
709661373383332170
698910005521538237
736249469194275565
381840359294595981
769622819366869571
137453660815966120
294257438563393373
847140792683449107
722962989311449221
645482181456659966
294257438563393373
634856726555756958
815112353499577023
342901048918003841
740846118768759525
182325272012301818
433614117961817589
874611181810150334
634856726555756958
715163436070714656
99708133054089998
248892604654392514
483069772682949013
842810492915099822
631665395687822788
6240904987434440
480005324997322491
381840359294595981
143831022754615892
950606873115933605
119696151258776230
191430715884521059
812533204238019859
489044567280092041
663571721420465488
580561941538935698
265129254550765232
198341159723212753
691216360217280052
655444078111190937
242278198864255948
182325272012301818
614329811788097977
466780179568194844
294257438563393373
585609444511742766
238158073978592488
753500028571803984
527455192756154587
198341159723212753
911874428137689469
993369255927469014
758834436331417911
334882990393480692
126849372642113370
442859607376742230
174759794914570900
27611066721310833
871864966082294001
61379317116101961
947603274668224718
259869945772792379
904105054383275372
466780179568194844
12950532597534706
262556222830084479
25465850616644724
118923725897925389
780521175067652803
607699679350828569
137453660815966120
585609444511742766
475300434425542289
273193548631017743
310837891418349160
53133862062688228
302481318580785577
634856726555756958
977494005245913231
546253121685025271
666004859219234517
389032631458760341
374373487971794152
205783475756651537
789971200529890598
4710904795278594
441853568658354489
606061647198359654
44666723658789294
696305626810633080
665125542013561450
294257438563393373
847140792683449107
870550509789540737
751354086509201944
510158066580397538
342353632055789965
645482181456659966
445258812411090704
172740066342488112
898197156607690020
11101498933458906
563948359341599784
799880747743647765
576368984694536803
784003801722438583
358797846207462590
238158073978592488
188095372192088991
712404088693667967
773513211967082841
91929558323570342
540241263929138434
198529065617063348
540486335463923865
423871055525338211
753500028571803984
446597272701783995
498110739584229086
33086139982144723
267409606222814621
833866909833339511
888426883218696843
111516404555232369
182325272012301818
621605393031322641
174759794914570900
386234871095061542
352713018120101584
777840516238817950
49874548198471468
586107235253459213
954141255507304704
616118834092881113
61379317116101961
434314290848654021
827113791934109555
647274232713038179
315261069318495646
351347425136821807
811727351221595419
23727959601651194
229405810679918944
773513211967082841
279730942139565106
933433197366981522
870550509789540737
763780839847307031
99708133054089998
489044567280092041
744431362294719853
428307619486968197
12213252431214183
242564801319141493
665125542013561450
655444078111190937
867799674284275314
75759020159033159
156285082090358750
603321126519075085
238158073978592488
803208358153061109
616118834092881113
99708133054089998
91929558323570342
374373487971794152
893392525155571381
93951305658263337
3377940310324185
794774779302355520
981756103109676292
458557502094768435
720384073821544725
988134790587885723
269912894609281737
675351980294730660
773513211967082841
214403855987913477
860176391680853431
897793699486048595
661818671038528409
655444078111190937
153090128944849859
342353632055789965
777840516238817950
819111830171325795
240496210909913581
769622819366869571
259869945772792379
926453554698137040
681526926186752860
751354086509201944
269912894609281737
904105054383275372
510158066580397538
279730942139565106
993369255927469014
698146210288007529
596556237127606898
358797846207462590
919858663888399995
799880747743647765
507181491469944120
735977831382660557
885714364667031149
126849372642113370
465597225112523699
150076338847758863
452988257400353959
847140792683449107
211890080732493104
655444078111190937
408840779982818553
99708133054089998
878419731353102532
919858663888399995
851278412374630328
188095372192088991
91929558323570342
631665395687822788
726836982326642657
735977831382660557
634856726555756958
777840516238817950
720384073821544725
259869945772792379
769622819366869571
574371990651796593
580609607021390665
83411331504062819
683148929005902970
38852859508250067
483069772682949013
315261069318495646
279730942139565106
691216360217280052
758834436331417911
351347425136821807
878419731353102532
144607399051665027
45783264426705683
167522003559598704
298073073104980539
249122659324001214
315290780675604084
954141255507304704
683148929005902970
174759794914570900
684289581215483506
339666468043344634
862548364885141156
638107660995186079
433094638391422445
480005324997322491
648969073701976292
922530733713531170
16299907655429744
403423357950567595
517748722428185360
276689224033285359
777840516238817950
500215921954959842
64710215737269629
310837891418349160
840494119051741861
820816391076729957
519058869643359425
777840516238817950
806587406246635532
242564801319141493
287105871898232787
389032631458760341
38852859508250067
735977831382660557
621209480546872112
214403855987913477
211890080732493104
769622819366869571
130087045697484782
475300434425542289
648969073701976292
557552763160799971
943887383349014599
466154100843210778
137453660815966120
273193548631017743
771763609403962771
909662801549728786
876166170476746556
269912894609281737
641228693706613526
19628483686334908
862548364885141156
41582329224104252
111516404555232369
563948359341599784
146379524140497260
465597225112523699
641228693706613526
221680672350053663
758834436331417911
906914541304692348
230726214441338696
548991959472512804
557552763160799971
698910005521538237
140346432867473812
811727351221595419
191430715884521059
260568591940269798
209520583935405978
466780179568194844
692492297301916592
587095179012743091
301512902572053787
458557502094768435
310837891418349160
548991959472512804
941770251353148131
841630031632890542
172740066342488112
435390670160416275
661818671038528409
368020972626628606
684289581215483506
49874548198471468
603321126519075085
262556222830084479
694233073501978822
580609607021390665
935576465856775344
61379317116101961
502875714135667089
269912894609281737
458557502094768435
452988257400353959
815112353499577023
709661373383332170
27611066721310833
669203358339976057
127121289601468817
342353632055789965
351347425136821807
158885160550624372
333389662293985447
424660853873425826
507181491469944120
286757401804405822
133658849653100760
847140792683449107
511552856732207105
16299907655429744
909662801549728786
585609444511742766
947603274668224718
933433197366981522
928126838528283945
827113791934109555
391802703021809355
718273080353893130
489044567280092041
439943328026393862
498110739584229086
841630031632890542
820816391076729957
49874548198471468
428307619486968197
489044567280092041
5401172527314138
118923725897925389
112016490248358473
554292757427014867
342901048918003841
559839179009571825
911377105579890498
959277528890709318
789971200529890598
751354086509201944
993369255927469014
874611181810150334
64710215737269629
1109611836738399
835792708771928191
112016490248358473
773513211967082841
368020972626628606
507181491469944120
38852859508250067
294257438563393373
191430715884521059
152473407667188004
811727351221595419
788787697178529645
676039032470578055
389032631458760341
769622819366869571
201229817246131408
837129334936309161
140346432867473812
408840779982818553
916413540138997524
726836982326642657
61379317116101961
248892604654392514
590337699285080881
641228693706613526
648969073701976292
753500028571803984
414210239188167521
601020079161458903
893392525155571381
414210239188167521
396294120304730848
271283982474384855
938723436195724292
326085470722908732
249122659324001214
31462951775390456
841630031632890542
502875714135667089
30987101995769974
308026537482773025
176158898130056420
315290780675604084
221680672350053663
727705869331833579
629750669539223302
351347425136821807
396294120304730848
534545676467024569
580561941538935698
611251169327030243
480005324997322491
769622819366869571
746023435476316120
189683173336895303
376831913241501459
428072584906341351
811727351221595419
30987101995769974
648969073701976292
360493565167529948
718273080353893130
224634455679043532
249122659324001214
993369255927469014
822787562865556309
819111830171325795
128830799540148644
601020079161458903
238158073978592488
326085470722908732
458557502094768435
563948359341599784
25465850616644724
356116865797355645
298073073104980539
912392501760759140
333389662293985447
548991959472512804
104266513533990267
414210239188167521
61379317116101961
981387839211743145
133658849653100760
974608856247474173
365368171971346594
87367274703415862
75759020159033159
184077710160612351
897793699486048595
286757401804405822
428307619486968197
557552763160799971
64710215737269629
25675181436374225
601020079161458903
684289581215483506
279730942139565106
738677060318558336
819111830171325795
80357568843417053
424660853873425826
313110707298331210
119696151258776230
830632702286267072
221680672350053663
339666468043344634
143831022754615892
181123604528200244
534545676467024569
590337699285080881
302481318580785577
954141255507304704
744176870968933760
715163436070714656
874190942161599679
558958204290214608
959894697249288680
746715425308948798
662549794141739297
287792898956607050
130087045697484782
363715668497533832
625222195914295564
546253121685025271
797522240382571746
981101037921850212
381840359294595981
629750669539223302
226960303273838963
249122659324001214
988134790587885723
751354086509201944
174759794914570900
594973845299335554
751354086509201944
144607399051665027
259869945772792379
82537437805709556
600948495399642556
198341159723212753
611251169327030243
483069772682949013
623107265902037424
424660853873425826
705820993692857114
736249469194275565
927145413596511910
649951941286463636
616118834092881113
806587406246635532
597657649340291864
405594616252219670
794774779302355520
226960303273838963
916413540138997524
137453660815966120
224048836553220308
981387839211743145
823360618450213766
847140792683449107
698910005521538237
737163721666394992
342901048918003841
137453660815966120
959894697249288680
176158898130056420
698910005521538237
279730942139565106
918221703280708221
279730942139565106
16299907655429744
840494119051741861
170981002750862101
614329811788097977
1109611836738399
806587406246635532
351347425136821807
833866909833339511
789971200529890598
169972834329382263
466780179568194844
156285082090358750
603321126519075085
373520948990669750
751354086509201944
679449343013917250
279730942139565106
611844126345040058
841630031632890542
211890080732493104
414210239188167521
64710215737269629
854889460980649061
498110739584229086
191430715884521059
33086139982144723
507181491469944120
428072584906341351
637629850793329949
6240904987434440
576368984694536803
412035936956591574
523744691873737422
822787562865556309
862548364885141156
645482181456659966
1109611836738399
465597225112523699
519058869643359425
386234871095061542
815112353499577023
439943328026393862
408840779982818553
364085963348393862
11101498933458906
811727351221595419
226960303273838963
287105871898232787
363715668497533832
892769163598023971
758834436331417911
185823160031704140
785080979516609015
631665395687822788
665125542013561450
489044567280092041
950606873115933605
698910005521538237
611844126345040058
616118834092881113
498110739584229086
1109611836738399
449258904391776120
926453554698137040
38852859508250067
191430715884521059
176158898130056420
744176870968933760
327468238226137651
603321126519075085
198341159723212753
226960303273838963
198341159723212753
489044567280092041
70803605965240476
603321126519075085
753500028571803984
33086139982144723
276689224033285359
75759020159033159
140346432867473812
585609444511742766
230726214441338696
352713018120101584
842810492915099822
502875714135667089
883824684723126794
238158073978592488
631665395687822788
162844573308909615
57151717322582842
780620523182852592
806587406246635532
904105054383275372
574371990651796593
882476402068242117
423871055525338211
753500028571803984
70803605965240476
53133862062688228
637629850793329949
209520583935405978
23035384861874553
738677060318558336
458557502094768435
726836982326642657
170981002750862101
953727820511698829
993369255927469014
226960303273838963
408840779982818553
334882990393480692
611251169327030243
259869945772792379
684289581215483506
789971200529890598
3377940310324185
898622799689422977
315290780675604084
326085470722908732
402240630520343959
753500028571803984
105426042046092161
327468238226137651
435390670160416275
731800047306871410
27611066721310833
327468238226137651
882476402068242117
935576465856775344
718273080353893130
833866909833339511
162376788422483164
298073073104980539
922530733713531170
172740066342488112
475300434425542289
214403855987913477
242278198864255948
746715425308948798
242564801319141493
970978341829890954
840494119051741861
731800047306871410
735977831382660557
769622819366869571
489044567280092041
333389662293985447
259869945772792379
44666723658789294
436779656175119693
803072808705551823
475300434425542289
30987101995769974
788787697178529645
811727351221595419
507181491469944120
916413540138997524
163861107630046748
242564801319141493
298073073104980539
627170577841227972
554292757427014867
229405810679918944
966167384412180295
158885160550624372
574371990651796593
269912894609281737
860176391680853431
580561941538935698
483069772682949013
437677039161558453
898622799689422977
606061647198359654
638107660995186079
507181491469944120
262556222830084479
273193548631017743
70803605965240476
594973845299335554
198341159723212753
489044567280092041
993369255927469014
315261069318495646
616118834092881113
423871055525338211
11101498933458906
603321126519075085
860176391680853431
661818671038528409
91054765616338086
524884575435550639
352713018120101584
198341159723212753
374373487971794152
337046038067870841
794774779302355520
830632702286267072
279730942139565106
637629850793329949
389032631458760341
698910005521538237
705820993692857114
507181491469944120
414210239188167521
221680672350053663
854889460980649061
273193548631017743
970978341829890954
99708133054089998
378199655537789305
119696151258776230
156285082090358750
705820993692857114
188895615380591704
111516404555232369
414210239188167521
405594616252219670
672837830646414157
718273080353893130
623107265902037424
249122659324001214
993369255927469014
268366602792520638
510483754425502637
862548364885141156
442075618398087072
23727959601651194
315290780675604084
655444078111190937
769622819366869571
959277528890709318
391802703021809355
433094638391422445
55061277803739463
669203358339976057
294257438563393373
55061277803739463
439943328026393862
356116865797355645
851969029419191622
242564801319141493
466780179568194844
502875714135667089
679449343013917250
718273080353893130
55061277803739463
580561941538935698
981101037921850212
182325272012301818
812533204238019859
963867302812182066
916413540138997524
248892604654392514
363715668497533832
191430715884521059
634856726555756958
769622819366869571
153734969551530446
326085470722908732
669699617052766515
143831022754615892
926453554698137040
540486335463923865
451775400078274989
16299907655429744
655444078111190937
221680672350053663
371686674870056347
19081392400416147
445505825520162198
33086139982144723
811727351221595419
133658849653100760
158363781382087154
916413540138997524
230726214441338696
265129254550765232
836649543386638591
655444078111190937
19081392400416147
597657649340291864
621209480546872112
679449343013917250
760487785458471323
45921912753977393
557552763160799971
158885160550624372
835792708771928191
268366602792520638
273193548631017743
465597225112523699
548991959472512804
747921311514324801
498110739584229086
799880747743647765
867799674284275314
315261069318495646
302481318580785577
38852859508250067
11559021728562069
31867539427745349
249122659324001214
152473407667188004
988134790587885723
981101037921850212
691216360217280052
727705869331833579
30987101995769974
861387363202551564
794774779302355520
376831913241501459
27011047895049396
876166170476746556
713893092537415899
381840359294595981
598776342141971610
548991959472512804
198341159723212753
676039032470578055
611251169327030243
574371990651796593
61379317116101961
273193548631017743
730449400072123810
691216360217280052
249122659324001214
119696151258776230
715163436070714656
126849372642113370
785080979516609015
580561941538935698
458557502094768435
23035384861874553
947603274668224718
458557502094768435
66252132211528436
118923725897925389
458557502094768435
507181491469944120
351347425136821807
916413540138997524
391802703021809355
82970163425086776
240496210909913581
38852859508250067
502875714135667089
585609444511742766
746023435476316120
240496210909913581
287105871898232787
554292757427014867
726836982326642657
38852859508250067
49874548198471468
731800047306871410
783835114425401754
3377940310324185
587095179012743091
676039032470578055
672837830646414157
174759794914570900
840494119051741861
465597225112523699
25675181436374225
27011047895049396
248892604654392514
847140792683449107
326085470722908732
959894697249288680
242564801319141493
988134790587885723
661818671038528409
182325272012301818
883824684723126794
249122659324001214
847140792683449107
262556222830084479
449258904391776120
267409606222814621
827113791934109555
119696151258776230
356116865797355645
93309493042718396
242564801319141493
214403855987913477
684289581215483506
585609444511742766
676039032470578055
534545676467024569
959277528890709318
580561941538935698
315290780675604084
330746693710599173
158363781382087154
489044567280092041
466780179568194844
248892604654392514
99708133054089998
744176870968933760
740846118768759525
57151717322582842
893392525155571381
249122659324001214
712404088693667967
959894697249288680
119696151258776230
851278412374630328
182325272012301818
675351980294730660
99708133054089998
16299907655429744
599183818496693977
259869945772792379
378720099746219494
511552856732207105
170981002750862101
152473407667188004
820816391076729957
423871055525338211
126849372642113370
381840359294595981
933433197366981522
950606873115933605
466780179568194844
381840359294595981
224634455679043532
703576397000138878
878419731353102532
466780179568194844
883824684723126794
970978341829890954
709661373383332170
728795675223474642
475300434425542289
811727351221595419
554292757427014867
500215921954959842
433094638391422445
126849372642113370
815112353499577023
351347425136821807
172740066342488112
803208358153061109
480005324997322491
342353632055789965
262556222830084479
970978341829890954
55874988609123760
483069772682949013
249122659324001214
104266513533990267
286757401804405822
890997727363951699
709661373383332170
308570230933398018
815112353499577023
575177821869343013
412035936956591574
797522240382571746
517748722428185360
606061647198359654
721531947986729305
105426042046092161
156285082090358750
356116865797355645
839017354092235816
912392501760759140
265129254550765232
498110739584229086
386634653328123127
475300434425542289
53465914442172081
356116865797355645
909662801549728786
609878053078432030
718273080353893130
238158073978592488
221680672350053663
414210239188167521
27011047895049396
959894697249288680
806587406246635532
585609444511742766
104266513533990267
836339643646265383
981756103109676292
911876675444310795
534545676467024569
631665395687822788
131851273857790750
993369255927469014
211890080732493104
842810492915099822
574371990651796593
19628483686334908
381840359294595981
954141255507304704
146379524140497260
276689224033285359
105426042046092161
744176870968933760
607699679350828569
885714364667031149
30987101995769974
953298625304705850
540241263929138434
616118834092881113
862548364885141156
815112353499577023
507181491469944120
475300434425542289
150076338847758863
898622799689422977
27611066721310833
511552856732207105
436779656175119693
665125542013561450
751354086509201944
634856726555756958
993369255927469014
587095179012743091
645482181456659966
302481318580785577
758834436331417911
475300434425542289
352713018120101584
696305626810633080
105426042046092161
968427742459027184
66252132211528436
265129254550765232
862548364885141156
230726214441338696
812508273995176467
542758740738189806
301512902572053787
870550509789540737
326085470722908732
827113791934109555
41582329224104252
691216360217280052
408840779982818553
529418804550914270
176158898130056420
276689224033285359
189683173336895303
57151717322582842
763780839847307031
542758740738189806
184077710160612351
954141255507304704
883824684723126794
381840359294595981
408840779982818553
933433197366981522
41582329224104252
758834436331417911
715163436070714656
760487785458471323
575177821869343013
574371990651796593
645482181456659966
806587406246635532
181123604528200244
616118834092881113
847140792683449107
797522240382571746
675216019575418612
3377940310324185
452988257400353959
105110300797606473
676039032470578055
977447528354972582
797522240382571746
412776307517130192
238158073978592488
847140792683449107
728951945336062083
276046148318737483
847140792683449107
23727959601651194
935576465856775344
531348273224417832
153734969551530446
368020972626628606
87367274703415862
381840359294595981
27611066721310833
746023435476316120
794774779302355520
676039032470578055
315290780675604084
534545676467024569
666004859219234517
594973845299335554
645482181456659966
933433197366981522
302481318580785577
38852859508250067
333389662293985447
11101498933458906
414210239188167521
126849372642113370
365368171971346594
726836982326642657
738677060318558336
486169484249422107
408840779982818553
753500028571803984
563948359341599784
279730942139565106
279730942139565106
531612396343886779
842810492915099822
510483754425502637
950606873115933605
815112353499577023
337046038067870841
294257438563393373
298073073104980539
423871055525338211
540486335463923865
912392501760759140
893392525155571381
435390670160416275
337046038067870841
785080979516609015
916413540138997524
486169484249422107
784003801722438583
902226824735866111
498110739584229086
731800047306871410
75759020159033159
631665395687822788
563948359341599784
262556222830084479
911377105579890498
153734969551530446
126849372642113370
890997727363951699
191430715884521059
205783475756651537
238158073978592488
53465914442172081
621409047860338750
558958204290214608
11559021728562069
315290780675604084
205783475756651537
918848995482250599
452988257400353959
836649543386638591
631665395687822788
638107660995186079
242564801319141493
576368984694536803
248892604654392514
695768559479512982
502875714135667089
198341159723212753
211890080732493104
563617938805367313
862548364885141156
916413540138997524
770298575793813458
576368984694536803
625399086687776381
408840779982818553
402240630520343959
694233073501978822
49874548198471468
616118834092881113
974608856247474173
351347425136821807
597657649340291864
952793435364429368
535984821716249975
785080979516609015
489044567280092041
238158073978592488
661818671038528409
44666723658789294
451775400078274989
867799674284275314
406296378469094346
575177821869343013
41721198448972891
771763609403962771
286757401804405822
259869945772792379
954141255507304704
475300434425542289
224634455679043532
248892604654392514
554292757427014867
510483754425502637
616118834092881113
486169484249422107
777840516238817950
381840359294595981
947603274668224718
112016490248358473
57151717322582842
903494048870780356
41582329224104252
634856726555756958
276689224033285359
423871055525338211
841630031632890542
722962989311449221
580609607021390665
33086139982144723
308026537482773025
890997727363951699
831774688671611137
831774688671611137
84778612881368452
170981002750862101
105110300797606473
326085470722908732
229733036684843558
954141255507304704
694233073501978822
333389662293985447
984916640266802023
111516404555232369
41721198448972891
202374063783129498
91929558323570342
606061647198359654
947603274668224718
289482520380828011
974608856247474173
381840359294595981
935576465856775344
441853568658354489
554292757427014867
279730942139565106
308570230933398018
458557502094768435
91929558323570342
365368171971346594
465597225112523699
87367274703415862
669203358339976057
70803605965240476
327468238226137651
128830799540148644
30987101995769974
11101498933458906
709661373383332170
799880747743647765
721804338568144684
170981002750862101
226960303273838963
150076338847758863
510158066580397538
27611066721310833
198529065617063348
649951941286463636
11101498933458906
80357568843417053
365368171971346594
358797846207462590
402240630520343959
18149569004529085
854889460980649061
607699679350828569
922530733713531170
190332993230255705
221680672350053663
198341159723212753
356116865797355645
694233073501978822
238158073978592488
313110707298331210
396294120304730848
511552856732207105
498110739584229086
483069772682949013
835792708771928191
519058869643359425
736249469194275565
351347425136821807
381840359294595981
351347425136821807
378199655537789305
893392525155571381
389032631458760341
988134790587885723
449258904391776120
80357568843417053
744176870968933760
351347425136821807
519058869643359425
268366602792520638
99708133054089998
897793699486048595
66252132211528436
806587406246635532
867799674284275314
840494119051741861
718273080353893130
337046038067870841
105426042046092161
540241263929138434
223791603143368251
563948359341599784
290316264577548231
276689224033285359
972628267692414188
638107660995186079
45921912753977393
557552763160799971
162376788422483164
190332993230255705
634856726555756958
41721198448972891
374373487971794152
3377940310324185
330746693710599173
820816391076729957
888426883218696843
854889460980649061
150076338847758863
718273080353893130
361745800583575391
631665395687822788
93951305658263337
718273080353893130
87367274703415862
735977831382660557
785080979516609015
371165013878205069
744176870968933760
645482181456659966
480005324997322491
876435259074937238
938723436195724292
647274232713038179
511552856732207105
259869945772792379
498110739584229086
631665395687822788
33086139982144723
1109611836738399
273193548631017743
140346432867473812
209520583935405978
86898479678292105
784003801722438583
326085470722908732
594973845299335554
943155385449460447
242564801319141493
773513211967082841
918221703280708221
172740066342488112
645482181456659966
753500028571803984
451775400078274989
890997727363951699
704656639644838597
408840779982818553
259869945772792379
402240630520343959
773513211967082841
731800047306871410
6240904987434440
833866909833339511
342353632055789965
647274232713038179
449258904391776120
715163436070714656
777840516238817950
883824684723126794
27011047895049396
548991959472512804
368020972626628606
825264998581729376
661818671038528409
698910005521538237
414210239188167521
922530733713531170
935576465856775344
876435259074937238
11101498933458906
105426042046092161
874190942161599679
718273080353893130
330746693710599173
298073073104980539
45921912753977393
376831913241501459
279730942139565106
507181491469944120
286757401804405822
705820993692857114
709661373383332170
405594616252219670
337046038067870841
330746693710599173
489044567280092041
249122659324001214
436779656175119693
137453660815966120
909662801549728786
4710904795278594
205783475756651537
185823160031704140
694233073501978822
326085470722908732
698910005521538237
803072808705551823
12950532597534706
554292757427014867
75759020159033159
783835114425401754
301512902572053787
16299907655429744
248892604654392514
184077710160612351
439943328026393862
475300434425542289
953298625304705850
878419731353102532
57151717322582842
230726214441338696
576368984694536803
389032631458760341
17797869046886719
563948359341599784
507181491469944120
784003801722438583
238158073978592488
428307619486968197
847140792683449107
342901048918003841
736249469194275565
698146210288007529
201229817246131408
704656639644838597
669203358339976057
603321126519075085
351347425136821807
301512902572053787
248892604654392514
12950532597534706
70803605965240476
874611181810150334
95240380316064866
860176391680853431
248892604654392514
977447528354972582
294257438563393373
308026537482773025
695768559479512982
446597272701783995
993369255927469014
753500028571803984
273193548631017743
294257438563393373
16299907655429744
170981002750862101
722962989311449221
75759020159033159
315290780675604084
954141255507304704
428307619486968197
876435259074937238
744431362294719853
898622799689422977
358797846207462590
498110739584229086
240496210909913581
158885160550624372
587095179012743091
315290780675604084
669203358339976057
301512902572053787
75759020159033159
616118834092881113
386234871095061542
99708133054089998
874611181810150334
273193548631017743
205783475756651537
542758740738189806
535984821716249975
450464280329634013
64710215737269629
647274232713038179
507181491469944120
789359052700735079
799880747743647765
259869945772792379
423871055525338211
498110739584229086
943887383349014599
933433197366981522
265129254550765232
542758740738189806
641228693706613526
580609607021390665
439943328026393862
803208358153061109
342901048918003841
5401172527314138
780620523182852592
897793699486048595
986937539076930285
902795109927446615
984916640266802023
365368171971346594
603321126519075085
763780839847307031
835792708771928191
893392525155571381
601020079161458903
396294120304730848
238158073978592488
326085470722908732
645482181456659966
574371990651796593
475300434425542289
867799674284275314
783835114425401754
984916640266802023
854889460980649061
310837891418349160
586107235253459213
402240630520343959
209520583935405978
744176870968933760
554292757427014867
854889460980649061
265129254550765232
535984821716249975
133658849653100760
890997727363951699
82537437805709556
950606873115933605
853181497301564639
41721198448972891
4710904795278594
904105054383275372
535984821716249975
963867302812182066
799880747743647765
61379317116101961
133658849653100760
675095847913897373
374373487971794152
205783475756651537
449258904391776120
596556237127606898
95031568571074722
966167384412180295
27611066721310833
746023435476316120
334882990393480692
498110739584229086
16299907655429744
221680672350053663
785080979516609015
812508273995176467
423871055525338211
638107660995186079
486169484249422107
916413540138997524
271283982474384855
6240904987434440
806587406246635532
66252132211528436
221680672350053663
574371990651796593
156285082090358750
126849372642113370
466780179568194844
596556237127606898
972628267692414188
950606873115933605
806587406246635532
839017354092235816
947603274668224718
137453660815966120
847140792683449107
408840779982818553
959894697249288680
162376788422483164
751354086509201944
313110707298331210
176158898130056420
396294120304730848
661818671038528409
575177821869343013
396294120304730848
66252132211528436
751354086509201944
391802703021809355
57151717322582842
150076338847758863
163861107630046748
947603274668224718
156285082090358750
402240630520343959
517748722428185360
238158073978592488
61379317116101961
38852859508250067
871864966082294001
748648207093980038
627170577841227972
412035936956591574
777840516238817950
276689224033285359
974608856247474173
586107235253459213
548991959472512804
970978341829890954
271283982474384855
242564801319141493
696305626810633080
374373487971794152
698910005521538237
780521175067652803
433094638391422445
327468238226137651
638107660995186079
919858663888399995
386234871095061542
906914541304692348
70803605965240476
452988257400353959
634856726555756958
746023435476316120
698910005521538237
861387363202551564
806587406246635532
361745800583575391
33086139982144723
933433197366981522
294257438563393373
851278412374630328
82537437805709556
248892604654392514
966167384412180295
433094638391422445
451775400078274989
105426042046092161
993369255927469014
878419731353102532
655444078111190937
118923725897925389
104266513533990267
45921912753977393
862548364885141156
993369255927469014
111516404555232369
289482520380828011
137453660815966120
926453554698137040
981101037921850212
616118834092881113
777840516238817950
594973845299335554
55061277803739463
780620523182852592
75759020159033159
645482181456659966
704656639644838597
563617938805367313
172740066342488112
4710904795278594
38852859508250067
534545676467024569
676039032470578055
922530733713531170
158363781382087154
709661373383332170
695768559479512982
822787562865556309
434314290848654021
554292757427014867
480005324997322491
439943328026393862
458557502094768435
554292757427014867
988134790587885723
118923725897925389
386634653328123127
365368171971346594
899817061300505983
641228693706613526
692492297301916592
988134790587885723
327468238226137651
590337699285080881
806587406246635532
465597225112523699
676039032470578055
507181491469944120
641228693706613526
981101037921850212
91929558323570342
970978341829890954
691216360217280052
614329811788097977
475300434425542289
224634455679043532
127121289601468817
308026537482773025
27611066721310833
629750669539223302
174759794914570900
238158073978592488
959894697249288680
11101498933458906
396294120304730848
337046038067870841
530361449322149593
423871055525338211
402240630520343959
751354086509201944
546253121685025271
676039032470578055
86564707274369139
286757401804405822
458557502094768435
827113791934109555
144607399051665027
368489867628061227
922530733713531170
269912894609281737
906914541304692348
286757401804405822
974608856247474173
80357568843417053
938723436195724292
669203358339976057
870550509789540737
428307619486968197
721531947986729305
326085470722908732
521531906856524208
721531947986729305
819111830171325795
540241263929138434
621209480546872112
705820993692857114
676039032470578055
11101498933458906
935576465856775344
131851273857790750
585609444511742766
712404088693667967
521531906856524208
585609444511742766
718273080353893130
928126838528283945
452988257400353959
597657649340291864
861387363202551564
466780179568194844
405594616252219670
944412175060260533
988134790587885723
269912894609281737
811727351221595419
166517943435278853
993369255927469014
289482520380828011
867799674284275314
70803605965240476
402240630520343959
211890080732493104
941770251353148131
797522240382571746
830632702286267072
950606873115933605
916413540138997524
182325272012301818
655201568706600912
783835114425401754
500215921954959842
229405810679918944
897793699486048595
933433197366981522
720384073821544725
16299907655429744
449258904391776120
279730942139565106
557552763160799971
458557502094768435
352713018120101584
19081392400416147
906914541304692348
867799674284275314
298073073104980539
133658849653100760
576368984694536803
104266513533990267
371165013878205069
371165013878205069
428072584906341351
947603274668224718
132847045025371962
926453554698137040
412776307517130192
66252132211528436
30987101995769974
6240904987434440
386234871095061542
744176870968933760
262556222830084479
806587406246635532
655444078111190937
271283982474384855
140346432867473812
240496210909913581
80357568843417053
535984821716249975
111516404555232369
230726214441338696
740846118768759525
286757401804405822
847140792683449107
730449400072123810
580561941538935698
963867302812182066
819111830171325795
943887383349014599
287792898956607050
181123604528200244
511552856732207105
580609607021390665
692492297301916592
542758740738189806
909662801549728786
563948359341599784
112016490248358473
126849372642113370
458557502094768435
794774779302355520
414210239188167521
634856726555756958
715163436070714656
6240904987434440
977447528354972582
111516404555232369
466780179568194844
424132046131202807
938723436195724292
820816391076729957
897793699486048595
548991959472512804
439943328026393862
226960303273838963
276689224033285359
669699617052766515
598776342141971610
489044567280092041
507181491469944120
118923725897925389
265129254550765232
368020972626628606
777840516238817950
205783475756651537
452128218819876783
744431362294719853
590337699285080881
534545676467024569
517748722428185360
188895615380591704
966167384412180295
763780839847307031
214403855987913477
156285082090358750
45783264426705683
662549794141739297
229733036684843558
364085963348393862
631665395687822788
12950532597534706
847140792683449107
554292757427014867
70803605965240476
563617938805367313
777840516238817950
466780179568194844
959277528890709318
137453660815966120
230726214441338696
629750669539223302
226960303273838963
339666468043344634
959389037728330495
25675181436374225
780620523182852592
441853568658354489
308026537482773025
248892604654392514
406296378469094346
248892604654392514
748648207093980038
882476402068242117
777840516238817950
33086139982144723
696305626810633080
542758740738189806
909662801549728786
663571721420465488
172740066342488112
53465914442172081
943155385449460447
158885160550624372
198341159723212753
315290780675604084
267409606222814621
867799674284275314
641228693706613526
559839179009571825
888426883218696843
412776307517130192
705820993692857114
760487785458471323
587095179012743091
954141255507304704
381840359294595981
621605393031322641
6240904987434440
838504333199521392
974608856247474173
819111830171325795
223791603143368251
833866909833339511
698146210288007529
326085470722908732
838504333199521392
726836982326642657
760487785458471323
557552763160799971
609878053078432030
3377940310324185
691216360217280052
546253121685025271
709661373383332170
517748722428185360
737163721666394992
594973845299335554
238158073978592488
118923725897925389
174759794914570900
669699617052766515
167467742798433911
684289581215483506
221680672350053663
475300434425542289
580561941538935698
364033627811188974
112016490248358473
510483754425502637
634856726555756958
507181491469944120
780620523182852592
669699617052766515
649463855683382517
352713018120101584
730449400072123810
773513211967082841
143831022754615892
224634455679043532
412035936956591574
396294120304730848
737163721666394992
704656639644838597
118923725897925389
502875714135667089
563617938805367313
580561941538935698
540241263929138434
870550509789540737
211890080732493104
229733036684843558
554292757427014867
540486335463923865
356116865797355645
944766280564910041
867799674284275314
938723436195724292
647274232713038179
315261069318495646
61379317116101961
371686674870056347
414210239188167521
788787697178529645
853181497301564639
763780839847307031
276046148318737483
184077710160612351
827113791934109555
423871055525338211
655444078111190937
226960303273838963
198341159723212753
616118834092881113
289482520380828011
600121389318669382
574371990651796593
351347425136821807
535984821716249975
959894697249288680
238158073978592488
49874548198471468
402240630520343959
546646332820101463
574371990651796593
899817061300505983
334882990393480692
773513211967082841
888426883218696843
446597272701783995
342901048918003841
748648207093980038
361745800583575391
402240630520343959
112016490248358473
287105871898232787
557552763160799971
830632702286267072
64710215737269629
684289581215483506
557552763160799971
966167384412180295
169972834329382263
683148929005902970
112016490248358473
70803605965240476
112016490248358473
436779656175119693
803072808705551823
531612396343886779
298073073104980539
424660853873425826
510483754425502637
33086139982144723
797522240382571746
793482302602062252
916413540138997524
279730942139565106
596556237127606898
815112353499577023
662549794141739297
542758740738189806
521531906856524208
753500028571803984
981387839211743145
53465914442172081
557552763160799971
941770251353148131
91054765616338086
510158066580397538
726836982326642657
542758740738189806
669699617052766515
326085470722908732
542758740738189806
611251169327030243
132847045025371962
684289581215483506
330746693710599173
396294120304730848
730449400072123810
874611181810150334
414210239188167521
888480856578322890
851278412374630328
893392525155571381
381840359294595981
938723436195724292
758834436331417911
861387363202551564
735977831382660557
119696151258776230
458557502094768435
862548364885141156
563617938805367313
841630031632890542
172740066342488112
897793699486048595
466780179568194844
563617938805367313
11101498933458906
789971200529890598
918848995482250599
483069772682949013
629750669539223302
130087045697484782
273193548631017743
66252132211528436
608606197408427643
777840516238817950
271283982474384855
301512902572053787
648969073701976292
502875714135667089
33086139982144723
899817061300505983
198341159723212753
146379524140497260
634856726555756958
279730942139565106
882476402068242117
811727351221595419
655201568706600912
691216360217280052
337046038067870841
854889460980649061
902171367229259000
458557502094768435
396294120304730848
458557502094768435
601020079161458903
209520583935405978
381840359294595981
191430715884521059
276689224033285359
337046038067870841
162844573308909615
959277528890709318
489044567280092041
308026537482773025
681526926186752860
140346432867473812
260568591940269798
226960303273838963
883824684723126794
898622799689422977
126849372642113370
731800047306871410
918221703280708221
298073073104980539
803208358153061109
648969073701976292
876435259074937238
871864966082294001
489044567280092041
655201568706600912
616118834092881113
126849372642113370
840494119051741861
811727351221595419
153734969551530446
665125542013561450
641228693706613526
981756103109676292
260568591940269798
498110739584229086
104266513533990267
837129334936309161
191430715884521059
315290780675604084
621605393031322641
414210239188167521
638107660995186079
286757401804405822
684289581215483506
970978341829890954
214403855987913477
70803605965240476
758834436331417911
294257438563393373
202034558301271605
396294120304730848
389032631458760341
433094638391422445
993369255927469014
827113791934109555
310837891418349160
974608856247474173
616118834092881113
738677060318558336
298073073104980539
542758740738189806
529418804550914270
944412175060260533
381840359294595981
683148929005902970
785080979516609015
534545676467024569
661818671038528409
981756103109676292
45921912753977393
352713018120101584
170981002750862101
126849372642113370
986937539076930285
616118834092881113
580609607021390665
638107660995186079
337046038067870841
649951941286463636
621209480546872112
99708133054089998
897793699486048595
66252132211528436
140346432867473812
780620523182852592
27011047895049396
751354086509201944
1109611836738399
918221703280708221
722962989311449221
402951372194896875
466780179568194844
631665395687822788
806587406246635532
294257438563393373
614329811788097977
428072584906341351
163861107630046748
860176391680853431
475300434425542289
279730942139565106
249122659324001214
576368984694536803
308026537482773025
249122659324001214
535984821716249975
381840359294595981
559839179009571825
911377105579890498
351347425136821807
