88487890027323660
900628495026254572
890339784532235893
392411483416200656
330103281228975465
893067073936004889
368883665367557031
994356689753426046
492854702104591659
463439958714005640
815387291470014397
719059411097029983
430255911634398045
176772476421651642
110768305995608119
994356689753426046
738834232784209362
534513307477031002
176772476421651642
850818034599889297
88954220444379407
250037236135143862
994356689753426046
900628495026254572
563313826611213004
588670427291909453
30271676078706704
436928814715930335
436928814715930335
796192010798025261
840500523209913735
464083131857462376
738834232784209362
563313826611213004
217460934618015465
492854702104591659
609619527515904562
600647317705897810
20867041590577983
513671278805820165
383685032371832207
944546191794989809
796192010798025261
719764592070785640
949150636654010922
213437599744444583
544473887621342499
46257600075338423
579215049822020468
588670427291909453
204898974696048149
271272718351412027
368883665367557031
719764592070785640
825389358490475014
280280470104525498
12651007595809023
913952335171031731
144712496149538826
681130368119768797
394888557280704281
621385916698912042
977336435327875143
669124014382807575
368883665367557031
594289038948242197
310844757147751900
93073541681724066
310844757147751900
661880239871802095
850818034599889297
93073541681724066
69146647002290795
287050313432047763
271272718351412027
20867041590577983
673999175640650777
893067073936004889
250037236135143862
890339784532235893
719059411097029983
913701197133607915
360333366813996918
405254724180905877
330103281228975465
6126691569565492
796192010798025261
464083131857462376
478792779527652389
994356689753426046
405254724180905877
204898974696048149
88487890027323660
669124014382807575
738834232784209362
699211779734339660
368883665367557031
890339784532235893
871962519194217883
563313826611213004
250037236135143862
415163327616606784
204898974696048149
781679233070155978
6126691569565492
57652823964347545
563313826611213004
890339784532235893
176772476421651642
330103281228975465
815387291470014397
961340493871096285
46257600075338423
28229520116392139
815387291470014397
924410952626555157
753574594855588099
310844757147751900
787887869972884133
430255911634398045
463439958714005640
893067073936004889
512507305363214693
49595854779280392
463439958714005640
478792779527652389
125384938557718417
609619527515904562
558744953770458814
845241158336069779
853979468585769957
28229520116392139
928174505874239794
57652823964347545
204898974696048149
772397958660045796
609619527515904562
513671278805820165
447384114016735810
994356689753426046
787887869972884133
661880239871802095
825389358490475014
250037236135143862
252550407300150997
719059411097029983
939101782227148236
205658945776590587
579215049822020468
163237538579128334
840500523209913735
463439958714005640
646993785392888041
661880239871802095
579215049822020468
30271676078706704
753574594855588099
256363224935902691
661880239871802095
163237538579128334
478792779527652389
433281106198910035
154182226003051952
549878840114862732
890339784532235893
815387291470014397
88954220444379407
787887869972884133
463439958714005640
969311043734468083
977336435327875143
772397958660045796
594289038948242197
815387291470014397
20867041590577983
850818034599889297
447384114016735810
669124014382807575
205658945776590587
271272718351412027
669124014382807575
796192010798025261
330103281228975465
965591809868212705
317297067801508691
681130368119768797
719764592070785640
250037236135143862
719764592070785640
73541513743712679
765017059152024598
765017059152024598
900628495026254572
994356689753426046
271272718351412027
770051709324336820
627903051547305903
436928814715930335
513671278805820165
176772476421651642
93073541681724066
301810445711637694
93073541681724066
256103768442461339
256363224935902691
871962519194217883
609619527515904562
815387291470014397
154182226003051952
282393008958309031
310844757147751900
447384114016735810
965591809868212705
890339784532235893
330103281228975465
579215049822020468
681130368119768797
368883665367557031
534513307477031002
93073541681724066
176772476421651642
871962519194217883
977336435327875143
781679233070155978
572764462161469484
163237538579128334
646993785392888041
6126691569565492
492854702104591659
271272718351412027
609619527515904562
853979468585769957
924410952626555157
144712496149538826
93073541681724066
924410952626555157
871962519194217883
154182226003051952
360333366813996918
360333366813996918
850818034599889297
772397958660045796
673999175640650777
205658945776590587
20867041590577983
217460934618015465
252550407300150997
28229520116392139
961340493871096285
256103768442461339
492854702104591659
719764592070785640
20867041590577983
271272718351412027
250037236135143862
49595854779280392
73541513743712679
719059411097029983
905140750946342093
415163327616606784
176772476421651642
144712496149538826
436928814715930335
118103735243371067
994356689753426046
20867041590577983
69146647002290795
30271676078706704
965591809868212705
949150636654010922
627903051547305903
388365960461137209
646993785392888041
93073541681724066
436928814715930335
326016351702206265
464083131857462376
512507305363214693
57652823964347545
646993785392888041
405254724180905877
330103281228975465
73541513743712679
110768305995608119
310844757147751900
154182226003051952
796192010798025261
360333366813996918
368883665367557031
330103281228975465
871962519194217883
547040895870109215
394888557280704281
301810445711637694
405254724180905877
256363224935902691
928084237960274213
690868974304375950
204898974696048149
126167528637916768
12651007595809023
447384114016735810
125384938557718417
436928814715930335
57652823964347545
661880239871802095
738834232784209362
673999175640650777
815387291470014397
49595854779280392
69146647002290795
144712496149538826
681130368119768797
271272718351412027
301810445711637694
845241158336069779
719059411097029983
699211779734339660
690868974304375950
256363224935902691
73541513743712679
271272718351412027
600647317705897810
525029267825063438
513671278805820165
939101782227148236
646993785392888041
765017059152024598
478792779527652389
447384114016735810
890339784532235893
864092367447337114
8242710032502969
796192010798025261
738834232784209362
6126691569565492
392411483416200656
828671100327995238
360333366813996918
256363224935902691
782326482796393497
412219198777545236
415163327616606784
796192010798025261
204898974696048149
738834232784209362
890339784532235893
6126691569565492
69146647002290795
544473887621342499
271272718351412027
822745926954075526
994356689753426046
529287389158691554
554515207261947550
781679233070155978
661880239871802095
781679233070155978
73541513743712679
125384938557718417
900628495026254572
154182226003051952
765017059152024598
594289038948242197
796192010798025261
796192010798025261
871962519194217883
492854702104591659
118103735243371067
753574594855588099
330103281228975465
600647317705897810
939101782227148236
572764462161469484
588670427291909453
204898974696048149
944546191794989809
765017059152024598
154182226003051952
405254724180905877
126167528637916768
93073541681724066
287050313432047763
447384114016735810
330103281228975465
118103735243371067
154182226003051952
478792779527652389
204898974696048149
840500523209913735
282393008958309031
144712496149538826
30271676078706704
252550407300150997
822745926954075526
871962519194217883
890339784532235893
544473887621342499
907731521953807013
204898974696048149
572764462161469484
552985843459955846
271272718351412027
913952335171031731
280257152244485079
753574594855588099
30271676078706704
282393008958309031
250037236135143862
463439958714005640
828671100327995238
719059411097029983
719059411097029983
621385916698912042
529287389158691554
900628495026254572
850818034599889297
330103281228975465
871962519194217883
317297067801508691
869426951745005100
609619527515904562
447384114016735810
287050313432047763
949150636654010922
252550407300150997
167057091566926066
719764592070785640
447384114016735810
388365960461137209
719764592070785640
330103281228975465
250037236135143862
594289038948242197
154182226003051952
634213803631113229
217460934618015465
463439958714005640
310844757147751900
690868974304375950
46257600075338423
463439958714005640
719764592070785640
529287389158691554
464083131857462376
176772476421651642
478792779527652389
176772476421651642
12651007595809023
753574594855588099
436928814715930335
204898974696048149
977336435327875143
772397958660045796
405254724180905877
463439958714005640
69146647002290795
621385916698912042
204898974696048149
719764592070785640
176772476421651642
110768305995608119
512507305363214693
118103735243371067
126167528637916768
765017059152024598
492854702104591659
796192010798025261
394888557280704281
588670427291909453
868931746302964578
965591809868212705
125384938557718417
176772476421651642
360333366813996918
661880239871802095
6126691569565492
549878840114862732
621385916698912042
326016351702206265
310844757147751900
594289038948242197
144712496149538826
492854702104591659
154182226003051952
57652823964347545
217460934618015465
110768305995608119
271272718351412027
579215049822020468
770051709324336820
163237538579128334
176772476421651642
310844757147751900
46257600075338423
900628495026254572
554515207261947550
765017059152024598
544473887621342499
217460934618015465
93073541681724066
549878840114862732
392411483416200656
415163327616606784
6126691569565492
949150636654010922
6126691569565492
864092367447337114
110768305995608119
621385916698912042
118103735243371067
317297067801508691
871962519194217883
478792779527652389
394888557280704281
217460934618015465
217460934618015465
552985843459955846
765017059152024598
939101782227148236
394888557280704281
815387291470014397
913701197133607915
30271676078706704
828671100327995238
287050313432047763
675061158881050148
969311043734468083
609619527515904562
167057091566926066
30271676078706704
415163327616606784
252550407300150997
673999175640650777
825389358490475014
330103281228975465
933696804186481107
681130368119768797
383685032371832207
690868974304375950
317025222621017508
765017059152024598
534513307477031002
965591809868212705
765017059152024598
205658945776590587
753574594855588099
556330776374449619
330103281228975465
594289038948242197
412219198777545236
961340493871096285
204898974696048149
690868974304375950
738834232784209362
407394591141049495
738834232784209362
994356689753426046
928174505874239794
383685032371832207
968890646086776267
815387291470014397
368883665367557031
973770964778516783
928174505874239794
392411483416200656
913701197133607915
609619527515904562
492854702104591659
699211779734339660
217460934618015465
924410952626555157
552985843459955846
556330776374449619
383685032371832207
738834232784209362
890339784532235893
57652823964347545
154182226003051952
890339784532235893
646993785392888041
478792779527652389
317025222621017508
217460934618015465
430255911634398045
890339784532235893
646993785392888041
447384114016735810
447384114016735810
563313826611213004
529287389158691554
250037236135143862
544473887621342499
383685032371832207
256103768442461339
204898974696048149
57652823964347545
544473887621342499
609619527515904562
464083131857462376
317025222621017508
815387291470014397
217460934618015465
368883665367557031
893067073936004889
681130368119768797
890339784532235893
17638821822118574
913701197133607915
163237538579128334
217460934618015465
176772476421651642
330103281228975465
126167528637916768
204898974696048149
360333366813996918
360333366813996918
392411483416200656
913701197133607915
317025222621017508
405254724180905877
949150636654010922
405254724180905877
719059411097029983
973770964778516783
167057091566926066
271272718351412027
368883665367557031
669124014382807575
271272718351412027
973770964778516783
646993785392888041
753508572178066390
412219198777545236
968890646086776267
176772476421651642
621385916698912042
110768305995608119
893067073936004889
699211779734339660
93073541681724066
973770964778516783
88487890027323660
772397958660045796
828671100327995238
464083131857462376
478792779527652389
646993785392888041
871962519194217883
383685032371832207
330103281228975465
204898974696048149
939101782227148236
463439958714005640
388365960461137209
217460934618015465
822745926954075526
949150636654010922
436928814715930335
126167528637916768
330103281228975465
217460934618015465
154182226003051952
88954220444379407
600647317705897810
661880239871802095
383685032371832207
217460934618015465
118103735243371067
646993785392888041
383685032371832207
772397958660045796
110768305995608119
738834232784209362
928174505874239794
217460934618015465
118103735243371067
430255911634398045
627903051547305903
661880239871802095
360333366813996918
661880239871802095
562843273030018604
330103281228975465
463439958714005640
394888557280704281
317025222621017508
646993785392888041
621385916698912042
965591809868212705
738834232784209362
478792779527652389
871962519194217883
796192010798025261
280280470104525498
719764592070785640
699211779734339660
905140750946342093
360333366813996918
368883665367557031
977336435327875143
301810445711637694
933696804186481107
464083131857462376
973770964778516783
840500523209913735
69146647002290795
463439958714005640
167057091566926066
447384114016735810
110768305995608119
639488313808308774
69146647002290795
579215049822020468
436928814715930335
30271676078706704
965591809868212705
549878840114862732
73541513743712679
765017059152024598
383685032371832207
815387291470014397
204898974696048149
905140750946342093
73541513743712679
464083131857462376
893067073936004889
504641952700877119
770051709324336820
204898974696048149
287050313432047763
815387291470014397
118103735243371067
360333366813996918
282393008958309031
890339784532235893
828671100327995238
738834232784209362
787887869972884133
513671278805820165
430255911634398045
579215049822020468
28229520116392139
905140750946342093
176772476421651642
326016351702206265
69146647002290795
738834232784209362
30271676078706704
796192010798025261
250037236135143862
765017059152024598
125384938557718417
719764592070785640
383685032371832207
621385916698912042
853979468585769957
600647317705897810
719764592070785640
88487890027323660
368883665367557031
828671100327995238
301810445711637694
360333366813996918
250037236135143862
646993785392888041
815387291470014397
118103735243371067
588670427291909453
669124014382807575
360333366813996918
973770964778516783
464083131857462376
719764592070785640
681130368119768797
271272718351412027
271272718351412027
934142161616357546
447384114016735810
661880239871802095
217460934618015465
73541513743712679
961340493871096285
20867041590577983
250037236135143862
256363224935902691
871962519194217883
994356689753426046
738834232784209362
271272718351412027
144712496149538826
828671100327995238
118103735243371067
719059411097029983
204898974696048149
17638821822118574
994356689753426046
600647317705897810
699211779734339660
6126691569565492
853979468585769957
167057091566926066
30271676078706704
20867041590577983
815387291470014397
933696804186481107
928084237960274213
217460934618015465
69146647002290795
815387291470014397
280257152244485079
73541513743712679
845241158336069779
463439958714005640
690868974304375950
639488313808308774
900628495026254572
828671100327995238
176772476421651642
6126691569565492
383685032371832207
600647317705897810
17638821822118574
69146647002290795
271272718351412027
864092367447337114
30271676078706704
360333366813996918
415163327616606784
118103735243371067
513671278805820165
977336435327875143
828671100327995238
93073541681724066
57652823964347545
699211779734339660
600647317705897810
252550407300150997
6126691569565492
961340493871096285
330103281228975465
256363224935902691
88954220444379407
301810445711637694
871962519194217883
271272718351412027
126167528637916768
392411483416200656
271272718351412027
639488313808308774
621385916698912042
110768305995608119
770051709324336820
796192010798025261
93073541681724066
621385916698912042
46257600075338423
907731521953807013
73541513743712679
994356689753426046
256363224935902691
271272718351412027
621385916698912042
360333366813996918
949150636654010922
900628495026254572
93073541681724066
360333366813996918
28229520116392139
463439958714005640
796192010798025261
994356689753426046
204898974696048149
609619527515904562
828671100327995238
504641952700877119
412219198777545236
250037236135143862
330103281228975465
447384114016735810
913701197133607915
552985843459955846
781679233070155978
49595854779280392
588670427291909453
871962519194217883
383685032371832207
738834232784209362
110768305995608119
772397958660045796
864092367447337114
388365960461137209
661880239871802095
796192010798025261
256363224935902691
579215049822020468
949150636654010922
30271676078706704
176772476421651642
600647317705897810
463439958714005640
600647317705897810
512507305363214693
46257600075338423
126167528637916768
853979468585769957
815387291470014397
765017059152024598
415163327616606784
392411483416200656
125384938557718417
49595854779280392
994356689753426046
144712496149538826
579215049822020468
69146647002290795
368883665367557031
217460934618015465
646993785392888041
890339784532235893
588670427291909453
368883665367557031
478792779527652389
588670427291909453
447384114016735810
30271676078706704
478792779527652389
73541513743712679
525029267825063438
492854702104591659
924410952626555157
301810445711637694
868931746302964578
176772476421651642
850818034599889297
447384114016735810
28229520116392139
627903051547305903
360333366813996918
939101782227148236
796192010798025261
924410952626555157
594289038948242197
217460934618015465
562843273030018604
360333366813996918
46257600075338423
639488313808308774
389886001684311763
594289038948242197
176772476421651642
301810445711637694
447384114016735810
673999175640650777
669124014382807575
534513307477031002
415163327616606784
205658945776590587
73541513743712679
301810445711637694
579215049822020468
317297067801508691
719764592070785640
280280470104525498
977336435327875143
924410952626555157
588670427291909453
738834232784209362
753574594855588099
144712496149538826
301810445711637694
719764592070785640
360333366813996918
126167528637916768
815387291470014397
176772476421651642
815387291470014397
93073541681724066
871962519194217883
977336435327875143
110768305995608119
512507305363214693
217460934618015465
28229520116392139
949150636654010922
525029267825063438
977336435327875143
73541513743712679
753508572178066390
176772476421651642
753574594855588099
924410952626555157
828671100327995238
204898974696048149
125384938557718417
719059411097029983
360333366813996918
360333366813996918
204898974696048149
681130368119768797
478792779527652389
217460934618015465
552985843459955846
28229520116392139
556330776374449619
840500523209913735
118103735243371067
977336435327875143
436928814715930335
513671278805820165
256363224935902691
28229520116392139
871962519194217883
478792779527652389
965591809868212705
176772476421651642
430255911634398045
360333366813996918
627903051547305903
478792779527652389
93073541681724066
447384114016735810
282393008958309031
383685032371832207
609619527515904562
126167528637916768
286992319722605840
673999175640650777
415163327616606784
900628495026254572
57652823964347545
646993785392888041
933696804186481107
392411483416200656
46257600075338423
753574594855588099
430255911634398045
205658945776590587
301810445711637694
144712496149538826
719059411097029983
949150636654010922
463439958714005640
594289038948242197
815387291470014397
126167528637916768
961340493871096285
405254724180905877
504641952700877119
646993785392888041
661880239871802095
154182226003051952
447384114016735810
118103735243371067
405254724180905877
217460934618015465
6126691569565492
699211779734339660
772397958660045796
176772476421651642
463439958714005640
478792779527652389
88487890027323660
944546191794989809
738834232784209362
554515207261947550
525029267825063438
154182226003051952
840500523209913735
822745926954075526
301810445711637694
949150636654010922
46257600075338423
69146647002290795
154182226003051952
49595854779280392
869426951745005100
661880239871802095
765017059152024598
850818034599889297
17638821822118574
154182226003051952
30271676078706704
144712496149538826
250037236135143862
828671100327995238
368883665367557031
330103281228975465
893067073936004889
753574594855588099
73541513743712679
719059411097029983
383685032371832207
8242710032502969
781679233070155978
176772476421651642
699211779734339660
913952335171031731
46257600075338423
850818034599889297
126167528637916768
840500523209913735
330103281228975465
430255911634398045
287050313432047763
436928814715930335
256103768442461339
46257600075338423
46257600075338423
563313826611213004
392411483416200656
217460934618015465
845241158336069779
204898974696048149
69146647002290795
770051709324336820
913952335171031731
301810445711637694
893067073936004889
205658945776590587
383685032371832207
280257152244485079
815387291470014397
317297067801508691
73541513743712679
525029267825063438
738834232784209362
634213803631113229
719764592070785640
250037236135143862
563313826611213004
699211779734339660
430255911634398045
699211779734339660
572764462161469484
913701197133607915
388365960461137209
57652823964347545
907731521953807013
330103281228975465
282393008958309031
213437599744444583
913952335171031731
110768305995608119
913952335171031731
478792779527652389
719764592070785640
719059411097029983
738834232784209362
973770964778516783
326016351702206265
977336435327875143
796192010798025261
110768305995608119
88487890027323660
661880239871802095
525029267825063438
572764462161469484
924410952626555157
360333366813996918
850818034599889297
271272718351412027
8242710032502969
796192010798025261
600647317705897810
436928814715930335
368883665367557031
204898974696048149
287050313432047763
463439958714005640
217460934618015465
675061158881050148
6126691569565492
326016351702206265
969311043734468083
753508572178066390
558744953770458814
934142161616357546
317025222621017508
144712496149538826
360333366813996918
301810445711637694
360333366813996918
621385916698912042
250037236135143862
447384114016735810
968890646086776267
772397958660045796
815387291470014397
563313826611213004
840500523209913735
845241158336069779
282393008958309031
994356689753426046
360333366813996918
415163327616606784
464083131857462376
368883665367557031
478792779527652389
360333366813996918
330103281228975465
310844757147751900
994356689753426046
360333366813996918
893067073936004889
853979468585769957
49595854779280392
588670427291909453
394888557280704281
871962519194217883
144712496149538826
447384114016735810
271272718351412027
621385916698912042
719059411097029983
853979468585769957
478792779527652389
871962519194217883
301810445711637694
944546191794989809
669124014382807575
977336435327875143
588670427291909453
796192010798025261
753574594855588099
392411483416200656
415163327616606784
430255911634398045
815387291470014397
30271676078706704
163237538579128334
646993785392888041
961340493871096285
204898974696048149
57652823964347545
782326482796393497
330103281228975465
588670427291909453
905140750946342093
30271676078706704
815387291470014397
544473887621342499
890339784532235893
430255911634398045
822745926954075526
828671100327995238
478792779527652389
415163327616606784
463439958714005640
6126691569565492
436928814715930335
544473887621342499
905140750946342093
719059411097029983
965591809868212705
204898974696048149
738834232784209362
609619527515904562
594289038948242197
57652823964347545
513671278805820165
621385916698912042
504641952700877119
126167528637916768
719059411097029983
110768305995608119
286992319722605840
405254724180905877
405254724180905877
828671100327995238
46257600075338423
57652823964347545
301810445711637694
256103768442461339
796192010798025261
621385916698912042
126167528637916768
118103735243371067
907731521953807013
840500523209913735
176772476421651642
330103281228975465
30271676078706704
250037236135143862
433281106198910035
167057091566926066
646993785392888041
250037236135143862
782326482796393497
840500523209913735
994356689753426046
770051709324336820
463439958714005640
394888557280704281
871962519194217883
562843273030018604
796192010798025261
436928814715930335
167057091566926066
430255911634398045
765017059152024598
167057091566926066
46257600075338423
994356689753426046
250037236135143862
287050313432047763
796192010798025261
961340493871096285
719059411097029983
57652823964347545
49595854779280392
961340493871096285
8242710032502969
301810445711637694
924410952626555157
176772476421651642
464083131857462376
330103281228975465
893067073936004889
433281106198910035
28229520116392139
217460934618015465
690868974304375950
850818034599889297
815387291470014397
415163327616606784
250037236135143862
933696804186481107
388365960461137209
204898974696048149
6126691569565492
699211779734339660
394888557280704281
282393008958309031
961340493871096285
850818034599889297
478792779527652389
8242710032502969
765017059152024598
781679233070155978
765017059152024598
217460934618015465
250037236135143862
719059411097029983
825389358490475014
163237538579128334
900628495026254572
368883665367557031
840500523209913735
30271676078706704
250037236135143862
738834232784209362
204898974696048149
46257600075338423
144712496149538826
944546191794989809
969311043734468083
753508572178066390
310844757147751900
639488313808308774
217460934618015465
893067073936004889
634213803631113229
890339784532235893
326016351702206265
301810445711637694
513671278805820165
383685032371832207
504641952700877119
217460934618015465
961340493871096285
512507305363214693
280257152244485079
815387291470014397
415163327616606784
415163327616606784
890339784532235893
529287389158691554
217460934618015465
464083131857462376
204898974696048149
12651007595809023
144712496149538826
383685032371832207
301810445711637694
579215049822020468
913952335171031731
924410952626555157
588670427291909453
463439958714005640
738834232784209362
176772476421651642
204898974696048149
913701197133607915
529287389158691554
464083131857462376
118103735243371067
544473887621342499
447384114016735810
646993785392888041
250037236135143862
154182226003051952
787887869972884133
217460934618015465
30271676078706704
828671100327995238
330103281228975465
73541513743712679
217460934618015465
639488313808308774
994356689753426046
360333366813996918
690868974304375950
110768305995608119
176772476421651642
525029267825063438
110768305995608119
840500523209913735
765017059152024598
69146647002290795
447384114016735810
828671100327995238
6126691569565492
478792779527652389
675061158881050148
93073541681724066
965591809868212705
125384938557718417
690868974304375950
126167528637916768
492854702104591659
825389358490475014
271272718351412027
46257600075338423
753508572178066390
621385916698912042
73541513743712679
719059411097029983
924410952626555157
796192010798025261
646993785392888041
690868974304375950
869426951745005100
893067073936004889
913952335171031731
163237538579128334
118103735243371067
646993785392888041
433281106198910035
609619527515904562
252550407300150997
447384114016735810
301810445711637694
360333366813996918
949150636654010922
815387291470014397
412219198777545236
621385916698912042
845241158336069779
447384114016735810
250037236135143862
271272718351412027
204898974696048149
534513307477031002
765017059152024598
368883665367557031
572764462161469484
126167528637916768
563313826611213004
478792779527652389
690868974304375950
907731521953807013
907731521953807013
330103281228975465
271272718351412027
463439958714005640
661880239871802095
360333366813996918
864092367447337114
796192010798025261
796192010798025261
126167528637916768
947344290796311150
383685032371832207
301810445711637694
204898974696048149
88487890027323660
796192010798025261
949150636654010922
6126691569565492
388365960461137209
556330776374449619
118103735243371067
204898974696048149
850818034599889297
871962519194217883
30271676078706704
513671278805820165
588670427291909453
828671100327995238
825389358490475014
534513307477031002
282393008958309031
556330776374449619
326016351702206265
913701197133607915
447384114016735810
125384938557718417
330103281228975465
669124014382807575
6126691569565492
661880239871802095
415163327616606784
868931746302964578
176772476421651642
556330776374449619
815387291470014397
301810445711637694
738834232784209362
815387291470014397
407394591141049495
558744953770458814
204898974696048149
412219198777545236
250037236135143862
815387291470014397
853979468585769957
504641952700877119
825389358490475014
436928814715930335
250037236135143862
933696804186481107
719764592070785640
368883665367557031
360333366813996918
330103281228975465
765017059152024598
205658945776590587
126167528637916768
609619527515904562
634213803631113229
93073541681724066
588670427291909453
217460934618015465
405254724180905877
781679233070155978
669124014382807575
433281106198910035
271272718351412027
301810445711637694
669124014382807575
217460934618015465
46257600075338423
646993785392888041
250037236135143862
88954220444379407
871962519194217883
681130368119768797
93073541681724066
478792779527652389
871962519194217883
310844757147751900
646993785392888041
464083131857462376
167057091566926066
504641952700877119
415163327616606784
176772476421651642
57652823964347545
46257600075338423
430255911634398045
900628495026254572
913952335171031731
690868974304375950
360333366813996918
690868974304375950
492854702104591659
49595854779280392
787887869972884133
913701197133607915
913701197133607915
719764592070785640
436928814715930335
271272718351412027
287050313432047763
93073541681724066
738834232784209362
93073541681724066
994356689753426046
301810445711637694
118103735243371067
549878840114862732
840500523209913735
492854702104591659
217460934618015465
621385916698912042
738834232784209362
69146647002290795
46257600075338423
204898974696048149
167057091566926066
572764462161469484
634213803631113229
154182226003051952
600647317705897810
646993785392888041
562843273030018604
464083131857462376
383685032371832207
383685032371832207
944546191794989809
525029267825063438
853979468585769957
907731521953807013
30271676078706704
772397958660045796
765017059152024598
430255911634398045
871962519194217883
478792779527652389
525029267825063438
383685032371832207
118103735243371067
204898974696048149
699211779734339660
850818034599889297
176772476421651642
73541513743712679
594289038948242197
154182226003051952
287050313432047763
928174505874239794
280280470104525498
256363224935902691
787887869972884133
719764592070785640
840500523209913735
699211779734339660
360333366813996918
205658945776590587
738834232784209362
280257152244485079
330103281228975465
271272718351412027
73541513743712679
572764462161469484
994356689753426046
594289038948242197
447384114016735810
621385916698912042
815387291470014397
405254724180905877
765017059152024598
513671278805820165
463439958714005640
126167528637916768
176772476421651642
30271676078706704
464083131857462376
407394591141049495
934142161616357546
388365960461137209
939101782227148236
787887869972884133
815387291470014397
204898974696048149
69146647002290795
204898974696048149
447384114016735810
681130368119768797
753508572178066390
30271676078706704
588670427291909453
12651007595809023
250037236135143862
394888557280704281
326016351702206265
326016351702206265
900628495026254572
69146647002290795
738834232784209362
579215049822020468
868931746302964578
57652823964347545
28229520116392139
250037236135143862
977336435327875143
330103281228975465
977336435327875143
492854702104591659
772397958660045796
681130368119768797
430255911634398045
534513307477031002
572764462161469484
405254724180905877
326016351702206265
256363224935902691
330103281228975465
621385916698912042
588670427291909453
30271676078706704
563313826611213004
57652823964347545
205658945776590587
994356689753426046
547040895870109215
154182226003051952
163237538579128334
93073541681724066
217460934618015465
504641952700877119
738834232784209362
828671100327995238
30271676078706704
850818034599889297
864092367447337114
415163327616606784
360333366813996918
30271676078706704
738834232784209362
463439958714005640
217460934618015465
609619527515904562
973770964778516783
271272718351412027
588670427291909453
271272718351412027
30271676078706704
415163327616606784
57652823964347545
738834232784209362
478792779527652389
368883665367557031
217460934618015465
853979468585769957
492854702104591659
144712496149538826
394888557280704281
513671278805820165
463439958714005640
681130368119768797
933696804186481107
504641952700877119
30271676078706704
534513307477031002
933696804186481107
961340493871096285
447384114016735810
176772476421651642
388365960461137209
492854702104591659
287050313432047763
412219198777545236
900628495026254572
93073541681724066
900628495026254572
738834232784209362
681130368119768797
840500523209913735
840500523209913735
88487890027323660
900628495026254572
360333366813996918
639488313808308774
217460934618015465
492854702104591659
828671100327995238
973770964778516783
646993785392888041
280257152244485079
8242710032502969
681130368119768797
845241158336069779
552985843459955846
464083131857462376
868931746302964578
110768305995608119
407394591141049495
110768305995608119
907731521953807013
699211779734339660
719059411097029983
492854702104591659
447384114016735810
49595854779280392
939101782227148236
250037236135143862
913952335171031731
529287389158691554
383685032371832207
853979468585769957
250037236135143862
900628495026254572
840500523209913735
478792779527652389
167057091566926066
890339784532235893
961340493871096285
144712496149538826
282393008958309031
562843273030018604
661880239871802095
869426951745005100
360333366813996918
49595854779280392
529287389158691554
144712496149538826
796192010798025261
93073541681724066
928084237960274213
73541513743712679
871962519194217883
513671278805820165
781679233070155978
204898974696048149
871962519194217883
217460934618015465
368883665367557031
796192010798025261
594289038948242197
463439958714005640
939101782227148236
368883665367557031
46257600075338423
864092367447337114
928084237960274213
271272718351412027
436928814715930335
57652823964347545
815387291470014397
394888557280704281
796192010798025261
360333366813996918
176772476421651642
913701197133607915
690868974304375950
301810445711637694
928084237960274213
588670427291909453
690868974304375950
330103281228975465
368883665367557031
250037236135143862
205658945776590587
907731521953807013
250037236135143862
544473887621342499
144712496149538826
167057091566926066
282393008958309031
994356689753426046
176772476421651642
57652823964347545
973770964778516783
525029267825063438
621385916698912042
204898974696048149
933696804186481107
600647317705897810
822745926954075526
8242710032502969
49595854779280392
850818034599889297
360333366813996918
913952335171031731
492854702104591659
204898974696048149
753574594855588099
17638821822118574
204898974696048149
154182226003051952
383685032371832207
383685032371832207
977336435327875143
529287389158691554
125384938557718417
176772476421651642
765017059152024598
492854702104591659
572764462161469484
699211779734339660
822745926954075526
110768305995608119
415163327616606784
558744953770458814
144712496149538826
609619527515904562
478792779527652389
271272718351412027
845241158336069779
690868974304375950
900628495026254572
163237538579128334
738834232784209362
796192010798025261
463439958714005640
864092367447337114
368883665367557031
890339784532235893
463439958714005640
961340493871096285
669124014382807575
796192010798025261
544473887621342499
330103281228975465
796192010798025261
217460934618015465
368883665367557031
144712496149538826
675061158881050148
699211779734339660
73541513743712679
154182226003051952
360333366813996918
126167528637916768
69146647002290795
360333366813996918
864092367447337114
415163327616606784
913701197133607915
250037236135143862
394888557280704281
828671100327995238
144712496149538826
850818034599889297
73541513743712679
994356689753426046
368883665367557031
965591809868212705
464083131857462376
383685032371832207
204898974696048149
504641952700877119
447384114016735810
753508572178066390
594289038948242197
977336435327875143
317297067801508691
828671100327995238
579215049822020468
330103281228975465
6126691569565492
513671278805820165
415163327616606784
512507305363214693
176772476421651642
675061158881050148
772397958660045796
310844757147751900
310844757147751900
88487890027323660
360333366813996918
280257152244485079
699211779734339660
547040895870109215
609619527515904562
890339784532235893
690868974304375950
871962519194217883
796192010798025261
271272718351412027
8242710032502969
126167528637916768
176772476421651642
287050313432047763
478792779527652389
217460934618015465
588670427291909453
973770964778516783
994356689753426046
492854702104591659
994356689753426046
144712496149538826
796192010798025261
690868974304375950
217460934618015465
934142161616357546
646993785392888041
961340493871096285
57652823964347545
118103735243371067
646993785392888041
977336435327875143
6126691569565492
558744953770458814
301810445711637694
317297067801508691
57652823964347545
205658945776590587
621385916698912042
330103281228975465
544473887621342499
93073541681724066
782326482796393497
719764592070785640
994356689753426046
69146647002290795
934142161616357546
88487890027323660
464083131857462376
815387291470014397
871962519194217883
93073541681724066
93073541681724066
167057091566926066
330103281228975465
57652823964347545
256363224935902691
534513307477031002
433281106198910035
719764592070785640
933696804186481107
271272718351412027
271272718351412027
905140750946342093
913701197133607915
282393008958309031
49595854779280392
544473887621342499
256363224935902691
464083131857462376
330103281228975465
217460934618015465
558744953770458814
719059411097029983
864092367447337114
579215049822020468
563313826611213004
796192010798025261
317297067801508691
280257152244485079
69146647002290795
753508572178066390
57652823964347545
782326482796393497
525029267825063438
719059411097029983
282393008958309031
57652823964347545
690868974304375950
464083131857462376
20867041590577983
30271676078706704
217460934618015465
492854702104591659
719764592070785640
433281106198910035
464083131857462376
118103735243371067
368883665367557031
394888557280704281
176772476421651642
301810445711637694
73541513743712679
360333366813996918
447384114016735810
144712496149538826
217460934618015465
463439958714005640
796192010798025261
360333366813996918
947344290796311150
977336435327875143
17638821822118574
271272718351412027
609619527515904562
994356689753426046
73541513743712679
588670427291909453
287050313432047763
478792779527652389
478792779527652389
310844757147751900
144712496149538826
504641952700877119
383685032371832207
360333366813996918
621385916698912042
961340493871096285
556330776374449619
144712496149538826
204898974696048149
126167528637916768
994356689753426046
93073541681724066
463439958714005640
563313826611213004
368883665367557031
907731521953807013
994356689753426046
913952335171031731
317025222621017508
850818034599889297
719764592070785640
994356689753426046
250037236135143862
110768305995608119
868931746302964578
871962519194217883
977336435327875143
765017059152024598
934142161616357546
492854702104591659
217460934618015465
646993785392888041
753574594855588099
118103735243371067
167057091566926066
282393008958309031
529287389158691554
405254724180905877
88487890027323660
73541513743712679
217460934618015465
463439958714005640
256363224935902691
781679233070155978
176772476421651642
558744953770458814
719764592070785640
965591809868212705
939101782227148236
864092367447337114
388365960461137209
301810445711637694
529287389158691554
594289038948242197
73541513743712679
600647317705897810
965591809868212705
787887869972884133
250037236135143862
765017059152024598
513671278805820165
928174505874239794
447384114016735810
30271676078706704
905140750946342093
871962519194217883
822745926954075526
360333366813996918
673999175640650777
675061158881050148
360333366813996918
447384114016735810
6126691569565492
753508572178066390
447384114016735810
529287389158691554
154182226003051952
492854702104591659
217460934618015465
594289038948242197
924410952626555157
961340493871096285
828671100327995238
330103281228975465
893067073936004889
753574594855588099
205658945776590587
947344290796311150
49595854779280392
994356689753426046
492854702104591659
572764462161469484
961340493871096285
447384114016735810
463439958714005640
176772476421651642
699211779734339660
504641952700877119
646993785392888041
594289038948242197
154182226003051952
646993785392888041
609619527515904562
949150636654010922
673999175640650777
572764462161469484
669124014382807575
544473887621342499
552985843459955846
673999175640650777
256363224935902691
890339784532235893
447384114016735810
796192010798025261
447384114016735810
719059411097029983
600647317705897810
822745926954075526
534513307477031002
110768305995608119
969311043734468083
738834232784209362
250037236135143862
661880239871802095
69146647002290795
383685032371832207
93073541681724066
213437599744444583
250037236135143862
326016351702206265
6126691569565492
125384938557718417
719059411097029983
492854702104591659
646993785392888041
163237538579128334
317025222621017508
534513307477031002
217460934618015465
317025222621017508
928084237960274213
405254724180905877
217460934618015465
430255911634398045
669124014382807575
287050313432047763
845241158336069779
93073541681724066
871962519194217883
118103735243371067
796192010798025261
639488313808308774
627903051547305903
588670427291909453
57652823964347545
905140750946342093
512507305363214693
900628495026254572
144712496149538826
558744953770458814
871962519194217883
924410952626555157
214301326384945096
825389358490475014
669124014382807575
126167528637916768
433281106198910035
529287389158691554
256363224935902691
822745926954075526
447384114016735810
646993785392888041
588670427291909453
609619527515904562
217460934618015465
271272718351412027
529287389158691554
579215049822020468
646993785392888041
271272718351412027
828671100327995238
973770964778516783
869426951745005100
430255911634398045
392411483416200656
977336435327875143
600647317705897810
28229520116392139
282393008958309031
217460934618015465
588670427291909453
961340493871096285
93073541681724066
534513307477031002
534513307477031002
407394591141049495
690868974304375950
977336435327875143
738834232784209362
126167528637916768
204898974696048149
815387291470014397
994356689753426046
871962519194217883
383685032371832207
772397958660045796
447384114016735810
310844757147751900
977336435327875143
681130368119768797
961340493871096285
770051709324336820
301810445711637694
828671100327995238
478792779527652389
719764592070785640
579215049822020468
326016351702206265
73541513743712679
609619527515904562
176772476421651642
634213803631113229
796192010798025261
968890646086776267
913701197133607915
204898974696048149
447384114016735810
738834232784209362
447384114016735810
890339784532235893
330103281228975465
46257600075338423
250037236135143862
609619527515904562
360333366813996918
110768305995608119
167057091566926066
594289038948242197
280257152244485079
621385916698912042
69146647002290795
699211779734339660
934142161616357546
368883665367557031
994356689753426046
661880239871802095
965591809868212705
415163327616606784
933696804186481107
154182226003051952
360333366813996918
513671278805820165
478792779527652389
600647317705897810
934142161616357546
118103735243371067
176772476421651642
176772476421651642
271272718351412027
782326482796393497
753508572178066390
815387291470014397
796192010798025261
627903051547305903
463439958714005640
478792779527652389
504641952700877119
317025222621017508
163237538579128334
828671100327995238
88487890027323660
853979468585769957
796192010798025261
840500523209913735
405254724180905877
360333366813996918
88487890027323660
815387291470014397
330103281228975465
690868974304375950
46257600075338423
949150636654010922
144712496149538826
928084237960274213
525029267825063438
154182226003051952
949150636654010922
994356689753426046
217460934618015465
407394591141049495
110768305995608119
544473887621342499
144712496149538826
433281106198910035
977336435327875143
961340493871096285
639488313808308774
250037236135143862
673999175640650777
430255911634398045
900628495026254572
669124014382807575
944546191794989809
478792779527652389
504641952700877119
88954220444379407
609619527515904562
928084237960274213
646993785392888041
464083131857462376
57652823964347545
853979468585769957
204898974696048149
204898974696048149
994356689753426046
965591809868212705
600647317705897810
699211779734339660
383685032371832207
913952335171031731
110768305995608119
699211779734339660
977336435327875143
125384938557718417
840500523209913735
690868974304375950
405254724180905877
738834232784209362
167057091566926066
965591809868212705
176772476421651642
563313826611213004
126167528637916768
478792779527652389
928084237960274213
250037236135143862
588670427291909453
163237538579128334
719764592070785640
433281106198910035
690868974304375950
430255911634398045
690868974304375950
646993785392888041
301810445711637694
110768305995608119
639488313808308774
547040895870109215
271272718351412027
563313826611213004
73541513743712679
217460934618015465
534513307477031002
504641952700877119
88487890027323660
176772476421651642
753574594855588099
627903051547305903
504641952700877119
815387291470014397
88954220444379407
360333366813996918
73541513743712679
890339784532235893
627903051547305903
534513307477031002
890339784532235893
928084237960274213
913952335171031731
600647317705897810
73541513743712679
939101782227148236
900628495026254572
110768305995608119
949150636654010922
144712496149538826
621385916698912042
646993785392888041
447384114016735810
765017059152024598
600647317705897810
154182226003051952
271272718351412027
57652823964347545
815387291470014397
110768305995608119
464083131857462376
815387291470014397
563313826611213004
144712496149538826
796192010798025261
753508572178066390
28229520116392139
965591809868212705
547040895870109215
389886001684311763
913952335171031731
217460934618015465
994356689753426046
621385916698912042
28229520116392139
600647317705897810
512507305363214693
415163327616606784
681130368119768797
661880239871802095
513671278805820165
88487890027323660
765017059152024598
719059411097029983
600647317705897810
840500523209913735
8242710032502969
478792779527652389
579215049822020468
627903051547305903
864092367447337114
287050313432047763
994356689753426046
250037236135143862
176772476421651642
282393008958309031
961340493871096285
126167528637916768
588670427291909453
572764462161469484
699211779734339660
871962519194217883
822745926954075526
864092367447337114
464083131857462376
609619527515904562
753508572178066390
412219198777545236
250037236135143862
890339784532235893
544473887621342499
828671100327995238
547040895870109215
772397958660045796
934142161616357546
572764462161469484
994356689753426046
360333366813996918
609619527515904562
719764592070785640
796192010798025261
213437599744444583
317297067801508691
753508572178066390
675061158881050148
204898974696048149
840500523209913735
699211779734339660
690868974304375950
271272718351412027
118103735243371067
547040895870109215
681130368119768797
118103735243371067
787887869972884133
600647317705897810
73541513743712679
594289038948242197
609619527515904562
796192010798025261
326016351702206265
504641952700877119
256103768442461339
360333366813996918
549878840114862732
110768305995608119
317297067801508691
368883665367557031
681130368119768797
765017059152024598
310844757147751900
949150636654010922
280280470104525498
969311043734468083
765017059152024598
144712496149538826
781679233070155978
6126691569565492
840500523209913735
176772476421651642
933696804186481107
20867041590577983
368883665367557031
478792779527652389
57652823964347545
154182226003051952
753574594855588099
900628495026254572
690868974304375950
815387291470014397
504641952700877119
770051709324336820
326016351702206265
436928814715930335
88954220444379407
205658945776590587
579215049822020468
600647317705897810
796192010798025261
368883665367557031
621385916698912042
544473887621342499
49595854779280392
609619527515904562
669124014382807575
167057091566926066
609619527515904562
214301326384945096
69146647002290795
118103735243371067
913952335171031731
330103281228975465
853979468585769957
256363224935902691
965591809868212705
286992319722605840
217460934618015465
405254724180905877
828671100327995238
118103735243371067
579215049822020468
699211779734339660
93073541681724066
214301326384945096
360333366813996918
588670427291909453
217460934618015465
252550407300150997
478792779527652389
412219198777545236
639488313808308774
529287389158691554
699211779734339660
939101782227148236
125384938557718417
217460934618015465
478792779527652389
556330776374449619
646993785392888041
772397958660045796
825389358490475014
88487890027323660
271272718351412027
415163327616606784
621385916698912042
93073541681724066
388365960461137209
681130368119768797
977336435327875143
563313826611213004
815387291470014397
969311043734468083
415163327616606784
205658945776590587
17638821822118574
287050313432047763
690868974304375950
968890646086776267
126167528637916768
840500523209913735
144712496149538826
850818034599889297
8242710032502969
673999175640650777
504641952700877119
415163327616606784
317297067801508691
719764592070785640
868931746302964578
217460934618015465
934142161616357546
368883665367557031
256363224935902691
464083131857462376
330103281228975465
594289038948242197
504641952700877119
738834232784209362
815387291470014397
504641952700877119
280257152244485079
250037236135143862
669124014382807575
913701197133607915
383685032371832207
282393008958309031
317025222621017508
110768305995608119
478792779527652389
924410952626555157
944546191794989809
661880239871802095
928174505874239794
301810445711637694
176772476421651642
738834232784209362
765017059152024598
529287389158691554
765017059152024598
213437599744444583
204898974696048149
969311043734468083
588670427291909453
412219198777545236
719764592070785640
360333366813996918
250037236135143862
407394591141049495
563313826611213004
994356689753426046
93073541681724066
301810445711637694
383685032371832207
176772476421651642
360333366813996918
853979468585769957
621385916698912042
144712496149538826
463439958714005640
753508572178066390
317025222621017508
900628495026254572
977336435327875143
840500523209913735
796192010798025261
738834232784209362
415163327616606784
301810445711637694
447384114016735810
88487890027323660
512507305363214693
430255911634398045
673999175640650777
796192010798025261
125384938557718417
853979468585769957
301810445711637694
853979468585769957
405254724180905877
126167528637916768
73541513743712679
144712496149538826
57652823964347545
634213803631113229
252550407300150997
176772476421651642
639488313808308774
433281106198910035
6126691569565492
282393008958309031
944546191794989809
673999175640650777
864092367447337114
360333366813996918
588670427291909453
330103281228975465
719764592070785640
310844757147751900
977336435327875143
609619527515904562
738834232784209362
30271676078706704
8242710032502969
436928814715930335
176772476421651642
163237538579128334
924410952626555157
125384938557718417
407394591141049495
669124014382807575
594289038948242197
961340493871096285
93073541681724066
73541513743712679
330103281228975465
478792779527652389
504641952700877119
144712496149538826
204898974696048149
534513307477031002
588670427291909453
301810445711637694
905140750946342093
753508572178066390
796192010798025261
176772476421651642
828671100327995238
646993785392888041
588670427291909453
217460934618015465
669124014382807575
924410952626555157
287050313432047763
913952335171031731
513671278805820165
609619527515904562
871962519194217883
69146647002290795
326016351702206265
478792779527652389
250037236135143862
639488313808308774
144712496149538826
46257600075338423
699211779734339660
961340493871096285
436928814715930335
588670427291909453
994356689753426046
271272718351412027
436928814715930335
787887869972884133
563313826611213004
204898974696048149
287050313432047763
772397958660045796
360333366813996918
815387291470014397
204898974696048149
368883665367557031
176772476421651642
669124014382807575
845241158336069779
388365960461137209
93073541681724066
204898974696048149
787887869972884133
360333366813996918
250037236135143862
594289038948242197
204898974696048149
871962519194217883
977336435327875143
544473887621342499
924410952626555157
250037236135143862
463439958714005640
961340493871096285
753574594855588099
176772476421651642
492854702104591659
167057091566926066
781679233070155978
973770964778516783
256103768442461339
822745926954075526
796192010798025261
280257152244485079
463439958714005640
563313826611213004
973770964778516783
49595854779280392
588670427291909453
301810445711637694
217460934618015465
478792779527652389
840500523209913735
924410952626555157
125384938557718417
447384114016735810
256103768442461339
360333366813996918
463439958714005640
492854702104591659
609619527515904562
301810445711637694
49595854779280392
961340493871096285
430255911634398045
204898974696048149
928084237960274213
110768305995608119
853979468585769957
719764592070785640
287050313432047763
579215049822020468
217460934618015465
699211779734339660
669124014382807575
772397958660045796
317297067801508691
301810445711637694
969311043734468083
478792779527652389
890339784532235893
871962519194217883
562843273030018604
46257600075338423
646993785392888041
144712496149538826
176772476421651642
463439958714005640
118103735243371067
110768305995608119
719764592070785640
310844757147751900
88487890027323660
753574594855588099
753574594855588099
167057091566926066
544473887621342499
252550407300150997
600647317705897810
217460934618015465
69146647002290795
464083131857462376
675061158881050148
579215049822020468
144712496149538826
977336435327875143
204898974696048149
796192010798025261
782326482796393497
588670427291909453
621385916698912042
326016351702206265
661880239871802095
864092367447337114
287050313432047763
144712496149538826
504641952700877119
815387291470014397
12651007595809023
256363224935902691
464083131857462376
88487890027323660
447384114016735810
719764592070785640
30271676078706704
492854702104591659
271272718351412027
949150636654010922
646993785392888041
271272718351412027
552985843459955846
796192010798025261
699211779734339660
93073541681724066
287050313432047763
572764462161469484
579215049822020468
310844757147751900
46257600075338423
256363224935902691
176772476421651642
73541513743712679
547040895870109215
383685032371832207
176772476421651642
944546191794989809
217460934618015465
73541513743712679
661880239871802095
478792779527652389
934142161616357546
126167528637916768
796192010798025261
492854702104591659
118103735243371067
30271676078706704
144712496149538826
928174505874239794
28229520116392139
850818034599889297
588670427291909453
271272718351412027
890339784532235893
939101782227148236
463439958714005640
57652823964347545
280257152244485079
588670427291909453
913701197133607915
753508572178066390
554515207261947550
478792779527652389
204898974696048149
463439958714005640
845241158336069779
600647317705897810
646993785392888041
69146647002290795
330103281228975465
973770964778516783
49595854779280392
634213803631113229
661880239871802095
977336435327875143
301810445711637694
256363224935902691
287050313432047763
405254724180905877
163237538579128334
447384114016735810
822745926954075526
46257600075338423
529287389158691554
436928814715930335
287050313432047763
840500523209913735
271272718351412027
360333366813996918
88487890027323660
17638821822118574
57652823964347545
20867041590577983
93073541681724066
765017059152024598
845241158336069779
765017059152024598
69146647002290795
634213803631113229
825389358490475014
49595854779280392
217460934618015465
125384938557718417
690868974304375950
163237538579128334
781679233070155978
544473887621342499
913952335171031731
383685032371832207
529287389158691554
893067073936004889
154182226003051952
217460934618015465
765017059152024598
890339784532235893
430255911634398045
167057091566926066
204898974696048149
864092367447337114
699211779734339660
822745926954075526
405254724180905877
815387291470014397
738834232784209362
69146647002290795
492854702104591659
934142161616357546
928084237960274213
825389358490475014
853979468585769957
217460934618015465
549878840114862732
280257152244485079
871962519194217883
12651007595809023
69146647002290795
504641952700877119
913701197133607915
368883665367557031
579215049822020468
73541513743712679
529287389158691554
125384938557718417
621385916698912042
753508572178066390
405254724180905877
6126691569565492
627903051547305903
271272718351412027
621385916698912042
639488313808308774
845241158336069779
167057091566926066
961340493871096285
994356689753426046
719764592070785640
822745926954075526
88487890027323660
205658945776590587
547040895870109215
796192010798025261
310844757147751900
204898974696048149
738834232784209362
360333366813996918
88954220444379407
890339784532235893
765017059152024598
845241158336069779
360333366813996918
646993785392888041
787887869972884133
57652823964347545
944546191794989809
176772476421651642
871962519194217883
217460934618015465
796192010798025261
913952335171031731
447384114016735810
572764462161469484
639488313808308774
594289038948242197
110768305995608119
753574594855588099
772397958660045796
492854702104591659
796192010798025261
110768305995608119
525029267825063438
675061158881050148
12651007595809023
464083131857462376
815387291470014397
738834232784209362
110768305995608119
88487890027323660
46257600075338423
699211779734339660
360333366813996918
977336435327875143
20867041590577983
176772476421651642
646993785392888041
787887869972884133
163237538579128334
144712496149538826
46257600075338423
383685032371832207
73541513743712679
924410952626555157
513671278805820165
504641952700877119
646993785392888041
69146647002290795
118103735243371067
463439958714005640
93073541681724066
928174505874239794
977336435327875143
28229520116392139
719059411097029983
30271676078706704
176772476421651642
556330776374449619
719059411097029983
681130368119768797
609619527515904562
436928814715930335
330103281228975465
301810445711637694
907731521953807013
73541513743712679
383685032371832207
994356689753426046
534513307477031002
639488313808308774
669124014382807575
167057091566926066
639488313808308774
853979468585769957
893067073936004889
330103281228975465
634213803631113229
6126691569565492
994356689753426046
144712496149538826
6126691569565492
893067073936004889
871962519194217883
719059411097029983
317297067801508691
30271676078706704
994356689753426046
330103281228975465
73541513743712679
669124014382807575
436928814715930335
949150636654010922
46257600075338423
563313826611213004
204898974696048149
994356689753426046
271272718351412027
360333366813996918
478792779527652389
176772476421651642
301810445711637694
850818034599889297
30271676078706704
579215049822020468
845241158336069779
871962519194217883
504641952700877119
796192010798025261
719764592070785640
447384114016735810
840500523209913735
30271676078706704
383685032371832207
360333366813996918
738834232784209362
864092367447337114
890339784532235893
646993785392888041
977336435327875143
913952335171031731
738834232784209362
719059411097029983
447384114016735810
661880239871802095
627903051547305903
176772476421651642
464083131857462376
28229520116392139
913701197133607915
360333366813996918
204898974696048149
271272718351412027
464083131857462376
753508572178066390
815387291470014397
753574594855588099
699211779734339660
579215049822020468
176772476421651642
544473887621342499
447384114016735810
815387291470014397
492854702104591659
772397958660045796
250037236135143862
828671100327995238
463439958714005640
973770964778516783
900628495026254572
890339784532235893
765017059152024598
144712496149538826
430255911634398045
176772476421651642
973770964778516783
217460934618015465
250037236135143862
360333366813996918
394888557280704281
46257600075338423
738834232784209362
280257152244485079
93073541681724066
271272718351412027
825389358490475014
556330776374449619
49595854779280392
699211779734339660
394888557280704281
765017059152024598
675061158881050148
504641952700877119
204898974696048149
890339784532235893
669124014382807575
310844757147751900
973770964778516783
994356689753426046
969311043734468083
552985843459955846
317297067801508691
447384114016735810
69146647002290795
738834232784209362
154182226003051952
383685032371832207
217460934618015465
310844757147751900
330103281228975465
772397958660045796
513671278805820165
405254724180905877
719764592070785640
646993785392888041
407394591141049495
944546191794989809
968890646086776267
447384114016735810
781679233070155978
360333366813996918
360333366813996918
893067073936004889
20867041590577983
621385916698912042
969311043734468083
163237538579128334
661880239871802095
913952335171031731
464083131857462376
12651007595809023
661880239871802095
405254724180905877
579215049822020468
673999175640650777
330103281228975465
167057091566926066
405254724180905877
572764462161469484
552985843459955846
547040895870109215
621385916698912042
287050313432047763
525029267825063438
699211779734339660
815387291470014397
994356689753426046
110768305995608119
512507305363214693
57652823964347545
360333366813996918
828671100327995238
961340493871096285
217460934618015465
529287389158691554
939101782227148236
415163327616606784
317297067801508691
30271676078706704
639488313808308774
430255911634398045
639488313808308774
977336435327875143
93073541681724066
765017059152024598
492854702104591659
110768305995608119
250037236135143862
394888557280704281
126167528637916768
415163327616606784
126167528637916768
430255911634398045
73541513743712679
699211779734339660
447384114016735810
6126691569565492
913952335171031731
977336435327875143
144712496149538826
368883665367557031
464083131857462376
154182226003051952
383685032371832207
944546191794989809
88487890027323660
433281106198910035
765017059152024598
853979468585769957
217460934618015465
125384938557718417
890339784532235893
845241158336069779
433281106198910035
20867041590577983
627903051547305903
20867041590577983
572764462161469484
699211779734339660
20867041590577983
621385916698912042
669124014382807575
864092367447337114
447384114016735810
504641952700877119
699211779734339660
900628495026254572
738834232784209362
478792779527652389
217460934618015465
8242710032502969
781679233070155978
463439958714005640
252550407300150997
478792779527652389
969311043734468083
492854702104591659
544473887621342499
69146647002290795
6126691569565492
646993785392888041
822745926954075526
256103768442461339
217460934618015465
968890646086776267
681130368119768797
310844757147751900
933696804186481107
368883665367557031
430255911634398045
447384114016735810
57652823964347545
681130368119768797
787887869972884133
271272718351412027
699211779734339660
217460934618015465
871962519194217883
504641952700877119
167057091566926066
252550407300150997
871962519194217883
447384114016735810
256363224935902691
69146647002290795
944546191794989809
738834232784209362
73541513743712679
549878840114862732
529287389158691554
529287389158691554
360333366813996918
176772476421651642
738834232784209362
69146647002290795
853979468585769957
681130368119768797
88487890027323660
690868974304375950
447384114016735810
110768305995608119
214301326384945096
204898974696048149
46257600075338423
271272718351412027
430255911634398045
88954220444379407
646993785392888041
549878840114862732
815387291470014397
310844757147751900
933696804186481107
310844757147751900
88954220444379407
961340493871096285
12651007595809023
30271676078706704
815387291470014397
280280470104525498
392411483416200656
176772476421651642
690868974304375950
621385916698912042
681130368119768797
738834232784209362
868931746302964578
492854702104591659
765017059152024598
412219198777545236
796192010798025261
126167528637916768
88954220444379407
753574594855588099
753508572178066390
492854702104591659
286992319722605840
317025222621017508
125384938557718417
330103281228975465
125384938557718417
853979468585769957
317025222621017508
828671100327995238
118103735243371067
913952335171031731
12651007595809023
478792779527652389
317025222621017508
317297067801508691
430255911634398045
213437599744444583
513671278805820165
271272718351412027
579215049822020468
176772476421651642
250037236135143862
845241158336069779
154182226003051952
492854702104591659
57652823964347545
250037236135143862
256363224935902691
994356689753426046
822745926954075526
977336435327875143
286992319722605840
360333366813996918
525029267825063438
913952335171031731
20867041590577983
738834232784209362
853979468585769957
815387291470014397
825389358490475014
513671278805820165
463439958714005640
554515207261947550
939101782227148236
287050313432047763
412219198777545236
609619527515904562
772397958660045796
436928814715930335
853979468585769957
796192010798025261
46257600075338423
73541513743712679
394888557280704281
317025222621017508
699211779734339660
6126691569565492
447384114016735810
504641952700877119
204898974696048149
765017059152024598
719059411097029983
6126691569565492
360333366813996918
412219198777545236
73541513743712679
563313826611213004
525029267825063438
49595854779280392
890339784532235893
738834232784209362
57652823964347545
167057091566926066
256363224935902691
176772476421651642
57652823964347545
73541513743712679
661880239871802095
317297067801508691
594289038948242197
360333366813996918
681130368119768797
924410952626555157
690868974304375950
73541513743712679
49595854779280392
447384114016735810
738834232784209362
144712496149538826
204898974696048149
389886001684311763
20867041590577983
669124014382807575
699211779734339660
110768305995608119
464083131857462376
699211779734339660
504641952700877119
144712496149538826
772397958660045796
492854702104591659
57652823964347545
20867041590577983
600647317705897810
753574594855588099
770051709324336820
12651007595809023
529287389158691554
20867041590577983
217460934618015465
588670427291909453
360333366813996918
890339784532235893
217460934618015465
464083131857462376
204898974696048149
463439958714005640
965591809868212705
890339784532235893
699211779734339660
118103735243371067
118103735243371067
436928814715930335
280257152244485079
282393008958309031
217460934618015465
144712496149538826
163237538579128334
154182226003051952
360333366813996918
28229520116392139
961340493871096285
310844757147751900
204898974696048149
529287389158691554
544473887621342499
504641952700877119
681130368119768797
944546191794989809
144712496149538826
368883665367557031
492854702104591659
217460934618015465
588670427291909453
939101782227148236
57652823964347545
415163327616606784
825389358490475014
144712496149538826
782326482796393497
250037236135143862
447384114016735810
287050313432047763
609619527515904562
464083131857462376
301810445711637694
845241158336069779
796192010798025261
547040895870109215
939101782227148236
73541513743712679
738834232784209362
977336435327875143
815387291470014397
317025222621017508
815387291470014397
765017059152024598
934142161616357546
661880239871802095
609619527515904562
699211779734339660
939101782227148236
529287389158691554
110768305995608119
126167528637916768
256363224935902691
609619527515904562
534513307477031002
407394591141049495
330103281228975465
864092367447337114
772397958660045796
463439958714005640
864092367447337114
330103281228975465
646993785392888041
890339784532235893
534513307477031002
529287389158691554
20867041590577983
977336435327875143
388365960461137209
93073541681724066
699211779734339660
415163327616606784
534513307477031002
845241158336069779
661880239871802095
6126691569565492
772397958660045796
994356689753426046
73541513743712679
924410952626555157
504641952700877119
176772476421651642
282393008958309031
252550407300150997
563313826611213004
110768305995608119
57652823964347545
49595854779280392
154182226003051952
49595854779280392
547040895870109215
110768305995608119
433281106198910035
217460934618015465
436928814715930335
815387291470014397
30271676078706704
204898974696048149
719764592070785640
388365960461137209
20867041590577983
939101782227148236
360333366813996918
256103768442461339
388365960461137209
447384114016735810
815387291470014397
719059411097029983
719059411097029983
271272718351412027
787887869972884133
944546191794989809
594289038948242197
646993785392888041
492854702104591659
301810445711637694
144712496149538826
913952335171031731
815387291470014397
360333366813996918
88487890027323660
280280470104525498
961340493871096285
770051709324336820
634213803631113229
478792779527652389
326016351702206265
463439958714005640
205658945776590587
639488313808308774
167057091566926066
69146647002290795
699211779734339660
661880239871802095
464083131857462376
765017059152024598
271272718351412027
924410952626555157
317025222621017508
46257600075338423
125384938557718417
525029267825063438
934142161616357546
965591809868212705
787887869972884133
46257600075338423
430255911634398045
973770964778516783
250037236135143862
144712496149538826
544473887621342499
126167528637916768
822745926954075526
447384114016735810
864092367447337114
719059411097029983
840500523209913735
57652823964347545
815387291470014397
868931746302964578
326016351702206265
871962519194217883
961340493871096285
415163327616606784
719764592070785640
871962519194217883
753508572178066390
900628495026254572
126167528637916768
562843273030018604
675061158881050148
93073541681724066
478792779527652389
430255911634398045
301810445711637694
815387291470014397
88954220444379407
864092367447337114
840500523209913735
492854702104591659
719764592070785640
30271676078706704
661880239871802095
478792779527652389
627903051547305903
504641952700877119
699211779734339660
330103281228975465
994356689753426046
765017059152024598
144712496149538826
360333366813996918
600647317705897810
525029267825063438
621385916698912042
167057091566926066
110768305995608119
534513307477031002
204898974696048149
558744953770458814
690868974304375950
492854702104591659
634213803631113229
46257600075338423
562843273030018604
250037236135143862
893067073936004889
525029267825063438
579215049822020468
994356689753426046
154182226003051952
28229520116392139
661880239871802095
73541513743712679
73541513743712679
765017059152024598
719059411097029983
673999175640650777
822745926954075526
977336435327875143
93073541681724066
301810445711637694
30271676078706704
73541513743712679
968890646086776267
977336435327875143
217460934618015465
73541513743712679
118103735243371067
890339784532235893
30271676078706704
893067073936004889
621385916698912042
464083131857462376
144712496149538826
787887869972884133
430255911634398045
845241158336069779
28229520116392139
310844757147751900
558744953770458814
110768305995608119
30271676078706704
405254724180905877
301810445711637694
965591809868212705
913952335171031731
781679233070155978
287050313432047763
217460934618015465
69146647002290795
765017059152024598
30271676078706704
217460934618015465
28229520116392139
853979468585769957
394888557280704281
815387291470014397
890339784532235893
977336435327875143
415163327616606784
360333366813996918
317025222621017508
6126691569565492
913952335171031731
675061158881050148
840500523209913735
871962519194217883
360333366813996918
144712496149538826
690868974304375950
118103735243371067
389886001684311763
634213803631113229
594289038948242197
504641952700877119
864092367447337114
738834232784209362
383685032371832207
447384114016735810
621385916698912042
464083131857462376
256103768442461339
588670427291909453
217460934618015465
934142161616357546
609619527515904562
525029267825063438
176772476421651642
412219198777545236
513671278805820165
217460934618015465
154182226003051952
383685032371832207
554515207261947550
772397958660045796
330103281228975465
176772476421651642
822745926954075526
719059411097029983
525029267825063438
405254724180905877
73541513743712679
944546191794989809
634213803631113229
796192010798025261
600647317705897810
12651007595809023
968890646086776267
594289038948242197
217460934618015465
609619527515904562
544473887621342499
287050313432047763
447384114016735810
828671100327995238
407394591141049495
588670427291909453
699211779734339660
28229520116392139
30271676078706704
544473887621342499
699211779734339660
301810445711637694
430255911634398045
627903051547305903
163237538579128334
330103281228975465
864092367447337114
699211779734339660
360333366813996918
492854702104591659
250037236135143862
176772476421651642
868931746302964578
719059411097029983
447384114016735810
738834232784209362
176772476421651642
360333366813996918
934142161616357546
634213803631113229
579215049822020468
