147 3899
12651007595809023 110768305995608119 88954220444379407 28229520116392139 163237538579128334 310844757147751900 360333366813996918 944546191794989809 407394591141049495 176772476421651642 525029267825063438 765017059152024598 753574594855588099 368883665367557031 280257152244485079 6126691569565492 646993785392888041 57652823964347545 782326482796393497 144712496149538826 214301326384945096 46257600075338423 213437599744444583 690868974304375950 869426951745005100 563313826611213004 534513307477031002 600647317705897810 69146647002290795 796192010798025261 388365960461137209 994356689753426046 554515207261947550 815387291470014397 681130368119768797 317025222621017508 934142161616357546 907731521953807013 49595854779280392 825389358490475014 17638821822118574 933696804186481107 621385916698912042 250037236135143862 845241158336069779 287050313432047763 661880239871802095 256363224935902691 512507305363214693 504641952700877119 781679233070155978 669124014382807575 492854702104591659 934086049743528026 850818034599889297 738834232784209362 125384938557718417 562843273030018604 933821499655291626 828671100327995238 627903051547305903 890339784532235893 256103768442461339 433281106198910035 20867041590577983 634213803631113229 205658945776590587 556330776374449619 928084237960274213 118103735243371067 93073541681724066 579215049822020468 326016351702206265 271272718351412027 900628495026254572 464083131857462376 558744953770458814 928174505874239794 430255911634398045 547040895870109215 317297067801508691 609619527515904562 719764592070785640 864092367447337114 412219198777545236 973770964778516783 383685032371832207 965591809868212705 513671278805820165 286992319722605840 167057091566926066 770051709324336820 594289038948242197 699211779734339660 552985843459955846 415163327616606784 949150636654010922 853979468585769957 447384114016735810 968890646086776267 549878840114862732 675061158881050148 330103281228975465 529287389158691554 977336435327875143 588670427291909453 871962519194217883 673999175640650777 301810445711637694 204898974696048149 217460934618015465 893067073936004889 924410952626555157 772397958660045796 463439958714005640 252550407300150997 572764462161469484 544473887621342499 947344290796311150 88487890027323660 905140750946342093 840500523209913735 405254724180905877 30271676078706704 639488313808308774 389886001684311763 969311043734468083 73541513743712679 961340493871096285 436928814715930335 913952335171031731 939101782227148236 154182226003051952 478792779527652389 280280470104525498 913701197133607915 781995747010671630 392411483416200656 868931746302964578 8242710032502969 126167528637916768 282393008958309031 753508572178066390 822745926954075526 787887869972884133 719059411097029983 394888557280704281
87332614555935961
898505130691833583
884853006961604240
391867403703670069
329231147727875512
893195084070548343
375662522706423423
991509005160122064
491213344153367378
457386710512572308
816465962797062222
713187374258597129
431158100703820838
186182087707586594
109394671351310515
987005354253155790
732401157627926622
533565190012960841
184787648877213603
849652128888577421
89746347319544176
234820141850533357
996913071919247079
901061673402239117
565790220189530105
587876212408582922
35909774760376640
438949953200444858
438326845423917612
798528678290445181
837386768359953091
467978519353089466
741873396405541278
564444945151082908
219322242753647255
495463154356625597
608040107844921299
600781460454265236
22311316427636262
518543169644999582
382301583004211134
945369792750803561
801629948981078034
721919142611288627
950336071644272321
213543735024122212
541790871828159814
39304319949200612
578410899576407611
590828479221411928
199681933213220502
275452858277325635
369127430240132445
722157031775651679
826578012675625205
281271757032765125
13124621536012585
916003114610659637
140355712538157066
678357443924339593
398082760496740170
618220481658325629
979406776265354831
666362197298541800
374100531661748020
591712670705830462
312589223270678712
99671726154540166
310902161587691245
656348702848636423
848769056011685720
92039809634353084
65576480144027579
291185552961345361
273802893526715155
21499007453769556
673800518370241349
892149723286369449
243294228645455210
882139725627060068
716145546302629608
912441715341414009
359066804209849754
400371360671303447
328700093940472915
6223118983980726
793222592875787924
465114300504058446
477284446430312133
988053404086781774
400935505243467851
192959620639961041
87633742468957028
668970759110125545
744820505474246419
702834443585814457
365065905252617828
890092750791448657
877334849883948120
565460277964154578
234230214562173124
418275087809520491
197029338870126101
778699462479240798
1846616501406495
55843936407998676
567667915313735672
890536024858998114
180123893281309451
329996295042765012
818553292751828019
956956178088509517
44583005693031184
25940794469159616
814317749228388621
925922224604007540
754423962071718246
313332879910794785
786299057875217649
427114658676777402
458120530174513623
893425801841636810
509885327398994136
50938317654683052
458952913051426161
474916896221206401
123798042186873510
610734777993262301
559629754143955897
843504280382122790
853182658480237416
28352162674489271
929060170036772880
55729344828711077
193849409250724795
771694677296356179
612553273861927228
518242609694914208
450251588215411952
988124317264786906
786248203056751460
659545850620114994
825424082946888311
243468226105684992
251621420380512224
709912760110210018
939106324127233040
209322107807216469
576663133759427906
162912868395337553
835047958934724332
456801417909810137
643432092519330646
659262827780654390
583188726787920748
31100648599008771
756541238929376603
257511585450974388
656373956355633756
164198599617134564
473977087987979138
432713349806813465
151271537604529671
548683274594471485
885425575505152219
808700879346539930
89354378746016154
790286894501314325
457518639866691767
969944230300936050
977875148911523308
771320754954618876
591836384298482025
818930640156924566
20814111068837211
850009533286450751
445205532126913691
671348454562253122
209401312425920691
275203964870890469
669925218931101089
800185467479674215
329365590506846021
965048993136791312
318671030402118860
682407716891830661
724022790919505579
238820644679285074
728703222001162084
79616237116421998
763972889930921918
764578054136066998
901583332505776932
986393547418784314
275178252497871928
767950292923667050
629962011607923565
436839292542226917
516285131531223389
188757305174713490
100057316177534070
304296647232694460
95234795939728927
256059138188048336
261739410371699458
871390363506468745
608357781976522076
811748412788007147
156995589673368405
283378344791105840
309477547891111069
453716863528423306
965497359309258906
890426098691847995
333003672648520559
579333584305646840
682331098931926837
372059530720843098
537044579188061430
98450369495227153
179496259909905633
878493477158605808
985432157529022335
779419857382145565
572534761621145456
164080947694218826
649260975123410883
6825187486946259
494262835712508497
268928070256319609
610393085578264322
856238111177872810
920529341867282869
137261170014792078
99077866677684243
925145909213361834
875506305040455140
150642546475757373
364149305875121292
358777094951772074
849454632033906541
776681182029150942
673575474749098311
206790919800685424
21247972736976986
226328201652124752
251419535203847990
27814520901804876
963259931933342325
254555590764341785
488143903566247801
720364376099295673
24054228673987700
272073282514877253
246939970189793891
52707140412229863
79182365248672267
713172325091561985
904788274600111833
415974955562450275
177427657689551308
138892868994150487
437680401877089623
121700969481165959
990745159031038118
22539081998823732
64770353136914408
32520423260607099
963843163927201919
954152320051939701
628428126359124425
388342536066090635
643722731193563105
100590088818329710
441114970250284612
324923806080434306
466816937228247150
511671045878775057
55835554260708061
643807649904712808
406324430001369266
339075095962134224
73530979046977292
103862261655050639
313577040719245835
157344065741916665
801419232083968772
353227134603542775
370446294677169747
332580726146645780
871094218107246048
547435238297204942
394161845367343564
296925180072875654
401808239851435386
261339104952185306
927016147588251398
689202416050993300
200583178261282445
128561453227411012
14081510016946036
453703043544136499
124208166066209521
435185097520528473
57417428322247917
660540863515886021
733170018466576242
673291937299625187
806657195591509366
50853559841909216
64266083940927135
145266614366856834
680174404200107232
264307852424590127
305987528061201977
847862549026573755
719116425024798647
695952031785834276
688050177159120877
261552103974377075
76661465567938060
266317880568319406
603985144132589146
525535936813116725
514833840382195448
940102232065266287
648909893949718533
765900098492442663
475332190527365402
448259834087489236
882339551304719459
862616786595569568
7326036734445203
795328559256543134
730459199693720605
6103768428354783
392454774482678381
829517858484027650
353401178592575056
261982588061529256
784822482479047487
411050869238350740
420004190532193732
794769004012416539
202073776502045730
742131807000624525
882977652138596372
2379467440095097
64557623966036665
543513811170675481
271147089162604680
819906529193231361
990274669007142434
531033482815187487
554056987847779040
780274024223290281
658395899199663650
778165124359276482
76965441553169389
122550193998835247
899286465278729649
149892072311237015
762605807655192613
593496748293507535
798601238826174699
805727438388513703
873297814286601305
488890810130359968
118177617145017806
753974409456010089
335037117780543416
605102670876514499
941261849407077920
571349574714367253
591087591018859201
201601768089740466
942211543793649104
761448539890452695
155827379325511258
402858532724134704
132572275089981605
92263734959027489
290259489341010828
454430300040948447
339430290345782608
120682858634913092
149932899189191763
483004329257639936
191477771194442517
840853527952818188
281852358284100288
143046753630805357
35389070365261803
253282052313082718
819070983922266831
877840384835050490
886474195719180588
545605100220169642
907057616084646691
200605243034527264
575773351070507069
553120258810014641
273191356468459877
918658325295226689
278201073720515147
753900228667263643
30690517277320594
282118113009938372
250434085921178460
457245312631177019
832165751194372950
710910046356607329
715808240128895052
623323929050698158
528704044210747071
899219285100469013
850294758317191166
344901456269372804
880092610041470932
319415343425252367
869454905801969930
609638737472266335
445030236899991918
288497289906662252
951085533111598899
251444241253053017
171476044898406401
723527503435863366
448852902072961809
388253745314234947
720671413733929340
341465178332775618
247491546901012682
593081644986670926
157125823868321704
635313189636288468
231732694772957396
460248410138753320
307466636173962349
692625386856406144
44457041982589895
461877335187892609
726806742399721742
531879217868207175
470247308815280978
185746005070652849
480099029047230251
184973757905064493
14946792270470767
755856929622613128
438818953974106767
199980509933508764
978189082387971439
771662604743419255
403187222553460330
459307844142158227
66340033736779174
622729118969060515
200947162993078940
725122872868685309
185373916666773658
110714235856676092
509037987383454895
118373183388598504
127053702508411753
760960128145729110
485906116871246708
803427892849829745
398445283474476012
589807635440243699
868294775110126638
964039731665347762
125373046837601804
172295013327271976
361892595866361311
655328434997786345
2477832604421719
548541245995218927
622460881283367601
324804398173612127
312171922584564418
594889927243806845
140893160742535330
490228770760233035
150634002004483250
59534345515960048
220317393014491570
110997078021579111
275528409075020224
577613972409076955
768120930608815687
164009006209133737
176483307207324510
310883845431707172
43841844566689123
897348123675746006
553927562913358218
760942689156329276
545684405521339967
219392379154576665
100777908686793412
549941446772240931
393286778680806389
417480682570557350
5596992081074894
949282754259381326
5702830419313042
864251712841884469
113022022019901063
620016358061222879
118967782758251663
317622939841491009
872146720790006390
483992157557164005
399563913165577738
232033863062116348
218468577726166707
552219800466219740
760318462191205833
937268599176259454
396931460175717027
810515939451183965
910879261545874845
30004055307985396
832709943200950181
292490328374440155
675046042812254298
970432272958012600
614333786894796097
171499596286566532
34896307992732080
420357537063774059
253135974327403230
672364642751117439
824901316902102409
342518793817378443
932804234517473626
684927793144579087
381065710327499376
691271324062568182
314374648346825533
761311937798407306
535948388735825179
964884996924260617
761473149577091851
209495163144299819
757701216349631886
555662662319871416
341450441729187639
592451797113558364
411047143780953471
956772742345000519
195223569536527471
689965617659955973
732787651767892354
409502539811958596
740320981349692809
996021548629212256
929938228433844881
385595975760646400
968108107823180857
806124937762155526
369288571269157374
972745218777051697
930301524111822609
392177642931851281
912751254979265089
611614512599885739
489739548999894509
708346316132826842
224553441101619154
924974690699591720
552808098205989260
556073459282179927
380233071232261882
739006797269797320
888407286593321472
59803248486043903
151923705053354364
891526696455567164
647518626819985846
472286234941377356
316061860965750605
233148258984672113
426652296496086967
888234844757173653
645535339846386507
452116121606390574
445570756345746371
564355135583346965
529579569295586208
250527609708466407
541298756870303939
381230176741463207
255894762853581250
197380682081946835
60410129637999179
543402993984212253
615247606343680139
465402189993760615
317155696809674550
814192629393097733
220128862019124912
374084789573790953
896732920139354099
680500947097231537
882958520892331946
18371693907218856
912513031673992250
162644759058507801
221000369296507214
176567129224234284
344934453270072187
133981746446614020
196768074721430484
346691642443031318
363645023294357161
392869388623072286
912046456743449035
315980407730895410
404878923139821911
950833540048240323
405864346265058596
715844023325499312
973973824209249840
166355697728231965
274198408560469080
365091123232602568
668074828236105693
264240325582196540
974985690195620027
646182811606035292
746321941992319808
412406674093317806
967842554165770790
172067686749218593
615695839668603698
103271869938010022
893005649861303818
705563639136703573
98885863337721919
972258096096821843
86488932655308715
776974998672242470
832824555619012921
464208670508234990
471837715896881721
647685995977901994
875021918847977950
385750681139793898
332409615857581748
202754259448560286
940240764449778055
459733869731099848
386351981267735940
217535814269060996
821670182843407890
954612264067236544
441032785943421127
130351112943743978
332307595013280933
217735277207503098
153156823006040452
89294522371608178
599859832263116084
654995988686440219
381166469392615759
219529543741682300
117993529931123042
645821653739432863
381158542810267368
772912449467665684
102677133476455636
741632265145359186
929795230218558252
224647507897511349
116415273566070091
423507518670145456
629592359355518959
654599695124310187
359853780349508605
658454962675109899
563045663478668416
330451367974718794
456614596122625410
398923125536329494
314792713726605714
654148483380452202
618761714238048207
966443622333662596
735666333892319723
484939551621695157
876212189335383656
804304272636395093
281251768893524436
729264049051477102
697494562747973929
905192449866619676
363105041604901524
375945203718416215
979484773368700471
304411252318134043
931666044005087641
470537621209837042
974630953871668915
836587329546880162
68549416048988292
460614146368404653
166206658275878958
444051752036183390
104485958190080810
637541773425487351
70024288538495604
576969526234545766
435915207012384990
35948028223820272
963586158410651904
548889396652365195
80293041136308782
760772769820661248
385012201278891121
810767196428564644
201367232769178743
904870817470366674
77383442135915566
470047153271511494
895028866658127232
502450338439372698
768359759456351271
201963584453379749
287845869220426622
816285423389458219
114597503228488891
349089528325226939
281459736756681673
886659446371988111
831546791998809437
744094873274956196
788765232752209924
517288829050216029
430862608271138752
582509128432092345
27131628541311404
906058132201534475
180794572878827042
326626328555328293
70026353670295884
737476161531736766
32279164034232119
802480683081501151
247778462624321214
764975617638541937
123236535762074607
726146154243851184
383034818833073011
619214268434206757
857447987355888875
604369345844089361
728296512762268007
81734674209099954
373473869582809124
832224686498323218
305993846131838432
347238254687723929
233920016161189214
650878420378062177
816894377898063655
121269969875456398
585948069725334894
667926928427234809
359781049889156070
974195725665552554
466350794773456257
725968325810850856
679623343396886746
275024240555104115
275755771577748836
936425499402873952
446301586494281139
654901857620600984
221497167897073580
78523049367258946
961640724543056280
21004551099299675
250085872597504196
263457566336594397
877975734990448508
996419584663282883
732119638877713652
270860142344135978
145832954663759677
827888119745579609
116413355329541349
709592161637589155
200052139106325943
16200555847796435
998436309808543354
603212591756512049
708362956377520772
5965277406308436
855498700505912333
168977513150331975
38097136859812381
23138631649832111
808913862844586088
933531589662199270
927933231264956664
221393154640215494
65936406444155920
806707549129768567
276264459331691555
74645075266075009
844558138213997054
456316480720337295
694137031474010280
640771441571172106
899125792885516032
834517160748408121
175538805004450763
592560030877119
376913011660510000
598564725897396651
15597235896626844
70928795425666574
271486232186459907
862384041019997728
29657147156165398
354039027730247865
419904411915032393
121104848320172535
516815925757365679
984409548120634251
828086573045680168
101790077828460181
55680624778971099
708248166626860715
603545414821085925
252885164561073613
2010469785420563
962495190716061870
341688091284351452
256425205484185010
90633073024509713
303392697277932786
871137028359625478
272101710195275701
132997820092930585
391257660195535477
275608270074579955
638894944043002255
620086404317229578
114264284157246750
768364755327118928
802733659508209617
99609036831406777
620981184634058736
47044446453435729
907388146563459826
78685209837493037
996650160481398562
258541774405197352
272148134552727690
620561116119061012
350951096807771894
955200046962745564
902668704562560178
97189589103789519
351273385333534572
28202483274851523
456072973234985914
798558925949479387
994611429315785211
192816857494378608
614010549900787119
830505959407971974
502865242935847124
413066874434948057
239414726326606034
329068878402006858
453462926124530654
910796277212372793
552246223016492962
777649709657976639
51563132422864938
587924516732372348
871224546096172052
379700010846660637
730535315302132089
106977096442627218
775556874215990344
863433796930472718
387334056138165697
659426400513993467
802763469628910342
260284794352095051
576338741448603796
948599169445533878
32345322100264139
172010812298344958
602080671626970410
456929560566152924
599647894861322469
509545908154233202
46005565122647251
134752535377110197
855508214403118200
808317794577027184
759827268562284797
414594180131998544
391671500930401852
123832602085245058
51140178515125857
998526906495363856
143605992476682371
579604542584481636
63411261682751133
367817150262768539
230527160177141577
653396646341662912
882580993615574393
589500993212276667
372967476547161294
478874483718600367
588569940749435975
453208675703172291
32799820377230427
483000443742080105
72964650270767413
523194421816173845
489727531121649865
920522306758667823
306266180635400540
867504701821036232
172950526123099071
848161232387045657
447366939297331625
25605563535161467
627643862396323431
353186655889268763
940234154628392756
793874594524888498
923822894086824828
593063951967966070
225810154577842007
561931306962744295
351024975169343761
47506092595522216
639394032069740396
390629783814851210
594578552789488696
188715246388090530
297225360238457530
442665729671740940
673888635932593826
668823120186739010
536222917631523022
419374182444799094
207691292501307365
72325337229570097
300396899028289186
578333817067493952
317400533585714710
722635098155829424
280620098796987438
976499701928205864
924892565439283340
588456221059441367
729857354445281989
755115517931335339
137814093419186247
301647900368323943
722698894928542585
349062535663251680
125845685799118266
811527268678965902
177132212220816989
815613596103612169
93666942885861700
870981142976019221
977764023474213317
113794624855583958
511644939977474195
231944814326821710
29058210925794833
951086822324297726
521562961188366482
979936145993881411
79970364665767754
747140269804134922
174655246739557039
757260201560306461
922993986926049032
831814357627927514
201611324931795786
123008280551275159
717510782408857787
360256852112747272
360325007044379787
198015881843735210
679560242774649106
479952835571558113
224542677366035851
552685044005317745
28356463296236200
555537740456632660
837323181941000583
115120400790797049
980461601025919449
440385535376321391
513499101390807353
258709803044957228
25095991471804795
878373661860792492
471929067462514454
964742147137287144
182134874309961115
426537226043382512
361948244399320428
630115837419831089
472393484201197866
95656537509223146
451039423748191323
282344117226102204
380350740573336873
607852206639752043
133368674468265349
286190104467082939
673160569858220007
419405347738009176
899221972298267881
57564945627797256
651674301203640751
931316607093185556
393438340198055597
46125162303843180
756775951854806980
424152054038821026
206249734815886389
298301715944406077
142315401001181184
710015064744451693
949236191012574764
459715476094082027
592879228468036788
808414991788607979
132870242938105629
957452415007219023
404333812708835180
506469731200259734
647028910022237236
659700658960169362
150877430355397087
447049199711655111
116249756969513516
403298306579992120
230662334316166503
3236673894798744
702189629766817701
771923090390508019
183087578639688233
460095351818629369
475729531392407984
86869479237513284
942320003111916693
742042294207807845
554509605947046849
520095015926517995
150529837551092918
835812309419977058
820149660827241010
306166194590750427
950721000688837448
43430545360021841
65679184377314311
152702910681777796
49234986703406233
869360135962343800
663976479816946649
767191344717249424
850272142913505901
15826727854935071
155531863304545018
34616775107060546
139343681285309256
235251181938069317
834106020158781207
376020104309814948
336108488418335218
892570782559569503
757230712045116611
75775308488304312
714692747426517879
376470646299085489
7688127423043130
777739366195139231
177404707986057994
703015915374769459
916974221719081872
46274828999204915
849079063473443215
127404570004147111
840498358036013558
343009679799704756
425755493038184936
289007614885953119
438226617225370949
255889974728837349
39478462107338840
43212504988340504
567642689866135549
391297041355085363
223236260749831598
845759321518766643
195273226569069111
66020583313737431
767883752755091565
914982303646753615
302299974456992045
896036459880363564
209209585969778754
383456777272782747
278674259277261508
815254501670626157
320374930650424620
75670299655802047
524939203574296514
739711078241826891
631318071775085268
721647211310696341
238025213378318130
564391164282455743
707735751444337487
423622210766958642
704359061409367769
574026408084725504
913412206300428696
388987388607751555
60551747258117416
908616920719820095
344888081688300473
282071506281750039
213562844110357903
914401861820590424
112315538646989727
917367590997928881
478047141623517151
721690224404191613
711957111818444446
734080410355639762
973206036083151819
321901808160448571
981545769139184631
798362877712340179
108632197815655118
85616416535911745
655642016729406531
525777909529879929
571858085466937846
924225218873582513
362830511314175905
850827120419808061
272365581532486476
8873868890558441
793499792681381820
599798781346099656
435909497594791943
367927161661796364
204685214427823827
290121443810272894
461957293376801116
218220314963977433
674725608316775016
1102882733618050
326300585317259336
969767409079739777
751276936590108172
560151914607020200
934770026596040216
315117651442334378
142658212053963797
364358223553315563
305401237978645149
361264100733779809
623182341690981543
234613028320211072
449327452425287502
969100142650349691
776419840953187326
808805679109446952
564773478958457763
839415065429929348
843493639560437103
283683587826121847
994735732370785187
356210112599294010
415079152249083713
465273427219254430
373739926587634837
472025216902318111
363729588717643469
340750369903097316
311378961779270866
991193153948381239
350931265088733629
893326949142110362
852991686060769038
50583827700219047
585860403917281194
394244456909697832
872669462491584191
148060551697647077
450307037824694776
272595349742643683
619378334796008154
715264084940033597
853921336560174040
479777692345638296
878936231121887051
303933515530635864
941973038621973710
665604647742531418
980591980434705431
584918189485783240
794470978327841559
755514457143621170
392791121862134854
421100949769332177
427321069687949498
811075475406970550
31520033610403672
158717191261470996
649225528216584711
962205831980494948
190919992435259669
55224495696385455
784675462801329763
329664071993624874
585744671548398167
905340123287589496
36449333266776338
813709978795881047
542138775556503482
886281426959449879
424767969739815665
823182262028611243
829702454252984102
478738842495417107
413837592973716331
462867135396672738
5375975971974672
436600848384312741
544067798139037740
905866652970425548
718426791346556704
965043397274863662
201965882256247678
735174222185226716
613339293268797203
592683796103347882
62135741159698751
516735126138373009
623559064359957299
498825215483357672
132419598110170979
715773321689851122
108316630334873220
285782693208799934
404180181310581312
403558846654194670
827458271630892973
40872089362716762
57348862080657400
304852740292492215
256132850813110723
796521863025575629
620220614437526181
128275273731606945
116408536717519934
907752441947861450
838968272651909839
181956199417302547
336284586314427792
34652151512526513
241675608420573373
434570980662506279
166538087226586880
651904582492613218
242290093479714998
783690427815136244
838115591938303520
990909012271680191
770565380383504750
458059792847227418
397477914585485845
873918695472173544
562005764357466800
798132897813454012
441713421718856610
167879554762848087
422914696452875096
763961157817299836
167843151659541211
41452713486247743
995840133383858593
248526732061343102
289941763736937564
802283089799914053
956581445770743477
715013844906476923
60915844469120188
50614851793116530
957808628518393768
7558733838604990
297862480970340615
922917333827587873
190342090988164894
469664565592277468
344575255422112371
894109785697790791
432820920908048746
28283160600350968
230560132317078515
694544990158270142
848825324151784001
808508619281355313
417729046966441279
233916808008911277
933377091720918297
388959919286112811
195413187489090293
4457302492286138
701427612335907423
399173558519873470
283417786822925189
958924543995393278
850214071685294571
472543608509060223
8730793299797805
761572914364301761
777255432817458535
759908973472019718
230545958185608259
237419837223491479
710492160023593937
826121544085620729
159670692989036313
899250167193176641
374004840163155113
835372110776794521
33145465924000021
248699856834162024
738786126301326288
203621126687240160
42192668211833572
142428910718030247
942537286753117666
969597241400170823
748983914161223042
309104942541765096
641916537457212990
216168030956716700
892031942697865779
631170482960668154
889460189686612596
324467287792903814
294937430727904678
514432663353484236
381307536609167597
501532348347824207
226992601172282809
961860928359118914
510720229231700478
275779670455878230
806153264675897997
416220409305517378
417354957604352010
889981246745633775
528302646239052936
225515313326588795
470365154454129252
203612022650838140
12401735300544534
143848143102848767
377104378749755951
296377409558160846
580433905864515751
918935065862852113
925925366366916071
588689557121860089
455953713185817574
738062417061687977
185790116553427242
193223733583018569
911885121286453871
528168522522023830
470258957089447414
118781608937508277
540727558633569083
448318833143426062
647905209410602853
245977903768280362
150073418057255283
789447155302624194
228695434731462913
29979304556975562
829928957798460846
343373451249526455
79311863976198724
227928679561564607
636933783954310252
998110233964566828
355207209943105239
690949920241950590
108478077328164449
181918388190736808
526715498247484767
105218826849357711
837975387022064651
763390817830754260
68030365623289100
450897254820669531
830041006576074904
4304151310403937
477280839393797214
675010379756063069
100990503513540996
964851820576965909
123510974377656318
687224713445635316
134562001882567176
496149160613569416
826368792635099319
273546794643832333
41026956479097793
749964108387122586
622409490617035281
73550920680855396
717127367830345052
924211865358462902
805075966483520437
652621895230132023
686406649522973769
869854817271373888
892718276667630433
915500638804405766
162202066887761576
117701040462798044
649587829526199702
432320560626560158
611115006132214865
252707507629240558
447329966306608314
294934076391047736
355243203509031365
950613663380338069
816899624822092838
411193137637541220
624274275340463213
847780636916614060
452411689145458927
245971765199051310
266336229419266324
201309115467708093
536027053029662210
764672581460153642
365399283900509761
571218444422601687
131177472765140790
567427555349829331
478266801342253065
693768259231912978
908173398589553480
909757949012429919
332823655637144528
271463743280784108
459835514162756051
656799669911838503
352960802410948824
860146132667983414
803825675756843886
798480555945618354
125828551784451453
947667012755078104
377794576803249481
305634153491832826
203756367395695654
87098452463634458
797707077168468068
952118946142338357
6540596607535965
387592158273101446
555423189509410701
115752812099073237
195739926973987685
849957034638540478
876149987882262795
32248166433148713
518798028718334491
584069026886337716
828844839754842614
826255012832502348
537031642119697200
284284000843064186
556029528862995545
323292819933200280
912049420272951559
454994357443376141
122734623961102450
328158545441317702
668879112268283928
3358511745808977
664839674001377475
422308341598651278
867444688927437089
186897301933178703
556219845120799523
808791075761434614
297422248321666767
732428466427941719
811468709890265657
406603501545764669
558030698130946593
195645811352482670
412854394632742270
241911350155623743
805894348474384273
858083334747562768
504505386458158070
824631990382503056
438347521030856662
244514339372483525
932019005700119335
729088600689977318
367072046874439108
359193923167573536
336978625113472383
763848135715538582
205504633584058991
128165928465692080
606030256759248718
635360204094645871
91881859381342971
589173371180425593
222238714055541036
401426856495156272
777787845157677073
665816838770773505
431843298997005686
266284930954615653
298342745685147589
669272393884305863
217665846935417986
45131485192862829
650028179564328992
243151742706046018
90734542577267961
875571592958525042
681807252094336065
95247359963296599
476269331200255923
876454322582531696
308836085349785713
645810596548140917
464092743003438239
165997467047803404
502447886513034347
414959759115939877
174661520913997593
54131699529902619
39391882533753070
428799945084725162
897656248283413870
917233305261841855
687044080689023924
362056019759468028
694635606982463448
497869905452574015
49079185143316687
788224209815246801
911631354630807091
912131573112666914
723603358724116266
441146678584100494
270856975013927987
292572317904687874
91703431237569591
731923359575223691
100840845521684649
992244643886762256
296590405072129870
116506616627098363
548916392906984512
838519796453886201
486369321857776392
231580729645993881
617890892919574896
732092422460416175
65729885991198253
47574582965410891
191619865099656340
170672773277628935
570430418319468888
635916041203762753
152436649934336924
600309270482820599
652279486165428098
561698241513393019
464295932392563711
382645640047786958
381328242916702976
942359584734038111
523864278061517122
857143758036840724
906629983224435931
30713946681408918
775275719371678533
760875648944743251
426040933470330365
876208344021040562
473627706416240444
527058058119416875
378051051006313671
119863425011039476
193381948868677856
701947890507377626
849364647684782550
182301994501465900
80794174419769041
596983934121882527
155617729514936607
291704027690031481
928238499472956841
280538544275061251
259084367833101418
786666201250196863
727606046014280013
840610782797750469
703428333758970374
353993930546170355
205424744521440786
742011282612511790
278418672888033367
342258066483132483
263945423753616331
71967897622264993
568535552573328539
997583620868120322
593138422074596628
449202574837779467
621031689298196378
807584750029801804
402839439041302432
759968622694080642
514610644165878897
462763485185824058
127595080231442634
186043983241573989
33084018730716560
467226716446650233
409383540166184855
934737351729960708
388538485072118315
938839829075175076
790450532466176696
815185989436287216
197360991130504055
64379609095218980
195952327800054994
442949906640476785
682050617762642743
746928926375240360
37065042298285478
584515682326666063
11880613395494851
246951385200911129
396395546710845564
324651258654902500
326910677673094779
902162838223198665
69422343971916542
735791735125114481
579718951170738689
867458360261911930
61253418468535677
28472183411327907
238107373540443674
981138500220453271
329754025979033193
976576805741067643
494794325604430587
771514929719781606
681068536200893848
423845038142286902
539420242301560007
574122155013348847
405832290402108773
322678486960168864
261413162127414456
345088058215070530
621598294737519997
588120684648410185
36867837431798329
564257382674311057
55060020848956080
206908852732859150
994283328944869840
547204439832440602
156049294718015354
159884587350891961
96338352072916233
228739564016963346
508570432681560316
739043396951889013
827644048647989779
36060341074712102
849018984162266056
863296495959291950
422306701425156812
352054610893287937
38201519698755412
739936565105903260
460280405675947089
228224115185907702
611297626862750011
972656495503369962
272980800473017599
588973307442061975
270162116300846196
33132017266177674
418614496281288835
55643929183005009
744969961107049223
483860974768430055
364900957880118863
227840161172098163
853031288628430941
494368529467281872
148055633281025509
393856975567165469
515141498782319377
459904193883569102
683247487579116069
933198700374503000
501331198883440389
35520362440229672
538276331875068788
933433907470319861
960313568125243822
443869393072507240
185777790607776334
386885423871363646
490610657785884778
287120461959821235
411072630245107549
899247100615353384
96677899154533569
902559718201661959
733657397454318122
681905407149439805
839367366914469111
835738445977265750
83448850778117024
899927777843281203
354037760720314856
642264463252376456
221363128371730615
492327162305766413
831011292012925350
973705236475992743
650333031425226292
279999016055600367
8379780146249497
681683657337902558
844210234763751859
552484305676613460
463930756476029451
867286332373810299
111505829157537649
407290549968347570
111100293342585720
910144059538005729
701909813102775077
710316579050840289
496053771768017984
449390484270352763
51420577499783388
938264820334775349
235675549218108548
915948587617483150
529076560258619837
384532554215443359
858740639447482344
237637371040885824
898082183337257293
838120571893073751
477361964077475550
169954167522788515
888596895653971604
961329393003290163
143160187179011049
281641202118188164
562704225639747784
664950533233187216
870156031784174678
350770575949449890
49083910783613210
530399852103933079
141011054703712262
792998718464454440
101684256463282010
927755424699456541
80384098248811359
881141381711961268
517516641087279700
780996422267369434
191459485221187733
880984177779975860
229395930127409791
375716045033679043
804496835964295661
595081865787267818
456342193413510755
939630779918115409
373234168015052415
38718249166476433
859224320724857604
927095631802358717
269529529848512958
438717595767759412
62020123409861557
807143803143702384
397965757505203303
793593678914522023
351052832819954479
188554682727481002
913729694432022503
686079809011374645
299157907074908662
927392337123890534
584339416559967539
689430419872052078
329354248621279779
371532087226557776
242362572927230857
205363281745655917
910169236959953582
243652767156449808
545450239646168547
138825156631220349
171557528597166327
283571607825815423
997957989595193684
173202987011964678
59033286956247751
973231029120416166
522786278028298501
616501054120932933
194731905806372235
932344712877085188
600641866434428963
819125925985481364
9934462496535569
49147139738273750
852165911295908463
347804138790827552
915040910941681290
485974462213898239
195029054716788175
758862956657671030
17801453521058761
199834766754528080
157709272077960742
382678241729531000
385944729104046677
983177918537558335
530070853546087535
121855918995567722
175703101249843232
766152182469415464
495961275522222107
573977799666542348
701533483957255597
819142684466899682
108208303671166780
414891624913631191
559552169382881742
146104874457825932
609060943437229224
484053822380703789
274062754290057524
844889917236707540
694769505994273723
900288037170576710
159347782585414442
742513696975839211
797027924794019940
458820392710510134
865052093879907915
372190043471956348
890658578068766171
460692507372442704
961647177194036468
669496350776399727
794282278766870929
545418496661212686
336237177698118153
795037883392518613
221271280361668503
371218001662930819
141482124311491627
675789310471051872
704047921667422558
76923015922545917
153390937311557910
356999773915708340
133508080046740517
67267963137003655
360938974147372508
863939670024714226
419286284001967992
911670950761207492
235382272606923211
399300970777844582
832416318405997176
138078862843693946
849279991407402253
73054053963231295
991958538539163578
369271481335633135
966129780954036832
467433025470931773
379128088500466607
203326210429476888
502957175437144298
446919597204720427
748901721742325046
593458359689786786
983405254061387921
319977593343299664
831526875064012510
581525051282493163
336982093691670101
1486655368138763
517627409202457489
416383055867784917
508992662494077342
176701678284531326
676852708656655188
774981408000770026
309852596720298699
311198151823372542
85452555533957931
357380118746158876
276109782045851513
695540039543378629
546443036535675922
610287530320219357
881704301855308992
690078462500418861
874360445629783622
800707945217229374
265574764070759117
8345371153910547
135189958610066731
172086091138789832
293311273398323294
474261603682786748
230442114990663428
589097295853890790
974340635247533861
987415208126272433
493272965490666251
993909670647061330
141325238707730564
804453156870648008
686883667873517964
232001607529188982
936126346695959806
648756828521161527
957616662238749614
63386187734114853
121616009697856822
650792372642916485
979189360198291356
4114084428850504
559669275039983436
295992752310602071
319317149984570156
62518108914739191
205783561818376248
620101726531690394
343303427715026789
544182055870913803
95793032840665678
784926029713106528
725211555820109133
993933413652231986
64976765208756260
934128509245313257
84220168943608614
465643392242645929
809124696697264269
871045739058142756
99113361008236689
97915439699836231
165648028642078161
335849344013084185
55225134269977541
262890129965487358
532198092750215453
432116137971464356
721012611976834181
933067608175593175
273899085261982170
266065382932651672
903029842351401866
911483963600495701
283085686758308966
50169202133526506
539609835807387286
256974356812768899
466215083583993423
336341166709944782
232977895001970557
559567141219849327
711377365388645497
860459027486874889
579138682626223136
565020255925557678
804353400553996674
321040822629347116
277573850876383008
69059567707081273
748810383641659753
58250748568156956
784357149913045529
526844338088832699
711864421377802411
282413465020113439
59867326160190420
691741797989549812
470368551423830422
19471965115241321
30807803206777618
232276553020654928
496045520762325486
725421912591949885
434181989694448937
463929691531827908
119907718480539234
368393538738645698
394151586479933347
174967895372523107
297872464416007742
80387580419784008
360825177298485785
452022968405883177
140589847878859945
231715624564641193
461874559701077537
801455944148229340
357692742211550660
948224590092716362
979119635295220275
15825607540250486
266708753239861694
612770168703028743
993026173186646695
75278443907159691
586538400740415741
288909153062247018
478246871818101668
484487293511078744
306921603359872995
145150861759347217
508360976102809561
385953384559150094
353503405678967305
621076252700047922
958628231291933346
555961259440036613
140446293555266207
200526696870759369
133922531979497287
996151118717447411
92542822483994708
459249368571490441
565450192908230918
373155418052302130
907753889108217700
987813811582871406
918505471457102153
315094767054913736
851029618123827058
722867144130130006
987713004529709554
250544962268394128
102781811187901115
866714114540009580
872226191979894114
977301612335240398
763236699459954858
935378330455892756
496392960440971271
216161441966264329
647889131674536192
756147581321388844
115606681270655693
170533406117594708
282402864780414382
531577986076346796
401762874470318677
83413372590328890
79204914152436469
228141420120822373
455787467063701372
262264118106251197
777891034579642586
176275651244880711
560391077944923920
726705717741290595
965226063901401173
941510331240718066
865723889214295994
389073113660463530
295196650979756178
527552361646665061
592370689243947841
71626413510522011
601278009601753146
966266361080928591
787384815968795171
245059321925036387
765241313255487874
516234174595919093
928495312975671208
442385019440095655
33287555028032570
904455101642876694
879642935553146667
822563839477545808
362023175042960371
673612510896295927
676816198874108074
346303800550603198
451366363668523204
4914352057045983
752963132039407616
443697017713971551
530901815419051804
152513206508342559
491470317573921934
221288202621004087
593426809805839812
925432764355625528
960126154166076136
827579179182368085
330563271393817572
893699872389752947
756612202545414531
206101305036525495
947657112382546495
53045441871410129
987417838279999014
493494582625194369
572353005321071261
961585317318041610
449963096952657527
460634243647294501
189835976084040991
706460671629923266
507009608151975988
646768549954939902
595091622409885249
157458941696507043
648840756060144880
609735667235731601
953244422188847655
673120699882460229
573966864186253771
671351476611407945
543593432235262276
553714852311306091
672685831548922916
261021081954488525
888724502236604983
450007114043038441
799129464148890867
447171423969705091
718095456970295733
598411921248936091
819435974098555894
532925323174092318
109833540200241648
970308004096426792
730638447676991483
238407442497088405
661903111219396782
70355495483371248
380741290602594291
93612749234705333
211595827784800939
242953934867455387
327789731372194775
5730093064597632
125741644168225100
714964016027487255
496543309912389041
653528889851686041
159290490976108655
314212106610762093
535438987710701748
217664699648361622
316910321659407349
926467423782338912
402883052723060417
225969943458339008
429002528226298303
667882919658080418
288997815095014183
847719624309255213
101596374834609991
878615850360430987
115935787827396171
794304212797294741
640471644972023250
624770157119311961
588301680951843946
63334155274665762
905309588408592822
509486064820388287
900513187208847885
141246932660314809
559132428586502755
874147286245606716
923339008579004417
215210090700062015
826740522112055369
670740632493262832
127821296835219006
434324571525883487
528258560314272380
258988570618223086
823669512934274840
454967064963837067
649829943298027623
585323547731460190
611251720361137807
222871284924565278
265299945311594579
530707503957979708
579253967319750645
643338616788565782
268688086038988092
830245682014430270
972366344077979117
869555088859059268
430429360057052571
393646873911070044
981275871457095762
600732752138505865
26625089007835681
283012077255053777
224868808181426594
587431296536683947
958588664877626644
91354481836696097
538047495444171695
535483101376124572
408791761359409571
688873586619238822
982889601795310600
735703657959982136
129654876888882551
199268993681434355
817394046321168256
987220285504240890
876662863492054284
378279514179633187
776216104266810851
445724819704471493
309521202895917984
985075619576249748
685506328875220513
955295632823982475
767647163154810893
302615163646225428
828432333010473934
475472651615830847
727519086322486128
583447583946483136
324992394878884811
79698643025487468
607949349989674511
172734788929476653
635522654477838927
799289270146857811
967510118174797922
912538641256468075
202314289721978262
450117437321670524
735714636759310694
450777405550099922
887566766545169001
331459933214158672
40777134644153889
245249068923022088
610078630394484228
360119984768011401
103790766081813434
169436919825259753
594215454983710707
277739474549431504
618301751430167630
66128380990583090
696641490981621335
935693621325122234
372080293668184872
992514487961702990
660225326824111142
965527825552301179
417219417204661459
932040869527115696
155880096699274686
353831131776248143
515597097162669905
485154269020722171
599774332699852619
935207363657671139
120761220854509298
186216650946430526
178819093321945158
274050677219838292
784592746278268476
748273405988632694
806418971870823071
794032647011328414
628116020019042693
458609095795048370
484642973548640782
503659239696015626
314784026335775052
161848103594230270
834222496736046887
81811005853241841
855065475550550523
793621456767294800
840220544296815767
403111348833629072
355353759339920984
81070681380851644
811003754859713297
340262692796345638
694876139019646133
47591552017265900
951278374063560647
145261564001070635
927605738111546998
520808744714323259
156177181039336981
949263310874524288
988190648517453779
226744483419326384
409266003213905322
102561379956165184
542971753814367090
147948111446845332
432327976301530153
978991718162272362
961482883765245009
639139447124399187
244312518990635968
672011294536970144
424773096604582433
900470497748400845
670367869128588595
943084721615498260
474099232879668789
505806913509421688
90965041185248195
611296355789965356
927745841047865250
651496792825840841
470433044093074269
62871051470391082
858406084176574818
203465275253419054
200963336826538318
987422247835637377
963567872802245691
598935539447172947
695405722968666767
378502605610653752
914386367991002907
106541416986918649
702232172956575894
985338063540391055
122812291486305569
842692508919363696
689726597497790649
402127439180561724
736895556834127815
168682146814806401
964281239964330068
186328017198507263
564100844456750503
134370927642684797
479526621535876911
927949195491196741
235443134294180928
588362101097234901
161980219270422307
720126930319525125
434969553024672107
688689739283110086
423161855573945023
693668547456261870
650673428461564008
303234538401984579
112697173929887860
638487023982060616
548015013762962350
273622818646734499
564265470453334408
79148374799588160
221756000630695951
535641214517217718
502626811906066638
86075268603836457
177168762110757688
755598985345406730
626387268614010994
506072364329021778
816893139231423589
90198934127294710
361266038222012547
77604292061550073
884156630244269364
626272877476434983
532033878107576057
891649819994399650
927858704255841217
918308700252537187
599178731807550705
76276254368986587
938575477801766888
900035186779620609
112647382066289188
954469506844067732
138569653978489184
617617176811708522
644762659642023795
450294042331312649
761489250012037713
601315830802667396
151054188366351329
269450910141448737
55872255317642820
810992944556745021
106148878360749768
470653314291753457
814064211814719864
564845727589253996
142618830580331263
795346098239314264
749023591021955159
27056992112018822
966126010155622807
546171176527805588
390660272234638738
916017438115957703
229266503097009842
991583554865418784
623748730190304345
27148391626827919
599779310048374690
511453816109113096
414717905868154944
682383180991147156
656745758704368117
515173139910175408
86579643056639111
763719556303191881
710376229695882678
602553084211627550
834856636122520919
7453090047941799
484806865697628669
578177922316073763
625667708334129047
859680248147932539
288269356044988877
989470517408436807
242994425236554695
177259822310115944
284012454644077689
956132097180709339
131055738080578443
586085759675650174
575735330712442217
697038040462101218
880195060015393434
821601975604057011
862105168787613412
469795765871854565
607450586712650511
748706344585333602
411914164728626511
240178845928985315
884775277228406482
544246776230093142
830707773228258418
547205001404019532
774484356685548898
934942314957042472
575770194278338282
994281679657627502
355117894293445775
609350271532387078
726501976650866727
794405733825913012
209968658730103759
319980876853832875
747424980807757110
677015758892263630
198904330050149901
840046806292998344
699479683615910318
687559360036003739
272830027250875089
115977701790005771
546536594566225990
683721564326562284
120116140730547098
786410014993887135
603944447423932701
72044376084671463
597275384796133381
607877800331972115
801076997281288131
326859161837565525
499426901801060445
256160995002869752
350422160794826578
549837545192034579
105913138085877939
318911555592717551
370530740096628711
682387065463835403
760028732757048166
310588819637409175
950982225051378942
280869200322159701
969225909440486964
761197953336782963
144140919070187345
777807198699024716
822436385818290
842091067389579048
174187859341115927
931276680679434062
21843640387383484
365907579805308431
483596352212393620
57105786557146868
150996402611136667
754950335601389168
900430291871203947
686218742898690621
816709194120126721
507666205164563387
768171211360227370
324007559671132335
438229969628524787
90281885492552646
205287178820108341
576820456607540676
601420665297058455
799357880438889604
368314371270351649
622380043212296853
539604929404829101
48826829330019055
606432527868874715
668733100583163645
169023326574374656
615072499977691351
214692988248088576
70661016261261110
119087692004784919
916512741482406966
334102324446718571
852774884001860157
262244519678445120
964247934465986237
285871336529627511
229367411004547465
403961105559180532
829252148008043478
119970384177813997
580721001921183425
704816606685255712
99560549326269208
214040176315493912
358737445796329191
585618886992617115
230133785511842706
253780480945314336
480768893635203375
412895521760952787
643029614340995725
527751610897275743
701009928020239230
938748192446732357
122244293803567345
228622685570769919
479655997041095221
555595324113528140
652913151670056413
775038841155698980
826372443928550800
87802020471206253
273472043953493828
422616011450299291
619611202979415921
101226694125784170
388720567562745617
679794835042816010
983878629202825435
563642869791066486
811043101850581927
971273222826861765
415413275278857834
209292208409104235
18808989473308860
288241045728024365
693718990090012190
968828758014630259
126429852195452242
835158365976543475
147355900962494768
848823903554652031
8252437925467913
672789320860576371
502592005030490354
419542952906249401
319918295731875434
723396778698039289
867413500193553290
222254766115025208
935433068411362390
372520719292767656
260305513579611156
469795297804737957
335330406982129669
596367875265293365
505719382580516110
745416308898525863
811027058715339712
507161841556143803
276559703284846845
242433263191018896
667305923559186797
913185075704150143
380404911515868956
281579492793086368
316966452109378311
110829550418817603
477570667426295491
925023990867482928
944989654795527724
656019794023125184
928294668912288335
300501185055545593
183899848734647475
739778258319409299
762062637492066303
527443200580915879
765606182957531365
211450861733963825
195410935070206659
970151300776403312
586266246749070681
411051604028399761
724749570298839577
354728283631916839
245118609990457782
406391448266002307
567648437585294487
998545692421482214
101532589676028936
299907498454850787
385248528337189449
185050710192511676
355639572594385198
853708274694406038
623720936185742393
144300233266350893
456389353756624139
747183641440660346
316130170841281165
901854565316405045
983354054564929214
841585824575042179
805542318052389146
746000812905279526
417894954233408073
304856333232497795
442490889311115995
81708820733528608
509503929084701432
431008169397561270
673728963371198708
805438356983353906
123894545659296849
855484810464236421
299875277274344384
855963497677192812
406268400374824361
126664154702127267
76871088458344776
135533477829468999
56569698194948331
632005767383651383
252699121578298953
175313997881447961
641367305697805870
432040259393246110
6699730887990367
282080470632250955
944115903905145606
673884647455642671
863147442299585322
349000539012184588
590157911810024114
332140673604944550
727445828610337268
313804734217188429
985576790122157754
606836661045114932
735714372349495899
37604189352810719
8309884508422935
436017366768897189
188201129210891829
159257531510928402
924685890343977686
125526041975179974
406828214141020593
666401257667277261
596124067774311751
955742247239236818
97965241536747596
73425207439495885
332131379488788495
471599315764801205
508191085390100609
147186577976931551
197669583540626196
536919232881741430
587601821824667979
303402713296697724
905788126265520795
746508719042721295
794099491703214897
181042079604304292
828295846149086590
644311496842020329
586118308177620107
218363375512114842
671346361035525172
919661390240363478
291268417606073293
918753061718636605
515681294130650792
610780791468326872
878870986206430219
66100680872430708
327772482431344781
484296434406585767
243836684925639309
643140128579424595
135672205780501343
44533080799327326
703197313729818001
957161507159449559
440358738207917647
590094420980455987
997489917197260925
273472871257157291
436319598634826931
790305590738302047
564001846437872208
192635103080267555
288214436463609672
773970870648780861
350675124365407739
815971881549840646
194346588951305046
372395133263979265
190060395949626062
669040338748957314
846366642832205273
386922438278980036
101352554595514934
196241129926045412
791487028454256153
351182756417173171
242764562697943313
593898577598376959
201591817574604878
874661531318063006
985314935384501347
539508239388111659
925253171207723229
239203973978666503
458997872551389434
957734284941538582
757693159382408092
186014759961984797
494450122914889345
167073214684356618
777999371211960384
974714490310159857
255505493168825145
822901679871983096
802934129626446694
276802730644533107
457911931936417977
567090328404511549
974794921507389781
52750711156892380
588122521456088984
299020129974491355
225573868214455938
481822666240328698
835635826794826457
920360728067458604
122934869176606358
447134264392995850
256214093736083346
350753975565428144
460658113357542753
486551458266131168
614843466760728965
300889331834604534
50182887395469400
957507474173021620
427342466166831773
197371091644070312
928041207708829413
107612856073029257
855577746091672741
724393324350657012
290902090730851972
579278594983575140
220385257335086422
699397439946518266
669159829393360733
774530474572437364
317644207985652265
299734845817081606
969995669121822550
480579912383406968
888628501546640389
876682945180766938
562407439431646163
46772037926487461
653413458930057457
146209215096272880
178768940264766135
463653827372830047
117028908393107869
107158911393442711
726781552211527078
307244427071702135
82086909490178874
754218454415855505
755527154685992640
169963420006574209
542392871085043368
252920696586206881
603425658416326447
216092851413687604
65787846588651083
467860283880239876
677564135365973104
580038319125949874
141883353961528755
976508662074152143
192838147480634953
802989989990229937
782383281318803567
584643756659645479
622017831584488851
323544653475363926
660205719035966972
865603894816717907
290127629333378100
143826336821698210
502607257671882733
814701844675414760
12192970860050294
260974438696419554
470850586465998858
83931362919937829
443341772880312926
726147166703027534
29582535737728970
492583805880863593
270949019905873489
952181178815237469
649297633643895317
267923635688714409
552178273881279821
801451618697889155
700871992841128980
94457104661119074
290511440639091918
570859051623106458
577555114516305929
306587888423271345
42432625980901282
260623761556961056
184921027793832411
77497100219237987
546815659365581564
380976640481367331
188908278036747042
943901117269649796
229378478551783532
73411192507935692
660074459830439676
473968593191280084
934179338260329845
129912839109726062
792611555483379555
494638981899468144
119231091693051251
35679705817819321
141783260157349133
930279827495750368
28245404717129754
851801275175398814
587139689651834948
270039187911526114
882982690608296177
938109751531625541
463629135545416765
56081810661861273
280250190749218680
589607959882074295
912764573577463332
749692778212604678
554796226960192360
481613237668897503
191419904119147315
460532051501547483
845139860318335269
597523427368237296
644055058280747760
66042675872090052
338046821109130916
975275220082040847
52795492660600707
636102805010563236
654514122719294886
982193501701155604
300091649236273174
261395204063810106
290405775704324191
405950333313078528
163282523504929444
448135816534587087
821179101221060026
41718546654981355
531814952328694044
441736830466087212
287140318033487700
838726439455828055
273403364696122835
348648520438569609
88228582027219478
18723679184724489
54526067453650915
24045095511574169
100261715245779018
763961703428798876
844690466434773131
765534694399647078
71285406417455882
633836457914043971
824917234011922289
51377233330091666
226645403878596338
124825525034178983
688694369168673549
164852876828985030
781570367934689865
544113682141831292
918832023675709444
376406980816899543
529164943756339539
896069789331536149
155563055204794961
216473127820861716
759744391367379782
882841694827028232
425126755374225827
170650640136309478
192350257891607887
864469396187825095
695700022289294884
822796013174180410
403762320189108808
817232778601989268
729818069460832187
66377324337338752
489500343448756453
935121998522716123
926882622411252784
825319399795324630
856935521102012441
229672282535620518
550297657640503200
279558851484539279
873941330746417889
13858290871837809
68075243467571660
500729192538804936
913705556270673879
366939579741079280
583865717195681383
76588256810398263
528012852952675571
122585154892591162
620955336620288518
746824191536107053
400458102012548297
6364166231700899
628732339037530599
274553734147490714
622938728769933581
636933822736632264
844888116963027952
165317822702514183
960601757110772594
992430963741995549
722941478116733802
823203708436365531
83642353889689151
205613724697868473
546522775910936187
803896338075973098
311211805107233181
199420015856902104
737592632550986876
361930976695845091
88836256775954388
882532894252189824
760133335478904702
845384716332233730
359276869015676536
645954281080647080
787550634772706596
60084211585244284
943654251545260481
172682070367390700
877188905251723062
224689261051253046
805354684105609206
918627813439690661
443994298841250928
570617851875711289
639658885252292726
592711337612216490
107356773009559342
754784919755018934
772130450201833389
495183124478516078
794201945813201066
108762297486233576
521421429649132296
676256587676255273
12011770026904969
468546575300531498
811939672700073686
746030880876173608
105265568915007670
84576456417250598
43674669087438463
700140780031235449
353960978615294586
983903230228593425
23898332529925930
174646552534820007
649380880989083622
789776884253072306
160633033815270899
140673107996274082
46799712386902211
381804666913539821
75590514835028216
924684645208395366
514509998020915564
500985112582960543
649045095645991946
63677365271345760
121084473903561810
455840366290383587
94438922798310206
929031367325382111
980279625140228067
28492811414266867
709219982922591611
33126576232874456
190649412101090900
556388922548720332
715724449232411175
681730959521249053
608659861911329731
438139854891283281
341570798135588580
298669126241251637
907293985092921571
79809553986969855
381364946911792172
987327165776587990
537735365313577069
638002358939934437
669146206713777807
168965170421595948
638568695350930217
853957737581435074
891726267860486823
329538209020003328
635951127741280847
5552262706395866
999113812186039487
144538094501120721
2728923443017599
896110617014597983
878582857425375665
713563393606456230
319245221535151759
37699240267097895
995681165102515759
332088093758361828
71851226373639570
667441962056869320
441434429366852260
955153319503317707
46798128296962777
565923087679818136
199310738034689093
995985781582095072
267859676969443962
350266990088570682
475466906962309894
188734974323492235
296447857539904678
848720943825064766
30708754468620260
580802264915119326
847615875907695438
881052003993269083
499169781278281303
799709663278038290
721824616608982885
451615709472940557
841134289026931081
31717661166646038
381459117011052677
360648988262272893
744933767687963201
862595323742155835
890848006161863061
643559080276508880
977480917251450867
914277992750495776
743473460251059530
716622135870636533
450652756072504493
655930540570051238
625631110423908965
171945922293372580
469465739401532630
27289128962597596
912893069497203565
359960816567530371
195474809826782050
264237152073544732
465500126513333314
748667163086935791
807122407389477887
754654199549146458
704382608257083915
582295827899511897
182351636076537985
543342317803448794
451161341051926379
816387787100122731
491714273621634563
775725887407918836
241817452258518360
827890863976660059
462235243068608964
972740257204483039
902141398751265766
884228918913715507
760182726285538372
146644207287329742
428915923858592665
176873069252027674
973094383365410190
232040382153097754
235450757980457236
351456287191136666
396566729751342327
42267724800289103
731903970680510627
276306412440665971
91611759040018343
268230593556111809
824667319246092729
555945846193885080
51458739125231603
696766891197095368
396309467764009345
761067663866932384
675160943407183237
502787890797653579
204609073737240858
886733040964645713
670712938754480987
311376814276038995
973161585648351209
991718811938769368
970069632406318929
552945565872689649
319920785046421912
453286945201426766
67861219351518476
743906452606140030
150791369053556087
378926370999609021
229978329265361811
313791694056717048
341597763493419613
774131560167001063
515705637377042615
401189438414858439
723694812639027408
646491726338755435
406741191283750911
943324405417196263
967833882132609397
443090766021772372
777775190792857177
355993362489635664
359839582420067150
893937503768978486
23782756009371301
617566808426271936
969475832939337329
164838553252684242
658063400262035648
914765882650739115
468742303664619047
14344287833455392
656296472400087175
400377751701023086
581935518837958059
672360314869771474
343198568469042268
171459690202661833
402780938325077903
571081284627814575
553206946002879692
545984358479023975
622939140866435025
287090029836634213
526563904081647526
709064950936231551
814856302863488747
993160073026480269
104341641628580725
510749767140778328
53943712628158144
352505009823201738
832020121560273293
962157993589909370
232131548285233873
528169261390400278
941625674587973677
417031767824432842
320778165479914118
30250778885766634
641647101880394668
425686589186134824
641362916382068895
983973563028338120
97197236841509148
760025025848698772
489261424668734748
106472352341532495
236115271017607862
395199136326532078
128191281264592257
414372653820095562
133590039363731087
431394227604355139
76742116875997094
708683093807728754
443547980779280483
4526482122803006
914989574809646558
979276146425203491
141430964813168056
375170850762587460
471313460909658988
149907275396681504
382487035987718085
945279115474455686
86273208435325287
432963431989234987
763079146502901766
857077680024633410
218064031970891103
124032288061406717
884236900060624575
843889802147800193
433554691489156511
19330599566342661
627421821167824728
19308787741103461
568132842715197487
705754748043479694
20094780932493335
617126098969126534
668512626858379174
859623703851709274
442987465625646267
507861746727421213
703154457706973904
898709766742725332
744010309215670121
481546148928165779
216607830601204016
8223319675133257
780919884045538537
456224486100677659
251563639632523515
481370945404790429
969459359914309880
486918602897684715
541397036838279764
67927700033121283
5500131780540194
647903185320586987
819950911840022591
254465856626920603
227663411247784936
968080465082265299
679815536056020326
308673372360633572
931178540189583929
369708764840379314
423530919341658790
454874066080172246
62355204136823163
678611023488711358
787529574059982094
271307842648598774
707936211160549877
224981057993430351
875238421731821283
503113505137006799
166643192875998749
251931897920209577
875918391428485392
449335110636223173
261926723523315976
65473847799929218
945410691288598973
739442104551586341
79829750773368880
550040305091422220
530248419679986933
530547538265989675
345807699790511718
181920090377202351
744223963607956564
64457662611509146
853502961371191495
684522964864971429
86139325779801767
692954789627101311
449285569005068029
103404500542069442
214701885922629330
199961300864663661
40361593544501211
264868819408939307
429022141972708990
90077995433728718
644179133342911663
549999969154099842
815774695580867952
307696414040837241
933450195926707733
311715649541069813
90054036023654342
960496206830043686
12075363969626961
32844176268345063
817528377465359826
280631908902106549
391287271940441269
182824526551059105
687016967631223131
624240529783670350
683062862770646000
740966371108043669
868086300157321177
492388731943708735
766755736791155956
411577988079834252
793190588601643951
127384501515481493
90445736045661527
753760379371816920
753504704077391743
495367961117792873
284694035479569054
315609665394479813
124334610587866382
340867650323058517
125092126916674713
854405372470579685
316308528484430069
830560824342703212
119355003439319817
918741342981012523
12936586935740723
481932259932398696
316097837016067954
321243605780691852
428427731537582947
213705856596401861
518530560082965037
267074746016173651
583392420872794810
181492875117297421
240274247570370130
843409061655318794
149524311678845293
488429553593590606
59909656161206085
246473008355957758
256982813906378871
995776328760524731
820555906322085554
985683793144527733
286711184204164512
360955263446451649
525855383580552251
916513217864350934
20961476647253313
743948199535327901
856981680395884672
809602283587660729
825189032071107615
513181936146795877
461510819190496187
554340807939347494
938541382654973088
289345465333059501
412432187542150094
608407844681589321
773791844710062232
437900135393178151
859031955200182856
799277689668245058
40693634382806523
80220757299379817
399112016419799970
315711665129211972
697453761011794467
1370493187631234
454946724558027267
507731214909243302
202598842168494274
762004482726533055
714498628997402986
4208729885954321
355639669282484807
412404966993877582
79695268008815917
566808959231641998
521488693125763549
50504128041505598
882546740303868217
743655186922561279
60250171959477133
166443326224630476
263783213678569022
185937294421039470
61227215184185558
76673991735368650
661483880368050554
320054676749278111
596247857863133625
358883054974677029
682182002342959875
920914640719523941
694385554022772857
73153025475169507
53595908684596105
448487772423901694
744221904120645816
145918329654380127
203901787248683555
389216315957825885
19819721365304369
670975447322153177
700792722923992084
105378219841130108
467816574530430241
696993270972827677
505441114484427920
140049862575866972
771670120882641996
495152611188515191
56096217934532753
22935278292966325
601930787893043688
756230560013489350
770579718033139133
12830935521715569
529487021303497065
24087469712530914
219415509486181090
583972413431778570
360517307973793652
887110083259061508
233342342810185196
470245997726159267
194749979694365306
458503181331038239
966129688262150961
883112619099547200
703188324752786536
115359252606393485
114691473681489143
441288555588170581
279182754049338178
282959620178934964
216161442990343088
141493283979553910
160847550218355378
156872753838593627
364178472833414630
26079841829205324
955501441451392000
307035208951896222
203359520712375050
527438037637710563
545232277857111301
505808814526997717
678707471735849989
943921945448474731
138585995267881633
364960403302724492
493104105266405997
232021134066807026
587373849646188486
941625157381595042
54976915581108864
414104470853421809
826691652058297601
141250144237447181
784790172063061794
243279671156802868
444398201270193995
290341352049892906
606892276641816772
465858838011421248
305241014490021384
846399814847072270
802449413530364915
545777515510998801
941553307863433435
79105023712177047
733393513755143291
982845122176979995
812817668972172487
315055956801190068
808090849782367601
765288209787200678
935605073705643554
655545385070950422
614969622556779975
696274219746301352
940462610023790318
531456124617198704
106937746809782016
130657339779284902
261170213773045971
607827845843121105
539042015494186914
409737322587428890
331588138402770243
859115672914775012
773483795552127857
460201152752942144
862128150566495268
340368046728857474
645385465168400094
883952467250474914
536007784885207671
530221991357157174
21201549805381947
983773270663643257
387034963131993104
101597640540074758
705084228420322341
422467938707850427
533806285436608820
846884809965114721
655805546203525128
6990585332554432
774720652886219465
989019909755801757
78844077289782217
923030381083412524
505091026132270895
181166771089396112
281531958342506438
252689622649291191
566439636080352810
105302165958527999
56038722265968133
53085196002331999
156880545853946981
53036803694064489
547393650151583857
111012525571612093
434202997733866218
220676301644668902
440310907296760869
815474249713187049
33575158894030942
194853009380426124
719466586570496061
387890691094742306
21506721526872810
938818071100501245
347262547604305750
255678928953348929
386694104275388839
453853044284394170
818278678699904764
713877932504659484
718142158270855661
268374037314702954
785192098511177897
945332770821919299
592091245078117426
649942036031300302
498443006101471682
295692732676168792
146119494516452183
918226036549315758
816167298281552162
362459688198533737
85537116519335149
280459451822255825
957333164439275374
770199274828756265
632590224493150846
473050890770180206
321660559673583472
458366482519865968
207008077473437327
643128013230571004
169868549229828276
70100345070658499
703622001077189948
656933563279474287
471230375388664000
761600544373782371
267115464039794202
922490610778316488
315817626919329824
39722104656969811
121826802673781700
520537343787430657
934293796203561946
965874069751566123
786281234975177874
43733651153607474
423766677740335963
974806687420111969
235232763870152264
142826610900618925
541518680736269482
126210301238487830
822207994116326822
448235295654744424
863016425897344329
717058290908843459
837194022504233328
62676713440336101
812314911484978750
866566809443176901
323023251145124968
873333353585543985
960654320483463901
414720319287183147
720171831258106552
873115560592468613
750243345161145949
902426755697643583
129657895495434791
561837643807433885
677768202355246124
99528100336133469
473496720175644346
423401653669310787
299852629582846099
814658958255411078
90051501698625230
864362294449019408
841607788190072884
497929500193782772
725966078175900571
35388487553125574
665132003512052701
472503133459570597
625497588391702122
502946668148409183
703406064134793953
329427589877304181
994599027972883360
760343537509644668
141914171287757099
364332848577844950
601082943881396322
520925087415451896
621362250924216351
165719834830054704
105736847310101919
532162551408095413
197654781528564676
560230633237448775
693479682940438544
494965748333963528
634939458707054478
47215066205955843
560869283489135625
238750624574281023
896486286616283846
521025005474331226
578044748590939802
989820311733110222
151756543905597800
26779535475685393
664057321040380206
79240624058148510
75792201550286694
759707507865503203
718206471590508261
671644635784652958
823423954178031993
985236513103770107
100257616570843831
297995660417538574
33464596163969670
73188716038674883
968838076912171841
975970284745488370
226152120027780152
74280580079514588
117106566800824700
886082546073981578
30230028747658594
894789301783419454
623017995677336172
471197144834644145
140777520048882144
785468765850252854
425916618032014946
843888452706817027
24717974819004759
306612820711940244
559818171456753396
103664626375973531
37388645103672293
403249114911806098
294568190913444124
964170563115082918
914928009862466214
777903473739913233
289622131241121100
222741848741078771
67528834444750776
765886310285808813
31272551935742091
218839609454229617
27415680903221757
857892503844853410
398092042990563377
816997924022042045
888699476598139602
983612847866854394
414793512307266426
346351657742173046
316799845066164701
6304514082237318
916810477961851784
674873679174194654
835348320988473111
878828833513968175
346699727115991772
145581627419059245
687213838779497429
121553324875681329
390295677829127446
632956590320403657
592554273745694080
505090860948853569
860551993032358705
738423450276782286
378307559241283025
445349367404422323
618411176338978519
464207137344471555
255828105907995496
586633622771795748
229285596430344806
936490773926420771
613298033848503984
523831900030515107
175677388457416704
411816635053102499
516779321607939240
216654629395011965
150106376415567709
379644566216560516
553754151537719203
775679477457907801
342564863520879130
177816908232031900
822326760416637659
712652711680259836
522249070078520005
402056757563764570
76884873107472869
945702715209634664
631476238067998084
799525817200826293
600030698270957593
12281948080075078
967838977671634388
595291729278844245
227846418158686840
606643072312094468
540066603134406459
291955189589965173
448287592357360190
827620811618580097
407963143202956431
590021706487807064
696612470199048390
27079974112129640
32732288336938983
544094275369558067
705625163034298189
303807490784569377
430556529946272603
628939848463946585
164100459857359756
340365522660920811
865289603263199777
695109835738263875
347242244242817000
487379272824598824
244734511367421211
174890430973378725
868086204394055574
718156684527388986
445857128040935155
741661757928550972
181476584813507850
354797344792336158
934933177264916161
635169783743762735
582793926768818649
