537196733588451173
294268574639041047
823815329678321141
96564264097028608
526876926538787465
228367956142353630
747529707324718179
63276802780760726
929855582900023266
783590614965071035
702220326713165759
545280309369602576
342079112551323722
408549058102723989
478303474832616623
169913224192827203
950267589888519996
11265552826475758
978034143253186580
785741714892840741
628197311445232751
284552352922628107
332674727405072383
241315371114939764
333761218793561766
267039008593448320
159276074255908511
195224333417352979
602764979117430689
14661891536154387
921855048747683340
73800105456545805
88536814273248459
451065884921870064
388078965492124209
539565304859845564
271549184263646298
669053767205033944
753242836078470596
633720242195415750
530602091534958736
724019480819245535
998607853930045674
686876569142150028
731920717339028760
7246483197143838
799865939298997067
63276802780760726
187059458882383228
735143375751257359
24513877817953463
818235219213113169
754572661580452432
439399479390296454
614762535516803431
471451330046725192
199405484358060921
496351830524757526
593601576107506823
164826747836590822
837543735805878742
473199756703922033
55190016652147662
949663122732977160
295455114903791000
459885836590689031
871266681675307176
476470681593032859
574684890206021251
629488991533961956
126527245296953516
648812397441710703
41067641232525538
231873547858869212
732854056928467438
604855385812379378
266450455463604161
663989932182922661
506215733778622000
80123598289051833
971557237567600300
875324557926053041
224815189717123994
643238930387769615
41939510360409867
649987313580464029
251726858069537223
222589465348526422
762652763341840090
447208320036833845
664710081367992440
437046632652383135
796841929829534061
403901594820538833
362731801264043124
473199756703922033
783590614965071035
556726884893858948
435463741006855915
261133400206490716
405228943138969428
604366635515754553
690894438692428493
160688457220354376
628197311445232751
654357624366961460
756888187514922626
690894438692428493
182385093805140501
994717173593500801
819950987299074125
858214571788905070
826210817800147363
907959396874943354
572540246506371956
562687917771101270
653013848075018717
835980218924168786
940589319360634455
563530855149426876
461416227619392725
799865939298997067
325716385084358477
114835051393402925
247103701453215525
497666056426738017
132141034229363086
296200323112178446
666187127686915569
984580034197158479
706162466116492008
837543735805878742
34683744050971070
928398332067946947
990988705525867941
382519641805811214
224815189717123994
215580979449843369
249881666572387982
929855582900023266
793001374801325998
464042751720059144
974599255855659248
124236695030284768
271549184263646298
903729516282629315
654787581208888854
638649018943542320
614762535516803431
451065884921870064
787790697012760574
528416517108535618
581296902931120277
595037943747324971
819950987299074125
822560892725837420
474242003101535968
149284825158216208
71083497136561633
566594693671814187
202367963906811815
89407219804626341
981208366413770298
452099772446754350
379248026105717872
288407837694145514
423239918031545283
761126675957963800
907470957505367598
156071432020663913
481053575517575772
44339540280875853
121311497654813036
638649018943542320
702220326713165759
361597911170698967
875324557926053041
979192777299243346
136317354910647033
332674727405072383
699826268507071999
703900512653731671
994717173593500801
342079112551323722
106913309803045554
23382978648078417
907470957505367598
255028079941580725
813925264709622380
559271224277178563
630349853174691451
118570135664755126
924438898811754451
931314265998043557
913521392441485102
322810898088347831
126527245296953516
342255445031197651
542202318411068126
100713722028503039
370730210210470945
984580034197158479
146390109395228213
77681892514509699
19044491182245588
21351053587023535
769848621140354512
988189689318887685
408549058102723989
948069698497951989
599155582396160796
445156875468350600
616149726031853674
335868333274789172
550371545609424827
348434586171234218
29007381517004698
661153376117422013
174963627748508395
609343801152823267
478303474832616623
228213645104540720
148516044716907878
466239643143349026
568070862978481854
48675647369714407
717500318730275742
879033004373655700
69286069396526568
71083497136561633
643252069043680512
455860528885215411
573863286782168873
966205630962368300
427417753928010153
113410595652590201
167197808333592434
805715263997939758
161294044519438600
139154031595881964
426072866722298754
710559196554705022
972669807652817139
766642136013437735
78913840684788847
939388262575762063
609343801152823267
884613966172954918
331082379146022289
601057809667283719
310506844358137368
943958839928332747
704747028455042897
656586109335949213
244792921787411598
53532347837592212
918885031258065210
532601010324645465
429395596530578219
298032883230061112
39471397621046272
569695061551903075
878139904876318830
822127273186788933
986836770470149429
845830544600297143
573036104609818299
140818868207148662
958411845505921673
779697924372361503
810628457275827931
197620268597040119
720406898729242068
83674926294367281
61355288853111820
582888569643441118
452741861765434554
196399836430164123
344050794162327362
233937697887085740
886112104721306763
971557237567600300
545280309369602576
77681892514509699
464904957851941465
5486370859368089
16963243419015878
719680023605148633
983820957183635125
714634454942872085
845830544600297143
581296902931120277
663989932182922661
835980218924168786
885823321610164974
732854056928467438
393738456889149142
999699698718978518
298032883230061112
93287960825670070
511486603851472366
864882620139177569
159358510610407011
988419073672306901
774449231755063895
199405484358060921
864750227864321927
959699179404136619
331082379146022289
624873071856632413
140818868207148662
584407192424136640
369803853866478913
459885836590689031
682281317192798872
950267589888519996
217908175271267207
990988705525867941
826210817800147363
849982280263633198
636883078436455655
916992492546214453
111952072317313281
448810177013265432
307533639120570760
236690047476504900
179213965345317176
839130290033655686
834369165770001193
119476143041958621
774449231755063895
464904957851941465
110878980269850594
427962432740002906
947944656584684910
380942887790585260
278483569508866657
281952381182595646
475598256235738366
451856448038072332
178677935327291988
30701276299989439
551901441682917204
577014397623908746
16963243419015878
730757872945009161
408549058102723989
456687488810839132
914640673736705720
182385093805140501
80123598289051833
805715263997939758
307533639120570760
385098868549261411
412781856045171595
747998118120994388
320506633019657057
933755474484015294
586594529356690461
652189198760017806
391354149835755201
346196642639545877
773474575413177361
546695740570752198
164826747836590822
849982280263633198
887478227225149608
940589319360634455
667185191413338100
426072866722298754
808324092154013624
461416227619392725
241315371114939764
643252069043680512
681541186310411144
621918455421324742
409984042543742114
882074789547180720
988350136223881831
106293632439108229
822911046234920093
878139904876318830
537196733588451173
903729516282629315
647506365487559026
48675647369714407
352132405342828405
581296902931120277
959422981873029923
182385093805140501
498806479518036130
849982280263633198
365555830411273365
73800105456545805
431772671375591847
890872403068224701
174963627748508395
788413857260329992
791220761747710243
50783020524499565
796841929829534061
479570504033999955
767833156580781269
888837351439263239
735807748530895148
99111106523877245
861155225631050750
231873547858869212
271549184263646298
963268150071308021
810277050960782798
195224333417352979
810277050960782798
325716385084358477
40072200360025814
61355288853111820
551901441682917204
794710696114843561
576787819038297709
609343801152823267
962446602006152650
609343801152823267
735807748530895148
8537114683838434
352166487382406431
726299262538583785
103832101438415012
855100890871089102
628197311445232751
388078965492124209
621918455421324742
491009619015803074
95031241871113130
898799922540204146
487556862290404371
114278356878688332
554240460935700745
712120954326120295
926699490286579617
34683744050971070
478303474832616623
705275154124204013
151544583715833781
83947403651342177
199314756723777018
675402214311156175
931314265998043557
601057809667283719
170065452356052819
30701276299989439
251726858069537223
614762535516803431
986836770470149429
424324237831636451
252562741112954423
316882572561367622
208520264066630322
898799922540204146
146390109395228213
945347059518370747
595037943747324971
245027392064874912
236690047476504900
902416423723773877
190195905644381646
576585265351374382
475598256235738366
631284157448773642
748279819517246711
303158637449065155
992562638593073081
545280309369602576
408549058102723989
161294044519438600
643252069043680512
133598991967135195
607124527830935665
264731820159597270
339458183157500027
956657446650096242
197221318346625428
810628457275827931
591358236121317660
810277050960782798
464042751720059144
971557237567600300
823193493732677086
228213645104540720
431772671375591847
702220326713165759
337522914115656849
730298421939672705
348434586171234218
364756269391918163
593927765000245459
386596201052970542
505644093821989451
558921978284111533
632697467013274670
550371545609424827
604855385812379378
361077621697050592
277436536224685676
666154381824347023
645789810969420352
887478227225149608
877295270817695548
695786566059810131
57460939555970256
669053767205033944
777692049256716384
730298421939672705
633526262807163425
59550018898116791
366815883270881067
763155508482069969
161294044519438600
943958839928332747
283533198379317751
882074789547180720
266450455463604161
885823321610164974
808930711457577535
369803853866478913
8537114683838434
464382422277372409
83947403651342177
193401126359538808
193401126359538808
438457964333140235
683325307940018340
939445422597612292
683325307940018340
288492778775725445
397098156600097822
431772671375591847
117170603949660701
258863674263973245
614990335571080116
587505515361094703
387397477247901760
238826194929039114
479441013335469970
448810177013265432
777692049256716384
594341154630678881
977442970231494781
309386885877578344
392878881926084356
853906940183592229
761126675957963800
187722789672278159
593927765000245459
884613966172954918
653013848075018717
262231321356822012
230701441226739328
834369165770001193
73800105456545805
316252438267816269
267039008593448320
442663560342306162
140818868207148662
751361141380959947
315542801305628305
61966493709415038
333761218793561766
352166487382406431
672916847557643332
239178521465728397
44696435704260082
651433865369065564
779752771969227622
947944656584684910
954093544158705875
11265552826475758
442663560342306162
796841929829534061
735807748530895148
910857175479136966
761126675957963800
598049897785173475
54882318781594124
752084925861397702
902416423723773877
108618172654621254
187722789672278159
4058800424879955
698381081420340271
873704635655275629
724019480819245535
813351355059940864
248720715540832578
777277192116728404
327228197215324796
636883078436455655
740003926737499842
547310968678530431
835980218924168786
619257023498396668
945347059518370747
954372862918275806
522239363624706237
53334451177577948
607124527830935665
205070327958254732
805715263997939758
140818868207148662
664743276668974997
726224308909299582
255028079941580725
67411530233423016
169913224192827203
727196587656665989
943958839928332747
452741861765434554
511486603851472366
618823869809224791
10080716050591996
622982343438679227
747529707324718179
102696396095037236
385098868549261411
278483569508866657
884613966172954918
451065884921870064
316252438267816269
954093544158705875
675402214311156175
199405484358060921
4058800424879955
607124527830935665
988419073672306901
963967105374322616
338173286601555287
893033294288801807
300194131643452057
199405484358060921
605581023182693686
499472226334902820
805715263997939758
388078965492124209
784712457506056936
769679388453533382
842997397036712934
244792921787411598
533074120392946488
98189274124206103
784712457506056936
660402219777428833
429395596530578219
829148497699944445
796841929829534061
787625092160055893
397720869678010768
979192777299243346
585264494637318821
176066237411755867
417904750035566394
369803853866478913
487293114409264711
259938130590254540
527536009788517451
382519641805811214
945347059518370747
591358236121317660
70348675250117642
466239643143349026
240853317397632984
648943775428139128
878139904876318830
842173433472071834
20975756335442336
237872043759505143
29007381517004698
673566613123611981
942165977613290138
124236695030284768
527536009788517451
170065452356052819
837543735805878742
113410595652590201
628197311445232751
706162466116492008
984580034197158479
563530855149426876
642811027365219909
559791446039931441
698351549192307972
211734751120357987
933755474484015294
374475271758457295
545280309369602576
805715263997939758
577694907187227310
498806479518036130
528416517108535618
47679043392666571
613229124111705366
189536415829199572
452741861765434554
745995557127687001
733018223027403463
114278356878688332
345523738908943239
858214571788905070
574684890206021251
233751914077724917
601332362578722090
823815329678321141
67611494769838448
300194131643452057
569695061551903075
592994614807981953
63276802780760726
92537681499310549
247103701453215525
441600942234888486
326364604441282684
558921978284111533
241119971249118055
481053575517575772
836801229621015188
413273666732993826
758289402578946986
388078965492124209
92537681499310549
241119971249118055
633720242195415750
119753680528428769
132066885547355123
974869951360481065
605581023182693686
54882318781594124
636883078436455655
211734751120357987
654787581208888854
290594687397337562
505644093821989451
243156472784032377
748279819517246711
116387292459065495
139897477185383499
559791446039931441
798962936195108447
131076524416987739
943168618378376700
455353310022842984
873704635655275629
199405484358060921
802244908998853585
244792921787411598
816762728742160008
195224333417352979
670881814036415246
933755474484015294
931847778836609840
7246483197143838
258863674263973245
55053219439215173
633720242195415750
444251454996113990
258863674263973245
371882705479448787
976185068457359194
551724196793683388
113410595652590201
156842684526769922
474242003101535968
963967105374322616
604855385812379378
241315371114939764
88536814273248459
954372862918275806
121311497654813036
955538225461441875
39471397621046272
1937780977499577
414153658818359759
375522685575296585
642159166236850735
748279819517246711
283533198379317751
841153782626696658
132066885547355123
473199756703922033
577490241183290936
295455114903791000
167197808333592434
727196587656665989
88536814273248459
938029693725693102
277206131023656431
559791446039931441
657261802228204061
229681183769053411
400889153983337103
703900512653731671
690894438692428493
215580979449843369
11265552826475758
174963627748508395
310165047566200839
582024998100246690
16963243419015878
83947403651342177
161294044519438600
438886536391719597
124236695030284768
9710629001211521
76757617419884848
464904957851941465
478303474832616623
699826268507071999
791220761747710243
442663560342306162
858214571788905070
109559186246033881
37082281095886443
187059458882383228
30716404359051380
725406057227928121
791220761747710243
425713001129632652
435915613595647084
737418141113225276
190195905644381646
595762391450595382
187722789672278159
494741117366584907
208520264066630322
332674727405072383
493759240885889508
730298421939672705
210816438641926076
364756269391918163
690894438692428493
170065452356052819
938399408295830406
294268574639041047
931847778836609840
869021564236127057
230405912460226089
476470681593032859
754572661580452432
481053575517575772
495195879398160165
146390109395228213
329153887739364293
628197311445232751
612521437563299579
21351053587023535
589744649357351058
478303474832616623
54642377012111
512685837077471203
345523738908943239
539565304859845564
34683744050971070
840786998134392144
329153887739364293
240853317397632984
672388787682926719
506215733778622000
573309515286558085
954093544158705875
365304942109343959
733018223027403463
14661891536154387
303158637449065155
510215384975697700
765578608479824911
427962432740002906
248720715540832578
121311497654813036
187059458882383228
377089256361366455
280182995839103379
949663122732977160
284149694555948986
736983685825858205
320506633019657057
80123598289051833
503612812221058126
202367963906811815
437046632652383135
731920717339028760
233937697887085740
604366635515754553
317674586064382697
68703574263973613
320506633019657057
363616534805377618
565121953646469227
351239276773917277
733018223027403463
414172492115181069
502583305936829342
622982343438679227
361597911170698967
849982280263633198
174963627748508395
742904543780178794
211734751120357987
858214571788905070
559271224277178563
4058800424879955
487293114409264711
931626017081691813
914640673736705720
675491426681336654
737857988350713140
916992492546214453
117314656737570173
559791446039931441
132066885547355123
352166487382406431
745390377563429281
380359876222162052
717500318730275742
262231321356822012
39471397621046272
838913767952560973
178125671373454061
464904957851941465
187722789672278159
275133169251240565
429395596530578219
499472226334902820
903729516282629315
829148497699944445
904849628393230806
681541186310411144
403901594820538833
703900512653731671
994717173593500801
643252069043680512
629410065140829453
861155225631050750
832413136918994058
877295270817695548
154427407590742980
651433865369065564
609343801152823267
568070862978481854
612521437563299579
730757872945009161
599373118992639133
236690047476504900
539565304859845564
351239276773917277
286232365717021592
745900536245234332
374475271758457295
83947403651342177
288492778775725445
481053575517575772
320980372235944555
40072200360025814
686876569142150028
638649018943542320
607124527830935665
140818868207148662
722128815063936655
336055722748170434
344050794162327362
514582922501403444
193401126359538808
612521437563299579
754572661580452432
933446877447181094
169913224192827203
506215733778622000
423239918031545283
914640673736705720
303158637449065155
846002286920476269
522465235366220242
858214571788905070
538219142857089426
255028079941580725
782893561625980257
654787581208888854
474701920383981438
782893561625980257
204337808742699580
620966085713086981
940589319360634455
889586767559601152
869081982343623089
550371545609424827
41939510360409867
429395596530578219
849982280263633198
288492778775725445
818235219213113169
146390109395228213
92537681499310549
885823321610164974
767833156580781269
159276074255908511
111193365393360180
293090704200824812
943958839928332747
205070327958254732
590777874824249252
656586109335949213
489680346489457652
157004813702300613
278483569508866657
593927765000245459
151842997163723302
907470957505367598
23382978648078417
680268370919975409
29007381517004698
60573958313460825
986836770470149429
522239363624706237
2118595461794950
452741861765434554
231873547858869212
716513345099172633
624873071856632413
855100890871089102
36318359416446520
467880472642556928
753242836078470596
928398332067946947
612521437563299579
481053575517575772
621918455421324742
359070781609141764
643238930387769615
742904543780178794
572540246506371956
885823321610164974
633526262807163425
375522685575296585
414172492115181069
991572789684826106
542202318411068126
349189797658015183
414172492115181069
439399479390296454
400889153983337103
445156875468350600
204692596959495754
796380262535613199
868430318293310166
875324557926053041
444293677966300692
216549772903468728
393201282158330763
267039008593448320
565121953646469227
781959596737192640
747529707324718179
143319506968810819
776607658741949994
310506844358137368
170065452356052819
992562638593073081
412781856045171595
546229928987455073
563530855149426876
119476143041958621
217689824114478706
210816438641926076
994717173593500801
815514759008669236
41939510360409867
349189797658015183
329251619960616461
657987571432578911
639617824815495800
690894438692428493
359070781609141764
433443030369456489
523965517410787883
782893561625980257
864189239361077817
902416423723773877
869081982343623089
389741588140042483
558922369896969298
752173434826561695
13702317988412257
24513877817953463
881527357975338281
303481479153347128
458372610239498935
244792921787411598
481053575517575772
464042751720059144
962658357806729293
887478227225149608
69286069396526568
431793427446054013
796380262535613199
413273666732993826
476470681593032859
926699490286579617
441600942234888486
745995557127687001
954883729873014404
118570135664755126
773474575413177361
639617824815495800
189776689269267947
823815329678321141
553475304396291928
616149726031853674
479441013335469970
169913224192827203
787625092160055893
988189689318887685
9710629001211521
121311497654813036
633720242195415750
202367963906811815
195224333417352979
460573831385948515
92537681499310549
474701920383981438
535329575665129264
259938130590254540
459885836590689031
405032963925615876
310506844358137368
94362267545544111
907959396874943354
636883078436455655
762652763341840090
551901441682917204
839130290033655686
300194131643452057
215580979449843369
864882620139177569
23382978648078417
300194131643452057
638649018943542320
773474575413177361
70348675250117642
552978028354212145
342079112551323722
703900512653731671
34439570239604288
271549184263646298
928398332067946947
217689824114478706
310506844358137368
712120954326120295
414153658818359759
988350136223881831
719680023605148633
277436536224685676
837543735805878742
917121652212478061
19044491182245588
470164060362618590
897633465618503000
648026564211379089
253093112262351514
400889153983337103
698351549192307972
176917520148173663
974599255855659248
23382978648078417
243156472784032377
208520264066630322
665750335941904109
105083702140718061
176066237411755867
503612812221058126
258863674263973245
233008271919335638
693312764085889967
67611494769838448
897633465618503000
656586109335949213
216549772903468728
17358689978396870
845830544600297143
719680023605148633
693312764085889967
169913224192827203
438878577564782266
826210817800147363
101072201400725193
385098868549261411
670881814036415246
954883729873014404
663989932182922661
73800105456545805
530216210939131208
710910363985012390
815514759008669236
363616534805377618
136822995921591697
849982280263633198
659586110072374193
981975350838832829
652189198760017806
954093544158705875
486833106573014755
259938130590254540
695786566059810131
397720869678010768
400889153983337103
832413136918994058
572540246506371956
448810177013265432
187059458882383228
826210817800147363
429395596530578219
380942887790585260
308152878731087058
278034926405372768
722128815063936655
485848289237325266
377089256361366455
853906940183592229
528978744949952692
151842997163723302
532601010324645465
897170069237082842
607124527830935665
25923434825892025
71083497136561633
14661891536154387
290887634561013211
448810177013265432
110878980269850594
396433635136401499
647858764841440717
344601677363215509
101072201400725193
154427407590742980
182385093805140501
568070862978481854
652189198760017806
785741714892840741
143319506968810819
993421483472990573
371498619227667880
77681892514509699
403901594820538833
76757617419884848
48261575042635611
7246483197143838
473199756703922033
537196733588451173
486833106573014755
359070781609141764
428886363340521640
866170487099006341
923268906194098850
885823321610164974
196530784394870195
444251454996113990
595037943747324971
914640673736705720
522239363624706237
872360535058476661
565121953646469227
161294044519438600
683325307940018340
826210817800147363
229681183769053411
808930711457577535
81575251619795229
565149910644915901
835980218924168786
173768198440200973
986836770470149429
835980218924168786
408549058102723989
174963627748508395
689599607802580142
290887634561013211
239895705404613100
918360758542324333
826210817800147363
599373118992639133
833749599672041083
467880472642556928
50783020524499565
401966806546248972
325716385084358477
638649018943542320
574684890206021251
406463899183751321
247103701453215525
447208320036833845
986836770470149429
530216210939131208
872360535058476661
27814533254134341
540153098586490283
633720242195415750
555341835972612578
210816438641926076
461416227619392725
779752771969227622
968677360531754102
143319506968810819
316252438267816269
935913893377131182
173768198440200973
385098868549261411
39471397621046272
759095921491560192
262600229978583558
633720242195415750
506215733778622000
48675647369714407
609343801152823267
617549731633568951
382519641805811214
130783776062126457
698351549192307972
196399836430164123
169913224192827203
929855582900023266
619257023498396668
377089256361366455
808324092154013624
156071432020663913
178125671373454061
565121953646469227
939134406599673645
757246182037095991
879033004373655700
736983685825858205
19044491182245588
939445422597612292
170065452356052819
918885031258065210
669516064048482217
695786566059810131
159276074255908511
945347059518370747
119753680528428769
20975756335442336
632697467013274670
268767774538394773
559271224277178563
307533639120570760
892457896375137294
683325307940018340
182385093805140501
377089256361366455
940418860488376283
503612812221058126
335868333274789172
491009619015803074
211734751120357987
267039008593448320
962446602006152650
539565304859845564
864189239361077817
769848621140354512
316882572561367622
308152878731087058
96564264097028608
178125671373454061
948899563638090106
660271482090815231
244792921787411598
979217193202505795
794495192565040978
622982343438679227
511486603851472366
794710696114843561
199405484358060921
669053767205033944
826210817800147363
749406835109374936
522239363624706237
694274330710633133
176066237411755867
211734751120357987
747998118120994388
686526030796490902
528978744949952692
737857988350713140
654357624366961460
902416423723773877
317674586064382697
154427407590742980
412781856045171595
451856448038072332
208520264066630322
843372102888131950
577694907187227310
517421448994723415
346196642639545877
833749599672041083
823815329678321141
812671472034669810
818235219213113169
886112104721306763
379248026105717872
690894438692428493
434555549641041753
14661891536154387
243156472784032377
929855582900023266
872360535058476661
771276653561628643
18337809243824540
447208320036833845
221021710733284643
227056626270139291
932387574158531343
106913309803045554
157004813702300613
573774637323502938
753567757467213717
755566406875452489
594341154630678881
735143375751257359
530602091534958736
962767642252320571
153141566167373903
686876569142150028
636883078436455655
722128815063936655
67411530233423016
262600229978583558
869081982343623089
657203597014255671
981208366413770298
8537114683838434
614762535516803431
680268370919975409
703900512653731671
375522685575296585
871266681675307176
559791446039931441
110878980269850594
816762728742160008
689599607802580142
7246483197143838
315542801305628305
819950987299074125
629488991533961956
371882705479448787
733018223027403463
933446877447181094
10471161290993035
737857988350713140
502874626586952120
805715263997939758
683325307940018340
686526030796490902
117314656737570173
32549587316304988
403901594820538833
618823869809224791
271549184263646298
109559186246033881
974599255855659248
333761218793561766
192373972154733780
17093374958424065
226076526922879855
959662851801748777
182385093805140501
466239643143349026
389741588140042483
832413136918994058
161294044519438600
914371487892877753
904849628393230806
583871665808458384
211734751120357987
159886106783683792
384628905343318574
149284825158216208
595762391450595382
659586110072374193
240853317397632984
247900283352755122
864189239361077817
954093544158705875
607124527830935665
937936866101906267
47033587430328670
206056966435927211
316252438267816269
375572388942230706
838913767952560973
897633465618503000
518098314183032153
672916847557643332
400889153983337103
300549291590769096
261133400206490716
522239363624706237
775394609264724001
466090228638628175
716513345099172633
950267589888519996
324336797116740511
259938130590254540
48675647369714407
262231321356822012
255028079941580725
935305069770171213
645599029312318720
58865519237144659
963967105374322616
981975350838832829
816762728742160008
834369165770001193
559635071934018657
752173434826561695
149284825158216208
714267063892263058
204337808742699580
406383369239367479
100713722028503039
153310957845925448
875324557926053041
667185191413338100
981975350838832829
617549731633568951
437046632652383135
476470681593032859
309386885877578344
151544583715833781
576585265351374382
976185068457359194
271549184263646298
109559186246033881
431772671375591847
672671916628930386
591998832453119021
255028079941580725
878139904876318830
589744649357351058
75838304127552973
479441013335469970
872360535058476661
114835051393402925
478303474832616623
447208320036833845
782893561625980257
993421483472990573
76592763659923828
247103701453215525
916992492546214453
410820376106466526
202367963906811815
585264494637318821
573162843912666535
437046632652383135
314470120275841373
75838304127552973
204337808742699580
931314265998043557
796380262535613199
425859111551105235
785741714892840741
134861171174830773
316882572561367622
121311497654813036
649987313580464029
599373118992639133
767067035686344802
853087433948943691
275133169251240565
393201282158330763
702220326713165759
237872043759505143
914640673736705720
900242833142896782
292965475518102016
193401126359538808
408549058102723989
506215733778622000
494741117366584907
934475963871614770
295455114903791000
897170069237082842
550371545609424827
222589465348526422
159886106783683792
722128815063936655
956657446650096242
876497834774112539
760790355868378959
266450455463604161
907470957505367598
182385093805140501
526876926538787465
400889153983337103
262600229978583558
568070862978481854
352132405342828405
984580034197158479
244792921787411598
75838304127552973
224815189717123994
773474575413177361
754572661580452432
206056966435927211
385098868549261411
820511183676943567
83947403651342177
873524132125220203
910986924421630445
503612812221058126
834369165770001193
406781448471778823
452741861765434554
631284157448773642
180489692993826911
50783020524499565
418985628548461926
998607853930045674
889586767559601152
546695740570752198
566594693671814187
773474575413177361
67611494769838448
937936866101906267
518098314183032153
179456804881565000
444251454996113990
392878881926084356
406383369239367479
736983685825858205
267039008593448320
665750335941904109
756888187514922626
510215384975697700
4649022351586835
986836770470149429
702220326713165759
986836770470149429
694274330710633133
920581108727333007
861209271266282089
727196587656665989
932387574158531343
47919948892285600
95924482261628928
283533198379317751
767067035686344802
19044491182245588
18337809243824540
680268370919975409
488439893669979833
474701920383981438
735143375751257359
581296902931120277
826210817800147363
380359876222162052
924438898811754451
723228030413806904
581296902931120277
897170069237082842
893033294288801807
962446602006152650
175171824279025887
695786566059810131
798962936195108447
300194131643452057
876465747048886360
143319506968810819
445156875468350600
307533639120570760
320980372235944555
192405454151167781
950267589888519996
884613966172954918
210816438641926076
217908175271267207
412781856045171595
826210817800147363
942165977613290138
988189689318887685
614762535516803431
224815189717123994
71083497136561633
625364286692292531
296200323112178446
892376593364118601
555341835972612578
805715263997939758
664743276668974997
812671472034669810
785683631443051759
365555830411273365
846002286920476269
58700902419565517
83947403651342177
961137844903624874
23382978648078417
331082379146022289
731920717339028760
456687488810839132
202367963906811815
628197311445232751
130783776062126457
745390377563429281
405032963925615876
887478227225149608
873704635655275629
396433635136401499
190195905644381646
755566406875452489
808324092154013624
187722789672278159
195224333417352979
288492778775725445
810628457275827931
932387574158531343
978034143253186580
942165977613290138
890872403068224701
160688457220354376
660271482090815231
849982280263633198
41067641232525538
974599255855659248
429395596530578219
947944656584684910
923268906194098850
875324557926053041
589915165984155060
907470957505367598
88536814273248459
67611494769838448
106293632439108229
437046632652383135
33155748398996727
877322395224625397
937936866101906267
339923915030061195
126527245296953516
700530821964893799
385098868549261411
211734751120357987
992562638593073081
368441255153747706
686526030796490902
808324092154013624
474701920383981438
710559196554705022
93824029694726965
241119971249118055
73800105456545805
208520264066630322
40072200360025814
111731059731881376
943958839928332747
968677360531754102
916992492546214453
298032883230061112
222589465348526422
810628457275827931
726299262538583785
977442970231494781
904849628393230806
371882705479448787
935305069770171213
747529707324718179
352166487382406431
44339540280875853
715199443156458321
261133400206490716
972669807652817139
448810177013265432
849982280263633198
518098314183032153
100713722028503039
535758381149691181
691660513059773640
777692049256716384
531316617717479135
231873547858869212
339923915030061195
614762535516803431
742904543780178794
320506633019657057
369982011371088256
486833106573014755
812671472034669810
348434586171234218
309386885877578344
88536814273248459
534265624631804117
518098314183032153
756214180504501438
511486603851472366
646240728064384074
119753680528428769
164826747836590822
656586109335949213
550371545609424827
776607658741949994
247103701453215525
601392330461702767
435463741006855915
890872403068224701
522239363624706237
63276802780760726
939134406599673645
958411845505921673
799631777269762519
195224333417352979
849982280263633198
422510878442363097
382387301212201393
41265505641001703
586097703043562996
34683744050971070
36318359416446520
563530855149426876
14661891536154387
363616534805377618
406781448471778823
695786566059810131
832413136918994058
93824029694726965
948069698497951989
374475271758457295
278483569508866657
386560434392991759
161294044519438600
871824853432473722
251726858069537223
258863674263973245
595037943747324971
674194603264531887
524714021079600137
271549184263646298
281952381182595646
888837351439263239
433443030369456489
624873071856632413
880150299807939429
265547414131087987
123424633482255242
875324557926053041
802244908998853585
833749599672041083
559791446039931441
121311497654813036
20975756335442336
621918455421324742
68703574263973613
735807748530895148
389741588140042483
320506633019657057
774449231755063895
1937780977499577
4649022351586835
329582923913820796
295455114903791000
823815329678321141
325716385084358477
130783776062126457
791220761747710243
119753680528428769
139953901983950751
488439893669979833
849982280263633198
727196587656665989
904849628393230806
929855582900023266
981975350838832829
735143375751257359
724019480819245535
670881814036415246
622982343438679227
591998832453119021
288407837694145514
361077621697050592
931847778836609840
73800105456545805
522239363624706237
933446877447181094
582888569643441118
236690047476504900
839130290033655686
124236695030284768
783590614965071035
77681892514509699
262600229978583558
940418860488376283
813925264709622380
508545808562998616
333761218793561766
745995557127687001
993154580193482418
815514759008669236
882877085416265224
71083497136561633
481053575517575772
255028079941580725
517421448994723415
515062395207608442
918885031258065210
661153376117422013
127937761233550817
993421483472990573
762652763341840090
149044572022578948
845830544600297143
849982280263633198
277436536224685676
118570135664755126
233937697887085740
878139904876318830
686876569142150028
648026564211379089
622982343438679227
542202318411068126
542202318411068126
431793427446054013
683325307940018340
653013848075018717
657987571432578911
88536814273248459
830640344274330476
103630417695574128
523965517410787883
722128815063936655
176917520148173663
352166487382406431
585264494637318821
680268370919975409
846002286920476269
758063881205850093
479441013335469970
282084029283601100
111731059731881376
716513345099172633
839130290033655686
762652763341840090
667185191413338100
265547414131087987
92537681499310549
262600229978583558
310506844358137368
596382739643004975
136317354910647033
993421483472990573
511486603851472366
67411530233423016
682056201902727123
348434586171234218
433443030369456489
983820957183635125
277436536224685676
255028079941580725
89407219804626341
865707784989245523
39471397621046272
120540360589873
686705607704124979
123424633482255242
656586109335949213
725406057227928121
379248026105717872
602764979117430689
29007381517004698
352166487382406431
829216438634911432
954093544158705875
102696396095037236
672230112576618448
523406438664101519
737857988350713140
749493816220200076
777692049256716384
60573958313460825
125460754553818337
418314262138143653
898799922540204146
845830544600297143
396610604411477807
136317354910647033
106913309803045554
869081982343623089
248720715540832578
744125187749864875
760790355868378959
146390109395228213
916992492546214453
644941425281592681
258863674263973245
175171824279025887
206056966435927211
379248026105717872
604366635515754553
216677003749081624
505562946312286317
471451330046725192
296200323112178446
775394609264724001
280831131624699728
126527245296953516
822127273186788933
817273447156047725
615315584186507846
241315371114939764
964890964872840964
941500620723666845
173768198440200973
516139786147971536
288407837694145514
759095921491560192
325716385084358477
268767774538394773
663989932182922661
403901594820538833
131187425944746571
826210817800147363
139953901983950751
777692049256716384
452099772446754350
57460939555970256
693312764085889967
869081982343623089
553475304396291928
832413136918994058
190195905644381646
243156472784032377
974599255855659248
187059458882383228
636883078436455655
268767774538394773
582024998100246690
883065288683355157
144147523397394905
46837051226079965
977442970231494781
401966806546248972
758289402578946986
559791446039931441
505562946312286317
598049897785173475
286232365717021592
167197808333592434
255028079941580725
27278504033806294
837543735805878742
551901441682917204
598049897785173475
981208366413770298
33869457630821184
217908175271267207
63276802780760726
348434586171234218
642159166236850735
119753680528428769
994717173593500801
968953911699323372
810628457275827931
268767774538394773
75838304127552973
425713001129632652
25923434825892025
444251454996113990
537196733588451173
601807302917109140
156842684526769922
236690047476504900
283891716910446768
823815329678321141
193401126359538808
464382422277372409
562687917771101270
686526030796490902
5486370859368089
534547864737263394
19044491182245588
845830544600297143
261133400206490716
445156875468350600
753635299877832968
10080716050591996
872360535058476661
63276802780760726
176066237411755867
187059458882383228
467880472642556928
923268906194098850
771319744577616707
144147523397394905
781959596737192640
288407837694145514
706162466116492008
523406438664101519
752173434826561695
961795890608912706
380359876222162052
880758220191763966
21351053587023535
990988705525867941
659586110072374193
787625092160055893
283533198379317751
975270228105894359
939134406599673645
669053767205033944
837543735805878742
573309515286558085
714267063892263058
933755474484015294
739938280723556426
60573958313460825
499472226334902820
552978028354212145
742904543780178794
148516044716907878
731920717339028760
888837351439263239
893033294288801807
731920717339028760
881527357975338281
661153376117422013
583871665808458384
876465747048886360
12172862922574556
241315371114939764
861155225631050750
720406898729242068
664743276668974997
368441255153747706
204337808742699580
83947403651342177
238179646508210504
114835051393402925
384628905343318574
518098314183032153
962818813292276650
584407192424136640
5486370859368089
167197808333592434
494741117366584907
57460939555970256
190195905644381646
903729516282629315
963268150071308021
27278504033806294
473199756703922033
192405454151167781
429395596530578219
748279819517246711
548661044102490047
113410595652590201
155816411413500405
92537681499310549
118570135664755126
300194131643452057
160688457220354376
784712457506056936
160688457220354376
737418141113225276
855100890871089102
518098314183032153
18713492909941584
389741588140042483
710559196554705022
582888569643441118
535758381149691181
974869951360481065
202367963906811815
716043058920628752
32482177358142493
342255445031197651
798962936195108447
269900217074547307
945347059518370747
238175565173377138
60573958313460825
266450455463604161
316882572561367622
730298421939672705
875324557926053041
542202318411068126
30716404359051380
320980372235944555
794710696114843561
208520264066630322
675402214311156175
303158637449065155
487293114409264711
500701536718019954
714824072857971693
221148547951634142
732854056928467438
251726858069537223
409984042543742114
389741588140042483
245027392064874912
182385093805140501
950267589888519996
359070781609141764
643252069043680512
408549058102723989
128861774381425817
861155225631050750
589915165984155060
63276802780760726
173768198440200973
802244908998853585
4649022351586835
763155508482069969
16963243419015878
296200323112178446
858214571788905070
983820957183635125
379248026105717872
32549587316304988
614762535516803431
236976484658909533
832413136918994058
278034926405372768
581296902931120277
128861774381425817
902416423723773877
195224333417352979
777277192116728404
572540246506371956
833749599672041083
990988705525867941
903729516282629315
509281991495085534
318251759047747240
195224333417352979
818235219213113169
956657446650096242
223735359961706070
582024998100246690
601057809667283719
556726884893858948
547310968678530431
148516044716907878
187059458882383228
966205630962368300
292119313729142171
929855582900023266
991572789684826106
438457964333140235
189536415829199572
514582922501403444
934475963871614770
829148497699944445
101072201400725193
244792921787411598
920581108727333007
268767774538394773
493310917277440957
724019480819245535
733018223027403463
871824853432473722
730298421939672705
522239363624706237
264731820159597270
967947034199216091
733018223027403463
303158637449065155
810628457275827931
189776689269267947
829216438634911432
438457964333140235
948069698497951989
211734751120357987
598049897785173475
858214571788905070
208520264066630322
157004813702300613
81575251619795229
360583031078199767
977002026640479077
271549184263646298
144147523397394905
93824029694726965
217908175271267207
349189797658015183
333761218793561766
401966806546248972
136317354910647033
591358236121317660
829148497699944445
494741117366584907
651433865369065564
659586110072374193
674260258450581142
730298421939672705
738678137546715887
375522685575296585
255028079941580725
553475304396291928
190195905644381646
53334451177577948
724019480819245535
236690047476504900
173768198440200973
377089256361366455
189218325622942676
550371545609424827
255028079941580725
147199404717288357
582502713772845765
764809840467685558
1937780977499577
444251454996113990
262231321356822012
262600229978583558
932387574158531343
666154381824347023
347053748517359174
712120954326120295
897170069237082842
565121953646469227
431772671375591847
686526030796490902
506215733778622000
885823321610164974
710559196554705022
784712457506056936
197620268597040119
128412364178934203
206056966435927211
295455114903791000
738678137546715887
596382739643004975
535758381149691181
73800105456545805
380942887790585260
41939510360409867
805715263997939758
374475271758457295
612521437563299579
971557237567600300
710559196554705022
897170069237082842
124454917562688005
889586767559601152
386596201052970542
77681892514509699
861155225631050750
777277192116728404
762652763341840090
73800105456545805
451065884921870064
190195905644381646
412781856045171595
808324092154013624
352166487382406431
419262003583324935
431772671375591847
30716404359051380
362879591286625349
617549731633568951
241315371114939764
591998832453119021
716513345099172633
427417753928010153
223735359961706070
348434586171234218
88536814273248459
868430318293310166
157004813702300613
528416517108535618
255028079941580725
633720242195415750
284949980732802273
392878881926084356
439399479390296454
182385093805140501
906673292401476514
240155391345435602
932387574158531343
542202318411068126
867519662414271633
716043058920628752
881527357975338281
143319506968810819
689599607802580142
563530855149426876
359070781609141764
310506844358137368
98189274124206103
531316617717479135
943958839928332747
327228197215324796
126527245296953516
258863674263973245
993421483472990573
2968558091445804
966205630962368300
740003926737499842
909376727336613173
359070781609141764
858214571788905070
92537681499310549
819950987299074125
428886363340521640
565646503335706280
111952072317313281
140818868207148662
855100890871089102
325716385084358477
963967105374322616
423239918031545283
327432227481021366
861155225631050750
149284825158216208
822127273186788933
636883078436455655
41939510360409867
101072201400725193
945347059518370747
759095921491560192
666154381824347023
612521437563299579
808827973222550073
670881814036415246
862997440058102560
526876926538787465
262448507929947767
108618172654621254
539565304859845564
587505515361094703
864189239361077817
352166487382406431
943168618378376700
359070781609141764
893033294288801807
119610766588421613
690894438692428493
144147523397394905
974599255855659248
125489303744928701
243156472784032377
849982280263633198
693312764085889967
329521322987900915
769848621140354512
409984042543742114
700065294287009905
693312764085889967
689599607802580142
210816438641926076
686526030796490902
41939510360409867
217689824114478706
44339540280875853
596382739643004975
698351549192307972
572553475350965087
286232365717021592
919957401507088102
858214571788905070
829148497699944445
88536814273248459
204337808742699580
837543735805878742
153170785027593021
815514759008669236
104672056778575960
416675411263521862
695786566059810131
706162466116492008
240155391345435602
261133400206490716
445156875468350600
808324092154013624
943958839928332747
550371545609424827
888837351439263239
716513345099172633
316252438267816269
455860528885215411
698351549192307972
628197311445232751
161294044519438600
722128815063936655
344601677363215509
710559196554705022
581296902931120277
275133169251240565
643252069043680512
241315371114939764
510251497070024651
913435310419641455
482106453181248506
296200323112178446
73800105456545805
208520264066630322
659586110072374193
349189797658015183
431772671375591847
605581023182693686
199405484358060921
556726884893858948
639617824815495800
428886363340521640
670881814036415246
371749783708909210
179213965345317176
963264180913987879
485848289237325266
689599607802580142
550371545609424827
255028079941580725
161294044519438600
787625092160055893
408549058102723989
581296902931120277
630349853174691451
380942887790585260
238015163996889489
645599029312318720
823815329678321141
196399836430164123
680268370919975409
370730210210470945
929855582900023266
832413136918994058
994717173593500801
846002286920476269
819950987299074125
406781448471778823
788413857260329992
351239276773917277
502360648473784738
99111106523877245
83947403651342177
44339540280875853
672230112576618448
972669807652817139
879033004373655700
255028079941580725
804122411493152603
861209271266282089
422108447053849730
189776689269267947
888040366413341477
231873547858869212
71083497136561633
298032883230061112
14661891536154387
282084029283601100
901805229080552445
344601677363215509
861155225631050750
629410065140829453
815514759008669236
741851222740299137
98189274124206103
7246483197143838
59550018898116791
981448721600444868
286847273819130393
994717173593500801
554240460935700745
248720715540832578
307533639120570760
849982280263633198
210816438641926076
664743276668974997
672028408104699426
602764979117430689
879033004373655700
342079112551323722
322810898088347831
867161869644045619
651433865369065564
30701276299989439
83947403651342177
255028079941580725
303481479153347128
661153376117422013
264731820159597270
182385093805140501
8537114683838434
835980218924168786
557546995225100902
374475271758457295
656586109335949213
292119313729142171
83947403651342177
151544583715833781
401966806546248972
202367963906811815
988189689318887685
146390109395228213
222589465348526422
509100775200638497
840452125796745406
451065884921870064
267039008593448320
889586767559601152
441600942234888486
557546995225100902
202367963906811815
379248026105717872
800892708830010523
704747028455042897
689599607802580142
621918455421324742
548661044102490047
604366635515754553
83947403651342177
906678078993985294
251726858069537223
698381081420340271
63276802780760726
442374817433917558
602764979117430689
884613966172954918
295455114903791000
605581023182693686
660271482090815231
128652033312437024
337213941799179816
974599255855659248
853906940183592229
607124527830935665
787625092160055893
612521437563299579
303481479153347128
826210817800147363
310506844358137368
948069698497951989
199405484358060921
849982280263633198
776607658741949994
380942887790585260
80123598289051833
648943775428139128
966205630962368300
777692049256716384
943168618378376700
36318359416446520
714267063892263058
791474761759156733
369982011371088256
451856448038072332
993154580193482418
920581108727333007
990988705525867941
508545808562998616
170065452356052819
590777874824249252
785741714892840741
939134406599673645
99111106523877245
672916847557643332
694765257558915597
846002286920476269
429395596530578219
364756269391918163
431772671375591847
216677003749081624
956657446650096242
556887212126845154
344050794162327362
628197311445232751
16963243419015878
377089256361366455
819950987299074125
559791446039931441
36318359416446520
705275154124204013
388078965492124209
428886363340521640
309386885877578344
791474761759156733
233008271919335638
932387574158531343
511486603851472366
886112104721306763
377089256361366455
706162466116492008
12172862922574556
202367963906811815
954883729873014404
423239918031545283
298032883230061112
133728823020211055
645599029312318720
621918455421324742
698691365692011740
182385093805140501
466239643143349026
132141034229363086
535758381149691181
741851222740299137
249964554913935529
845830544600297143
628197311445232751
382519641805811214
420715648786422819
938399408295830406
497666056426738017
858214571788905070
978034143253186580
939388262575762063
711454255720878507
333761218793561766
458372610239498935
476470681593032859
509281991495085534
599373118992639133
840452125796745406
427417753928010153
573863286782168873
861209271266282089
247103701453215525
775394609264724001
744594085199038973
643252069043680512
680268370919975409
613229124111705366
83947403651342177
914640673736705720
884613966172954918
166412443905525821
364756269391918163
403901594820538833
609343801152823267
476470681593032859
669516064048482217
742030112440984691
829148497699944445
722128815063936655
416675411263521862
622982343438679227
785741714892840741
134861171174830773
14661891536154387
151544583715833781
622982343438679227
367664769423171878
379894595793824989
832413136918994058
130783776062126457
710910363985012390
293090704200824812
93824029694726965
573774637323502938
13936074214522806
89407219804626341
331874998321739785
61355288853111820
386560434392991759
715199443156458321
41939510360409867
447208320036833845
799865939298997067
359070781609141764
101072201400725193
717378523682308605
711454255720878507
60573958313460825
793001374801325998
151842997163723302
134861171174830773
133598991967135195
75838304127552973
968953911699323372
546123771851201210
771276653561628643
37462871239510211
428886363340521640
881527357975338281
722128815063936655
556726884893858948
508545808562998616
333761218793561766
233008271919335638
830640344274330476
429395596530578219
793196245921470554
535098565515332304
865707784989245523
51475262221723915
459885836590689031
769679388453533382
508545808562998616
344050794162327362
981208366413770298
725406057227928121
344601677363215509
382387301212201393
547310968678530431
58160555271170281
636883078436455655
581296902931120277
410820376106466526
420715648786422819
291891262412535801
37462871239510211
620186365816863405
779697924372361503
439399479390296454
542202318411068126
761126675957963800
202367963906811815
92537681499310549
981477706486315788
192373972154733780
542202318411068126
434555549641041753
269900217074547307
666154381824347023
931314265998043557
202367963906811815
870852357827500450
298032883230061112
30701276299989439
926699490286579617
591358236121317660
424324237831636451
362879591286625349
711454255720878507
292119313729142171
889636905967271521
763155508482069969
414153658818359759
37462871239510211
73800105456545805
123424633482255242
83947403651342177
919957401507088102
659586110072374193
217689824114478706
943826471142687201
749493816220200076
176066237411755867
195224333417352979
581296902931120277
169913224192827203
73800105456545805
702220326713165759
978034143253186580
663989932182922661
452741861765434554
584407192424136640
937936866101906267
961795890608912706
986836770470149429
412781856045171595
654787581208888854
647858764841440717
110878980269850594
133728823020211055
654357624366961460
228367956142353630
832413136918994058
871266681675307176
998607853930045674
275133169251240565
833749599672041083
695786566059810131
853906940183592229
990988705525867941
775394609264724001
802244908998853585
151544583715833781
310506844358137368
816762728742160008
948899600429960198
582829599736701876
522239363624706237
587505515361094703
396433635136401499
630349853174691451
826210817800147363
116171305490460954
814337233221688194
897170069237082842
458372610239498935
680591154061163682
76592763659923828
665750335941904109
26106671045994964
747529707324718179
441600942234888486
77681892514509699
735807748530895148
380942887790585260
788413857260329992
783590614965071035
589744649357351058
909376727336613173
855100890871089102
286847273819130393
290594687397337562
809967799860513341
864882620139177569
211734751120357987
296082741506299813
654787581208888854
448810177013265432
562687917771101270
41939510360409867
132788692905961338
475598256235738366
659586110072374193
943958839928332747
796841929829534061
92537681499310549
773474575413177361
854733012280988709
211734751120357987
159276074255908511
656586109335949213
226076526922879855
493310917277440957
296200323112178446
569695061551903075
484762943977018067
654357624366961460
841153782626696658
284949980732802273
164826747836590822
12172862922574556
589744649357351058
858214571788905070
647858764841440717
916992492546214453
18337809243824540
466239643143349026
337213941799179816
488439893669979833
935913893377131182
609343801152823267
994717173593500801
919957401507088102
749493816220200076
966205630962368300
34439570239604288
810628457275827931
956071349213006479
630349853174691451
518098314183032153
252562741112954423
190195905644381646
136822995921591697
488439893669979833
491009619015803074
105083702140718061
890872403068224701
438457964333140235
639617824815495800
582888569643441118
300194131643452057
155816411413500405
83947403651342177
576585265351374382
689599607802580142
419262003583324935
674194603264531887
766642136013437735
819950987299074125
822127273186788933
294268574639041047
67411530233423016
385098868549261411
566594693671814187
226076526922879855
698351549192307972
858214571788905070
548661044102490047
339581005853332948
849982280263633198
215580979449843369
545280309369602576
154427407590742980
27814533254134341
814337233221688194
983820957183635125
425859111551105235
380942887790585260
517421448994723415
503532365469154289
873704635655275629
693312764085889967
533074120392946488
359070781609141764
180489692993826911
269900217074547307
796841929829534061
512685837077471203
878139904876318830
104672056778575960
563530855149426876
387894280761929770
791474761759156733
29007381517004698
909376727336613173
135825647358926981
385098868549261411
918578819903287703
650693487655620079
947944656584684910
602764979117430689
53532347837592212
233751914077724917
118570135664755126
862922717324304292
581296902931120277
67411530233423016
522465235366220242
877295270817695548
236690047476504900
405228943138969428
264731820159597270
967947034199216091
747998118120994388
548661044102490047
545280309369602576
268767774538394773
714267063892263058
601057809667283719
199405484358060921
804122411493152603
826210817800147363
914376890799721113
70348675250117642
416675411263521862
155816411413500405
21351053587023535
397720869678010768
431772671375591847
665750335941904109
723228030413806904
215580979449843369
30716404359051380
176917520148173663
125460754553818337
400889153983337103
230701441226739328
581296902931120277
661153376117422013
943168618378376700
99111106523877245
577490241183290936
159886106783683792
715199443156458321
315542801305628305
675402214311156175
680268370919975409
231873547858869212
175171824279025887
39471397621046272
300549291590769096
329153887739364293
794591062308521756
96564264097028608
54882318781594124
722128815063936655
698381081420340271
303158637449065155
221021710733284643
379248026105717872
656586109335949213
591611765553589289
522239363624706237
490140300896943373
870852357827500450
681541186310411144
961137844903624874
656586109335949213
681541186310411144
365555830411273365
14661891536154387
931847778836609840
802244908998853585
632697467013274670
327228197215324796
259938130590254540
730298421939672705
755566406875452489
644941425281592681
620186365816863405
638649018943542320
862922717324304292
832413136918994058
829216438634911432
855100890871089102
878139904876318830
106293632439108229
798962936195108447
674260258450581142
83947403651342177
512295893863595655
997563840499895907
21351053587023535
988350136223881831
433061087170370160
205070327958254732
70348675250117642
559791446039931441
480105410908538373
691660513059773640
937936866101906267
650693487655620079
620727930663694992
27278504033806294
869021564236127057
528416517108535618
582024998100246690
438943452486500250
133728823020211055
781959596737192640
540153098586490283
110878980269850594
529958618768675108
705603510575967900
138868282342578936
427417753928010153
485848289237325266
320644380236852012
872360535058476661
871824853432473722
524714021079600137
577694907187227310
522239363624706237
442663560342306162
632697467013274670
410820376106466526
745995557127687001
347053748517359174
192373972154733780
682658510564603878
231714281422322395
139167983615501806
331082379146022289
249881666572387982
414172492115181069
754572661580452432
114278356878688332
23382978648078417
881527357975338281
159276074255908511
28139410730032211
333761218793561766
551724196793683388
309386885877578344
986836770470149429
298032883230061112
461416227619392725
494741117366584907
972669807652817139
659586110072374193
326204535370586191
917121652212478061
434555549641041753
278483569508866657
919957401507088102
63276802780760726
988419073672306901
833749599672041083
648026564211379089
886112104721306763
966205630962368300
136822995921591697
639617824815495800
890872403068224701
909376727336613173
758289402578946986
754572661580452432
44900811374448372
974599255855659248
106293632439108229
731920717339028760
654357624366961460
73800105456545805
322810898088347831
900231117015025686
178677935327291988
524714021079600137
516632081895122976
406781448471778823
823815329678321141
67411530233423016
259938130590254540
433443030369456489
767833156580781269
215580979449843369
451856448038072332
993421483472990573
202367963906811815
928398332067946947
292119313729142171
165238739215218655
128412364178934203
675491426681336654
460573831385948515
229681183769053411
9710629001211521
104672056778575960
50783020524499565
625364286692292531
44339540280875853
774449231755063895
765578608479824911
114278356878688332
781959596737192640
382519641805811214
775394609264724001
