679363943624559814
993915501117831110
997369181509286714
398039101560862993
653834214828549037
523587503659875766
634675659404973843
844703857289375894
875808833284049110
431021686927712838
563138816182735679
151183888490213049
293656779558917043
702218388582141247
1412085653912192
167085604347055562
814506936150331213
750725975788885805
514144746694873452
284127651636644549
649930778422425993
129264961915570147
493440005910964366
126898270666484874
302368086219760799
773695807424904439
815068746449987752
964150338723008279
235587356335946437
211812178187428369
738118180972706629
993736934349488959
518703133142179233
422219813363259545
966272476393549825
131849221210776412
787487256732654123
249611668468870154
302156411729388732
733347982901789767
38326016995859019
454914514131472718
48017075499555335
692962033415648815
861627818305411817
214456578517191028
151408657160608903
164806960420985562
811595471381993042
616829864897352410
809855931488513829
660613473231455359
212804388219539638
70774548665517608
286121663390814892
427205093040248870
237198076907258764
446144214847533239
249271348269632322
612207668975857275
174343284705070369
456561538330947275
673503265610614047
54223734178755522
583809994307734532
347082312960592756
980105062271224331
899783884624981145
873277183456754706
120693559848896144
981544901707819083
398471149108301871
244472103378034886
854493992058654017
76720680108679238
375309258313178619
350999336241285439
265050900112752827
631589634667065994
998987347577007966
557531375684401358
837938397690236266
469051141264956940
507488801691200257
783199436044556037
535170035469614727
735691813978907040
492538650424604479
379799450509106357
65302712314042611
123484188237457917
853211639999895305
557531375684401358
92083058550824407
227839651095768928
904781986522585024
47303989501396927
375309258313178619
312900876050646931
639411453650339887
906198203261033247
443849455486828221
502267862459619835
82499687008638401
916286476712929262
449379963535171749
374754506705478532
560031979205697846
322847292789570238
208842892339604125
541378923668500898
131411321788435045
582710211710906136
101952769476755627
755766956931385556
604288996925350472
444244192947402818
427537586409297038
33126500176362730
596531685796044719
389649234037891490
448090069833232204
894852558016174007
963451926078722838
973566599679429771
30211377856741385
729307703340608919
452532932002184849
397685767691291138
913943628174725140
869096870321900748
532181306938205130
339230184024109530
776948976167317013
449170444215238612
434874050226743647
624350620957164942
992011720995575093
103002035331422368
224153347018198769
623928827437855590
201311429146675511
432096020971264455
159611577816113537
263803852013911626
882782836755738635
635663327442411155
837938397690236266
457903906070929073
130761881769682663
806368882283089125
862149134566720128
791795430140239682
14391457680600533
265522434992296698
221084209401888953
745823235886092279
319238061113065272
479477888217987734
623298251260040630
764875329046554106
2721882987029264
429429715722559437
710370874903307359
945517165574746807
71581159329856506
800509002115159792
623928827437855590
854493992058654017
9794080648861820
552745264172684256
721153310703549278
845329265793347402
287747963813278553
121102716845856996
946993007293681984
797865657999833351
163048695356445283
14588051042897309
302080116877454329
141634582963238208
348829385838402625
910645147216878634
458807174625568858
251070843940171576
478821574386077943
207761331708211102
751379324359208809
834788275285357787
118582773101468944
21263586356669809
700274535544370430
2823855873254495
792765616771884112
799722785240340917
273130266130618727
377422973183621542
452975409584061669
354517897502071380
299423816418509822
165012899755812428
722591891295855645
521964256460507966
441572959148558103
844129466515958301
116628626892793864
353541483352442548
935124498666351361
510292245274775339
353541483352442548
380973002921925182
627149656624544860
996365358091793199
119161207424291188
315568338267909073
155987377600907907
902979460711806759
154970017779125175
752794948242388060
610859196620400295
553635584738507503
604942674123325629
250505344741703020
673890760482498703
515177660341630319
445647439996615674
73467330970179085
121156957820595660
994169033405743905
574062896971103748
162794842964589600
532865075878761417
829473799328320811
890027689323129027
449379963535171749
410113609524973013
384526668619981920
954444029487469696
583582096664722796
120303577923807603
425406336542667087
504414207567052250
417755103766640974
348522627836605769
859353413828529042
642263104297458126
779864928619458281
504414207567052250
343100218152596575
718648516498213594
420517774531463237
23834037763330794
61960743939152460
272382001803246954
239794380722967373
856780673772176219
704056885557701751
29849850414394181
561310703432979304
977028906106088118
319512436354591018
345077978597957522
166794251659479396
733398278804994964
38619912106647332
190654208007473192
694915836042555022
508887093266784129
174091708170207124
676868522348752808
508817940576169813
14151069092962230
312135890643456823
555775049197615424
572564917532993585
808165594019458551
746902965122890285
201035244845885965
27655108484788349
790109393386737261
588434682331594437
322361471942955528
780536214889171324
892594688181922214
651910817424756296
670168163916879097
587631673274189165
773106577839008122
8619606075659846
619773118188532446
999757669709641371
643606257816735806
461849089661245066
126142813414367138
432430561481848049
318277020216542655
669282574949438597
303598671637087598
89197059788253100
641851606399559416
930304488498113651
203843115745193437
39909591854265236
691036867683160327
90145000982542573
524834556735700951
745823235886092279
596302982059867934
580367234680331096
923518424806364305
830683441358369826
853211639999895305
382351074018841708
532865075878761417
874993164924562309
370162268141138975
866935732247781168
581858332121828804
423019004311921336
408804329705734029
275195875579575273
847348116910399261
359176383994193658
454318904243735313
213302378287944288
726829029289308079
293578929660101101
887208722877814274
194385171377069891
99991198723447112
878609776302615180
837355464373833579
679363943624559814
680504332456102254
451837117422389579
498459302891258271
155614301901596548
816286443744203062
395049307154385166
626638166928219040
142192670540500954
150225755116638507
674109567344473831
833245997014991584
134372137071454578
167616861882296691
199482010966254116
164806960420985562
259278208660377195
310432459593666127
560137682962820280
221520795140585164
314914133835494991
896333371646518705
853773874659577947
331215770004016732
906781162276380418
304772116859762512
76720680108679238
836739500347291703
581920501374437583
673503265610614047
636112340094585129
221930984368365192
260616119550393597
503157110429336528
815267837261553141
217467781030849332
508407028402483395
590604935804999924
860817437272394542
950084137786470535
764875329046554106
204843170404391005
124987332070342715
573036797482374078
997219381443626567
270120928126941206
631971649984574338
782071139375506794
549615123255300990
611823971619352886
8188074157667526
876634074976978726
792296736436589983
708802427815108161
530892903807360154
562440990367165637
988393825916291962
198557883385000447
754673553789990524
450651583846439972
282967920119507642
878305340661055566
251427516004187058
841666275833854712
721651181091814073
497164839781815035
150508862883804329
850527763472474210
761749563706374706
127079900606303827
847588811049163364
840212488325300097
879209451617819070
699842140955693190
243340609769320446
657844203140058179
311724401765560163
698953556857881187
510153413903818146
479737036545460228
249418089459372305
81145298528395822
83565533116726405
402440816167318424
940080350518385486
654899810452621612
33381690024277422
264488308419871875
248732152068139326
316425716615516766
513598612444644807
682784842608858261
160618147006590364
84983355170878991
651319120920940122
206707087239956465
986820445761851388
167085604347055562
760467628818964210
809855931488513829
780536214889171324
422219813363259545
527343878882964217
906157594483434192
987244194694437542
657026603904609708
754498960083103271
318277020216542655
283157307423861249
428296775602639863
637351840358079423
250622843380637743
884292275731696448
144713027042908669
356109259263976997
689569502159978338
752519310036854854
964245431628986340
200083680239067359
923518424806364305
542358810246081934
78610247474442966
273029272768948525
900700092676680606
449530046462851415
443392705003125452
720489664970092622
808631320559961472
223083605224904780
929137694386209237
489328766085896236
14151069092962230
266509489826380974
253040413430334226
45355614173148031
101719411537548733
70268330644955272
588857966836559728
574465122909651460
175019332874957579
558953421096550834
90857857839458454
866907128400945817
921279262079679892
941656947688851274
187889078098417337
251009546773280879
630961955543835013
640359948555295803
680009766485333389
780536214889171324
399507345921963492
756565007873210856
66677493115601269
838173076833372505
833735012223169467
954456271238171159
349678775311552370
85389478467569931
909385371954500505
487719680292714489
653238467466424319
818026406248388386
100762301858960957
41780878980329246
999521946032543117
155793909550691747
458639668434029819
478682458792094164
387045258400264348
423440319755288801
434744890639099183
356411119521015448
607419970122340272
135091578838754806
454311434628138968
916093590184996215
792111224226812610
801971550326439542
798305261534659078
436413824416398655
462329420954542977
551173704490994020
828871119241355335
535722992999786303
11286971679432996
68634146492977601
336135211339870524
470203538666603990
510981860638375601
615160525004128682
105990434486364858
979805808102946294
771826762350508681
754929467657414623
591856419058501644
845936079760819248
170802178994694862
348522627836605769
221425711428284743
814506936150331213
776948976167317013
319512436354591018
828438641714338127
315556454516316673
485875268724556969
751379324359208809
73025118035300633
535275591763557580
368821227711842674
413003713832910805
268919597456309338
501468542002310843
595663464532960089
415338647003426084
354407636720843472
682784842608858261
33207228997260380
533679790843970098
845936079760819248
989408467504730418
822122556101432370
239532247382434301
729461185696656699
888388284283354680
289697705919264469
360895234122110606
329945517553926617
298872734173423275
951273420214926440
732604826155459399
240536356327295976
175995885931576684
83945900292301317
167616861882296691
919850691505797315
28649433512384539
915458997679539010
408928319783710741
509741052058197437
109950357453174656
388614598942623633
504040639435823203
575468327614030017
771826762350508681
692641260842325691
295305686497649999
778403990123353105
404137359727264913
235045184190404696
490149595596732785
55072468183887990
702531564379447198
550154611696064877
793030986339119605
331519851206470210
445204988866058561
405125927752919237
149101571805085713
174091708170207124
370931131512025063
492802074685986623
760764100116866081
906568264436146975
867056441394822048
649007507102455518
708243146271215811
405280735204779706
408365515001232699
569924011502737348
834788275285357787
411477033675219921
580367234680331096
318277020216542655
447326599334601037
954456271238171159
292258811853096302
632695548526700036
851465738494290019
97228459112990688
99778643984152909
743489350065043297
922797743370801643
277732978484892360
6582159663168130
326450151931436204
951273420214926440
589226985569858275
82499687008638401
633983164808467070
408365515001232699
269135509085548229
511218994727398071
29046877938623907
769457530247380225
75136366306463929
566469195602190337
955058743109625167
22792153358232142
251427516004187058
204026742424470318
787080986640968624
13266671342650986
689029147968229569
411224277935066833
405998902765770555
173628103542316148
319304085083526653
553410019482875585
206464361223784619
997957493104660560
985417220300891067
629845482407457610
459466379956567647
927585971287036346
743489350065043297
409394451605014448
742811089151054116
51919902019834252
735691813978907040
102325389733754593
216604564989882616
759979181588498193
205848925643903530
845001382998527515
720171479557602526
937454142042457290
809144948721609798
444450649236605271
780536214889171324
540616278397041575
966129025538458345
945884654615927866
150508862883804329
783741961166422708
811595471381993042
670983165176917169
840946620043752515
142893850115192059
959692737187984522
806175273976580689
235045184190404696
926652356552843310
93721598267900511
491432108466630580
862712049914371178
134372137071454578
260900639955287478
449549447754649852
775887743829224165
704267176657670265
15653544010831941
705238242299637534
905485496045249501
992193353480559264
280305243422063452
424476605380435590
206707087239956465
663350228174345347
530892903807360154
473434868353100102
957602458216223348
34448442814333791
728195552181813764
263119913747226412
378913423811440774
377020620370162655
927657658498004829
613899704441638241
301552873512813722
478370151679969127
186339022146080129
424539623384320369
206619735057939284
371197184647469095
115090471370898194
526581014356046949
508887093266784129
833245997014991584
698400205442711197
12481689408039890
48590215156336028
405125927752919237
702218388582141247
493847112617430312
149101571805085713
551173704490994020
967210952463330570
516395816479929667
329945517553926617
964435231770092742
731365066301361865
791105778694275600
68989031830902773
69363933793243056
154075882436435329
366207818205376997
687289318272506978
215516506043228356
206619735057939284
151302662266459443
556671706726152634
931578057134212432
39909591854265236
603840255070870937
683200054381983104
723554436387222978
104425540525233819
320017246279893532
291307968004224365
317115123449788498
918610543225838904
428776042188041006
184422673916731857
328255066382696492
624593949375534546
885582464999237181
254379467482819717
869200547052681647
350236578528117552
32427594446611786
862988501694727543
546374238420636279
437410794053020430
948331811621039319
854493992058654017
542358810246081934
397462567871818957
917091809463195719
682784842608858261
385529010118751499
580367234680331096
848464009447652006
354407636720843472
59041277360121004
241103223917647948
630318996286997587
812630966367946404
630318996286997587
492802074685986623
117109638776780780
370162268141138975
550689928049114123
458224203011123838
953627913459040080
683200054381983104
453733181440337536
452975409584061669
682409867632607546
256522343028191650
396443750168402337
93226935389189349
303917961181644681
607258566710916100
483604798606837278
115090471370898194
280452753956252324
411659241278102357
21276398471660631
423201969732852936
471538678481205263
184070856628367763
646650162975785629
737758157259434784
25313550550379039
115189121280212086
177927084032199638
431335592449846379
132952753581541875
519354949104666582
469635219610875940
616473461846862970
500069306245022683
750619066421821883
840061541828493744
255673367144589179
239794380722967373
363978536062969491
644780841468350223
750549518875517925
466470805696040274
776948976167317013
235045184190404696
480292798572750215
21263586356669809
962118681692122801
389067061804132
263529195608542170
258224465226572042
913251353428226719
591856419058501644
516996474582080193
993116934585948643
830683441358369826
386447666073384547
73305249305623226
651688283426940752
794328139617419634
939607713677398575
425286301655468087
621096965913487738
476310828424284752
632282497920201820
449724323015874182
344825162163286318
816928344839440087
109151992859371806
225959620935799114
481823259494055193
145672703017082963
47628321132038191
30211377856741385
489402912006954113
674342706414012135
794580877741043871
428119508276036947
457679092299161654
595317121828458049
781901111703040690
233941596457803047
259574003469004095
120801356331550823
454914514131472718
894929329768352619
605870055712265600
220815227849295646
989408467504730418
800605752934834332
764103984359711891
851465738494290019
265909605251386229
403454748172308817
577130765611393684
930600833250983325
981929561103867236
456427252947055487
55810253009335163
158646193392234264
508817940576169813
437856931594999658
48017075499555335
605551529541887702
468096509562726736
636886516979529299
47303989501396927
312900876050646931
52358357375890825
516122660259720337
415787484612992699
77929083564443238
839103907119727454
821102668410110311
559627266432428752
194173398330747273
912841061114160626
581124074985394584
808631320559961472
141927705483926986
707831944863470480
616473461846862970
646985608875366171
250041952576429255
994907412357266733
56056401764310017
304323709919606315
867299281495067126
227839651095768928
683615266175796170
399507345921963492
583364777899502975
398039101560862993
540028300043039372
457903906070929073
146632932275292739
303014087332941508
387582350824090481
87381450417521962
640367641283490396
589732478875077063
266733070243493763
447166720242566952
368821227711842674
208099643426476877
966729528118360752
895517012443843703
216604564989882616
312356497648946884
14342802657538783
301552873512813722
339438818641207584
354810241138485192
6582159663168130
147472411020093657
210023816785588822
112815781726934799
923518424806364305
896725553525247553
527438527311563650
635594054053146090
930600833250983325
509456644663343801
222662269020595245
541655990049531660
883248587034991155
405091325903496900
673890760482498703
549615123255300990
809661144296053489
123510317648349220
985417220300891067
667530320476781451
172475716354428942
947228208350241042
899314635994178382
608136099341334953
835654041746433753
400834823399000119
489328766085896236
148245867772347356
924844164800166713
202366142854726838
714847384065228249
752794948242388060
462059093520539938
685491583459142187
339230184024109530
890111091586988612
517254545247626323
91115255339135311
771026955657457391
401544314950774970
264935444717320396
324926783570503488
630961955543835013
480292798572750215
74169033358177193
864716930970144064
577656247525244264
598581142454865505
186995562108158442
528918938565869359
672273484022607690
348829385838402625
72866410483761592
665829387514421717
552745264172684256
608740039308202170
475823011707618333
697130245774389752
57291003968890088
122908364562094675
886192526167423564
787330940731020738
463911164232767103
664684028878049607
271261708863741451
527343878882964217
901006125978644505
692427308703900017
548661109188667531
819829003881264517
411624772772698407
561374709978763242
247173080331065564
863574503759480228
251009546773280879
326327689184525393
133076095084644891
906198203261033247
66677493115601269
671339111922646961
274214719325943448
498459302891258271
656856356925825441
203330596227773983
478483550106068361
87155006700859997
490149595596732785
586136668106388948
906781162276380418
813414524818505280
747295302181657545
445204988866058561
523420223978372761
127034364230979432
746731932474961810
731591063384296507
402714249230880034
676958899676174033
592882971568359395
348522627836605769
7334893007682561
598039994581508531
268007670848531595
127336962891578072
731803233319292094
690115583953253508
447166720242566952
424780422574813610
327032251420702543
374754506705478532
729782412979029481
278267631151569488
335745337995890685
526008847610449867
46375574445455419
496851739112452824
383678456836213991
97228459112990688
255673367144589179
184227692669476901
383212230050369252
967665161937470229
677926811482446447
86820502616381769
442442971029893863
361694968873768757
932507696068755991
54223734178755522
521532412795962361
858502284114371529
999267706296529665
181919451911329555
34995398158001394
585004821918478945
615842718413696532
26431294855459549
871313025464111871
167287739139375273
7334893007682561
175633352559117505
391991155660527306
216055173447895253
592882971568359395
554133674532655800
299423816418509822
902107666921411873
602752476716245575
313233701485827799
345618008982188062
739152361492371721
350458210772828902
436677047270879424
785771628489283196
596990222564979612
798879692298023493
155614301901596548
393604555310932590
353008837291973890
529242113355572605
839380086305541859
899314635994178382
244696794440565863
298764214021407295
363978536062969491
966129025538458345
150225755116638507
57896437956594861
601773490901209687
510713011374705222
57960718402032313
201311429146675511
150105691956723133
599062810685731787
242659774218784724
991650283318407579
812222575662815982
340821722226753423
112815781726934799
781901111703040690
521739622482327596
241103223917647948
611332490518187441
275195875579575273
707406129086250786
540158754957082536
471538678481205263
708558352134219268
468317320148080415
169284393848072015
306550390095794201
622815472683290583
153465260428395777
874440061964591425
740977411686425803
483396419118005961
62214427538364657
371857666914697106
706270919830254812
496659808795924790
809144948721609798
435279251031527709
968836746182235380
670330392614450704
670330392614450704
191819037783293884
651772532611179135
755163667809724579
136850408547447326
55072468183887990
194173398330747273
530791756534765774
299423816418509822
992688768359153721
323212081010628270
627149656624544860
236015314463688627
544469671350398038
3470917706008702
792505053632121434
405545223828450934
735691813978907040
815068746449987752
382916033825407813
594829107069082158
937950689447481413
90714544458895578
11286971679432996
834532253006550747
797751760855930564
835654041746433753
430976208223694210
674109567344473831
336691693294466458
97653947630247472
558501813686015146
970778996030800181
615842718413696532
431894858135077709
268007670848531595
329945517553926617
624669914549310904
756565007873210856
18335465713690204
334492545609132206
983175727514296854
316042723439399840
417755103766640974
437856931594999658
18897080913884659
711658090642781594
619773118188532446
560770250335770826
463914918194362508
879756457886439333
530594437808727624
8045432981350353
92083058550824407
435847424536009476
136263261064385298
607903720410901751
984358462871528750
379799450509106357
135867306345071377
456215258719279015
78445326069574577
545857708166193285
902198524312492795
632988130229665357
743829030776684020
583781100911724247
616473461846862970
831685981277968578
528918938565869359
959113255860718074
352570461916160563
825053693335599169
288300671690496566
146815711759364703
516395816479929667
881239520326972498
491241895835729611
689261457595765156
962991274426884590
966694787531702330
193283150064160528
15290462055347616
932507696068755991
185855585000805687
399776913845432838
238217209018087167
236037483040837188
415787484612992699
256789508667648771
418107848265624488
70741925337045945
282374919560717318
221425711428284743
240536356327295976
655384688004044285
335691261886363350
523420223978372761
556956579701718119
961409893158795187
817715709338014729
446640376051041771
414508707459569608
717146393789387262
168015017405747173
300615525798003950
333157267882606227
771826762350508681
420161675460217503
394475225832156288
501468542002310843
919850691505797315
845982474396598252
429286112286318358
428472329581591488
665276272526196757
773106577839008122
818033756896142429
791640083251086264
956096362051750574
43307046562561583
378150498441257509
720678791172560460
257667601380778014
954177178268214559
119939931700245917
218293130425914347
544023856182496191
805096804808599896
159538948572371815
337671843235631767
13979189980607277
27975452759862989
278827027207143783
363978536062969491
862149134566720128
70283645461961224
272844209073329962
110590952470851013
2329257736932652
873483968678625667
234050756256558119
64578711174386958
192568075700887707
462469680841962048
438682298129584661
699612594421193888
375309258313178619
687289318272506978
535722992999786303
739690050718374679
798305261534659078
329208028971891166
408928319783710741
562916450472346317
857246395542458055
750411008795701286
770471520580057579
520109100794760706
869979773850915986
457208060188792610
593325030913509607
854306433387544481
279736256225783937
760230697058966267
576571329638801175
33047030590872955
124323890337548209
134760739689872569
382713522328659506
399507345921963492
130937868983412864
34953563324378310
655652781444230827
296475898358566926
691833097647574361
776586745110965323
858022879139638051
860325372731070138
446640376051041771
24258492747802601
661438302357807551
974357568470298535
581683350789045345
212588279650756149
120693559848896144
444042497935803401
333664774390018219
173506579049952031
168010472418188139
529985976020008513
901006125978644505
104425540525233819
979805808102946294
842078865059350686
912970681095373227
578526094429545039
120801356331550823
60903607198490217
566959391237803632
888775287207985905
821891397065612574
209398147051686688
705792066865958494
977728094586030380
64181483697847132
510713011374705222
232904483732493984
98122781636666591
535722992999786303
849356924726054706
354407636720843472
443849455486828221
257667601380778014
84258762764415632
292803484147024064
803206170742720469
249006154480335671
295548452659915781
761362370669722927
533614712152567991
832795476337672354
634675659404973843
934997163523997371
560770250335770826
270120928126941206
840654716052840879
174711856620166685
910262813373082221
439479747775915730
954456271238171159
65955953415742257
260454663265882706
51896887346002906
86390962877702506
26645016941622560
544653213848351508
858878584615908057
619773118188532446
604389704833945470
561522125507152429
745355069234220808
221738770625893772
272471656193615798
87521839196383394
797751760855930564
178085009928826022
103474171004083837
855047484485381187
841376553632320150
580027490680065598
650553872196104628
428296693981048443
569676093851738687
175250162733499681
942337389984136908
277976542320454409
663350228174345347
913943628174725140
702974418166253710
482466573565598213
389649234037891490
58265278074282304
165970334167763414
85789513505253264
36485843311297649
868028520612824888
668535544019720865
231367604683982421
399776913845432838
869548468401299994
438296659975068618
585019608080105349
723554436387222978
367991691701750143
990163490131537828
599934581712867544
990435681991447292
297106648083645086
779305354170248931
774651275126226830
467722326155673105
997369181509286714
510981860638375601
230758643015346344
106999773894352442
740091260083785418
324316374967774629
625644675297426650
76235383687506074
438682298129584661
171413693365706598
317296819637629832
348378763794839993
593896419613724439
796983876349814620
583364777899502975
300080628720960000
650320253677621418
41522114510896045
603496450729450376
658899153963247436
950323359415528936
307361155446726358
983412566550118470
113713176332543642
255673367144589179
294073051089960149
947228208350241042
957102752073699055
214456578517191028
760467628818964210
599934581712867544
995333244011473071
544469671350398038
202269044925345947
97228459112990688
983012744521330667
70546830745505635
234361919579757703
908910428680919002
779305354170248931
732306439601455943
658899153963247436
494326562727373571
399776913845432838
574722805591992670
954308002774758696
684078722519700697
148365748065659698
280452753956252324
972575675922413771
301704952097369861
233609983941963243
709448819803508941
444244192947402818
214869971152989698
760230697058966267
450500498367690212
771607422439110040
691214382989924221
891340287626000243
774346471528404661
323984662760724157
475319072011533774
532298110491203895
232664528097368918
998960643919963707
570201769441916206
451585551224458333
881239520326972498
526008847610449867
179326366504937147
172599703227277819
982503709442018530
93721598267900511
360895234122110606
338289203774850511
94244135404596956
383678456836213991
108927222013047964
852278875335606341
256522343028191650
618017114609621720
731803233319292094
534065625751185211
641851606399559416
937101441029628476
436250054267785587
70344852747945193
243340609769320446
175250162733499681
692069056308197874
870536223366809726
596100035064288034
68634146492977601
295736497757492433
384526668619981920
163048695356445283
395473881723226535
11890564046261520
13617961842231237
203898501482368522
202129643785875687
183681697769876688
998648243588142323
233240974134377097
844241315366734745
33047030590872955
601773490901209687
463914918194362508
285126985336450175
918461189736802688
900833498153969850
916725118165449528
574465122909651460
113992913611338270
182146998964507904
707406129086250786
655712016706920077
234344786473247734
384704626865735922
843716901640339291
848464009447652006
915458997679539010
811349046616416036
92417779144529768
739920713470054856
570992882711965861
714088153783350757
726250119070220826
381985073428097256
684078722519700697
901595313781844198
583364777899502975
598993705991843145
724218695416419891
326327689184525393
782710153423380069
526581014356046949
594761084223808423
852278875335606341
680501849525844629
855047484485381187
214342793895934818
56120230302506750
719163263492332129
269735561560492578
180755370795120624
326327689184525393
555153542242882425
722301387618472276
918461189736802688
750805180117047974
825538322958910711
181108283160710690
387907107225087982
69589650423399140
367000133976901207
508887093266784129
163048695356445283
995333244011473071
158953815359704278
734479148598092954
219194469738792781
556798678336100159
652108028382610740
475659427542858498
980551370339410889
329945517553926617
708243146271215811
189537800391085626
166894685302312852
401133413724495488
603591246349209601
597323109398723628
695150587915871759
455231419462688302
314504670803089753
694488513287289925
239794380722967373
605368039886876580
856586015669339852
52753611239554248
264137037694668508
795304861098475181
887208722877814274
351044345358720224
951273420214926440
900311511309243783
312900876050646931
318848889201303218
55351904167823795
747295302181657545
92417779144529768
136306115124268068
533049607584921306
560507497663076591
577825542652890199
564492556160859238
786497729125971463
189297716493408709
934232526083792187
10459386301277353
375778264549272395
76235383687506074
44397439646143429
159282461335599849
183524938336018931
966674772236830426
620101623317508229
507061600255232849
835989593527907959
830779299882553319
643606257816735806
405280735204779706
179461364897399991
927585971287036346
952231578514844384
504935068574616292
785399948540789197
893741217369328799
826750720985902295
166285277780077181
835049713303671785
779864928619458281
504414207567052250
676665892218367935
97228459112990688
473769050758595452
476112429482355696
415435285038803830
770064613722433779
288692070579505529
900464083245173980
759247171032411304
156319867278575444
889835843061616492
214288421332287728
784134925679777881
779864928619458281
926174679081286272
101155374368079709
486004455896186890
718137682381900241
661098779917207758
911389262610824706
379799450509106357
488711036170130969
162729972241594792
651212719584745362
213302378287944288
793166498546089130
946728262885375238
426123886097094749
469051141264956940
975136056091856098
616764368225921
452975409584061669
205521490119994926
638559397299981075
481721438688664978
37612849267503237
536159894736486850
828194003892791025
207253627720609548
239787084939672759
981247276999602216
508407028402483395
542963520777274728
366207818205376997
108516639779229957
885116780591297831
360407962520775342
861115196639722765
744372545830197141
960745464636038268
823940870734463432
974357568470298535
763901997070225751
521414028710133932
334107437639356957
265522434992296698
397994533429386763
13503923822998052
995953389905390998
124942064456560765
242659774218784724
145401070644746110
830683441358369826
382881997244513857
390749995942459868
316964957750530698
129264961915570147
98583429375006067
281451376001086158
330982721410719915
23291297064320624
656411966950025504
440879967313569072
754198424949888798
40716136513221302
577513635198984981
948961304366726952
262034333226900042
193563577928556321
954177178268214559
8790405262552916
309202495933629403
299700571497356169
994907412357266733
393352865097414900
5564241460630323
750169718637434326
779864928619458281
875808833284049110
119565800996648632
740875225214102294
620451447261773698
755163667809724579
352825377602477516
287407705314812711
248095209151479248
477426836798987533
44397439646143429
714365955767328255
161927127933965147
355925224888807262
998960643919963707
854933691794765715
141634582963238208
649930778422425993
420517774531463237
167287739139375273
645608430401664928
645272861245867990
851814686574625130
858960404353291173
90857857839458454
129978682741124977
399776913845432838
232904483732493984
436413824416398655
855950269772434252
525087243413059526
467112959858093084
635525182773497282
682784842608858261
548214789555787126
529985976020008513
325411082721715840
492732353283002395
660613473231455359
343100218152596575
429429715722559437
107207915248531470
465864767509247173
215516506043228356
475319072011533774
547550022764002587
533049607584921306
962041181319527663
766000627636350784
257841574183086337
491432108466630580
249271348269632322
489590155820204754
307556029853212568
433939180859389689
567689577301487515
762375680483416398
946993007293681984
728824113709516002
698400205442711197
575057197664444875
583809994307734532
829872942914064754
610080966126468095
246886357080937641
772239125590479370
581683350789045345
237698212105484095
353541483352442548
670983165176917169
682133782808038794
222266798814585354
682784842608858261
185395785496905556
564492556160859238
919486927943535571
754098800135922721
826750720985902295
551493496632856802
409681936335844848
542358810246081934
288300671690496566
51919902019834252
665105604354794420
265522434992296698
153465260428395777
853595723362976718
823954467910623866
498664799118478210
712642194845519138
130213916666474538
638302725566588601
658596512537010305
443392705003125452
672273484022607690
596077762060962837
999883203707920946
539069202458730574
697439161922789890
710370874903307359
671266853197050455
444772496301052995
99276167637025097
587139670441233976
591048599067341091
578065744903266927
57291003968890088
500417801803538343
888388284283354680
14151069092962230
728824113709516002
739451920928378126
375778264549272395
739152361492371721
693647200802645394
231577340213408556
704637132453929189
167085604347055562
163561765527051819
961142148227033779
377608068399223866
655477152288912007
155987377600907907
162319599847366454
198063048065577247
46356424114513340
713799798136249157
686128779904956362
984358462871528750
783830267401653955
656683958079969344
158220237337835068
688177320157915696
980880080011328042
984358462871528750
214456578517191028
693848559749982720
977431439288161373
50763854057085951
208662423525203486
879209451617819070
78445326069574577
367000133976901207
447326599334601037
430034730692325367
925493105530049728
93721598267900511
71419192669697601
9794080648861820
2087981856081725
704871742630424240
786005583525329104
772032046630929054
446144214847533239
589950019391409514
930304488498113651
764103984359711891
13266671342650986
835218291691998089
112342199779957409
464345291943238773
163561765527051819
324926783570503488
929547297880591384
80377396914404242
442921296296129307
497164839781815035
885582464999237181
349396641983100591
274594881331371614
829454726053204604
536527869960582192
73305249305623226
527866032716027874
334058847746617546
621353205188822324
921162022266162030
539664950424001892
752794948242388060
848464009447652006
490751147992938349
472144343917849305
88968054873228273
110590952470851013
755766956931385556
334312997591000124
154970017779125175
200376551445448958
238217209018087167
619773118188532446
674616026140575701
551493496632856802
274214719325943448
405972131527966986
742027613795044339
721279362030682357
546537854935985363
561374709978763242
538024251767160071
888388284283354680
194385171377069891
380662990789819256
848464009447652006
364545141806696140
212588279650756149
824561388386667678
899783884624981145
804554851798494872
44397439646143429
89915588027249796
614210451920303436
243804191565168015
947228208350241042
195864114936255753
451910660406333381
841376553632320150
860817437272394542
535722992999786303
748084496844773965
801971550326439542
150225755116638507
269725427586632170
267143579089601929
382713522328659506
725250571268677891
153141743319199572
937268882703399377
567282295912587989
374754506705478532
692069056308197874
429286112286318358
31497024922131353
408365515001232699
586249767205941651
662787383472877187
958772949702216887
367000133976901207
548993740698145309
546374238420636279
179326366504937147
756565007873210856
439972156615051611
4073419545324989
702218388582141247
664028055696194286
931302548081793199
905652482766759072
18653985472049968
108276250742543910
928587264626488923
501468542002310843
762799039271886441
375309258313178619
869548468401299994
712688136118891842
948331811621039319
180642208870220501
942337389984136908
348714652200323477
377854602467041254
710931136096321242
501914216867482819
917829803521731604
827981900793795902
798305261534659078
299700571497356169
940386450781586440
87599870293431801
131411321788435045
260616119550393597
723310242449009476
558133242907703318
60903607198490217
652537823429654239
105599673793866771
869200547052681647
777985623720902157
802040530980285094
858960404353291173
552177654797793471
338578455279817908
537178801514381111
818026406248388386
830683441358369826
627682647173152809
482473993879182576
546374238420636279
294073051089960149
420161675460217503
913485942817663337
21263586356669809
664428631331235252
880006157098202108
898702481138767668
841067928841271233
926745496384316474
568506966184061211
500841588249821781
430286513517936421
306550390095794201
846441429264472669
705575423219285319
341961212432256583
384833414808035040
929137694386209237
263727271954335487
690742302241695836
915458997679539010
989286204230585088
258224465226572042
880894703323194344
797751760855930564
990905045085063207
239794380722967373
290525720226731769
235587356335946437
232664528097368918
860552215869110491
883883800094754000
297458953156601484
388614598942623633
29046877938623907
573219942690696425
663350228174345347
63065169264346997
712159935159549151
261083224499851599
639848560922397190
864630128055027383
495206265959405486
20274237247321703
151936473339903871
715356184261828256
354407636720843472
552018313761381564
397462567871818957
468096509562726736
894700686681427989
860552215869110491
489402912006954113
351820520907890157
72595706830036545
837692817143117327
846713579699188952
547485998871943569
331832522130938624
533614712152567991
887664801057862586
161200558749165797
694488513287289925
115090471370898194
934232526083792187
414508707459569608
902979460711806759
431189462300754889
677637664206002549
868604102936430118
353008837291973890
934232526083792187
909004325461819467
463911164232767103
991650283318407579
557531375684401358
600176083372403568
620418994572382848
17541958482251013
472144343917849305
738118180972706629
253690571886166595
481721438688664978
161200558749165797
430666090044852091
862463208983656166
157926710511889588
466470805696040274
618231576651130451
909475494161293889
347669670592510954
801340169633508343
421158095638466166
871216913446443612
701132604501159537
112815781726934799
755788815112418242
815898805384862190
237040338122673172
572926497727027241
613119725945005602
160445859036768614
880894703323194344
506015552723342524
721651181091814073
424416484987562213
495492058022427733
750169718637434326
850628288577743935
1026675544195127
694186426799727304
742200231986358288
579732243880700244
915783356418829346
268502884844063383
150582433823135158
74874685915546937
82499687008638401
115508377708813350
256522343028191650
548410918747783925
4529800262388502
198063048065577247
513251709792512947
433491137679720667
616764368225921
551778532192148963
403167898927136973
618965038158541429
221084209401888953
588166205470321411
578455267011767849
393059554955538439
44935480330348062
482466573565598213
331519851206470210
509741052058197437
672970791905812088
911298220582779203
276601335560267872
72508806267408503
818667325390925509
347294708618009737
104983232578333482
771026955657457391
239277431876291221
105599673793866771
463141182493845231
377179388379442745
953270676709691744
324926783570503488
348378763794839993
680800968659097631
595773259858704142
780871933721158442
121199391115591227
287747963813278553
429286112286318358
669144924057552796
62938597555994045
501878997245090036
252258462626354264
375742991976257255
125267867870221931
787487256732654123
245736429111522948
92646486097092081
142192670540500954
140600618431934143
748035404202592925
384526668619981920
201311429146675511
791300841520970539
474864704565181417
704056885557701751
230958875751397596
97228459112990688
594556086256436435
680800968659097631
960010591660804721
111600897236361359
930600833250983325
496979687888349404
931302548081793199
636351850635235722
496015066693060426
451020184282919711
56509177355258707
880003659439925662
569193169962882464
421392804166768640
352124843086498575
174632255178290368
820905358177821001
738554171617214897
422343706473909256
382351074018841708
772239125590479370
396735019379826118
4776001433334453
553635584738507503
986565849475121376
285354028961521870
155987377600907907
906781162276380418
974357568470298535
644498503887375349
727056683078506467
705575423219285319
515933354471753280
985997102775215883
136850408547447326
269482975494958038
138757539684921887
522639642648715387
17541958482251013
771113258490017603
74062054632485652
854306433387544481
679363943624559814
141250703089689962
471034815134446110
254987019842023940
696526384418436884
649185826392783939
554233771182984266
103002035331422368
342310067229823139
34995398158001394
307361155446726358
651688283426940752
402440816167318424
467722326155673105
596365248844484581
226327964930911180
731014123319471116
671339111922646961
924964989567339557
378762606805459433
977761573818173210
48017075499555335
738047973657335425
304323709919606315
614210451920303436
233735045069845054
401814942642170364
943880103419878740
782710153423380069
53244426734438578
415338647003426084
439972156615051611
759247171032411304
289606597427007648
282967920119507642
471318970192514392
566475825841645672
84808098226657488
528918938565869359
730754774360959955
768161080532680577
731365066301361865
23695587581790510
629677923333223278
965018635427722377
507648635414729450
545593314572895557
872106750975916138
737133940873866948
662586211670450232
318277020216542655
979229830441471488
259147647979453416
540158754957082536
907812610065817560
433817415638761851
376819334077630971
617392144629874938
884691731648029766
378747092765512206
719239333194869314
67709693513506417
417308442828236224
880389909064870643
915458997679539010
365890227260581084
250741367475692974
352147042492575856
544803429353352496
471538678481205263
45178539495132155
329945517553926617
920083804044391907
706394989708452811
101389677806621816
839380086305541859
121102716845856996
940375169867649286
736345394644670520
57046479894506732
300693104430564108
384704626865735922
826766554353672365
368821227711842674
937454142042457290
759533027577035986
86820502616381769
176837330930462478
790109393386737261
506015552723342524
239532247382434301
907635089467728473
460447952023294368
593577999026532873
405614384623993523
247297160378599080
206464361223784619
631756051697025677
453733181440337536
451910660406333381
526581014356046949
39118250337796943
807466007734955708
278827027207143783
791640083251086264
698110635142238360
795047420065046679
821102668410110311
527343878882964217
880104760008553286
938462178173786936
192790394024924783
357052614508825286
936375861795805929
440879967313569072
735691813978907040
742300811985095169
739451920928378126
603496450729450376
47628321132038191
815898805384862190
772820313134401763
221398149701491345
114513823459435360
950656945131723337
437307859470273212
254212507627003303
709991943093922248
449726093153113764
834532253006550747
618289622350031358
115090471370898194
194173398330747273
443392705003125452
550154611696064877
783199436044556037
140436773953333675
492802074685986623
538554683950715886
479477888217987734
230817026983477295
986500902954848883
348415117822286776
721153310703549278
404939403428491409
976730627748546322
961142148227033779
899519946465983539
350999336241285439
719239333194869314
420215509253722880
126254436876225152
306550390095794201
233735045069845054
264953889306300122
833735012223169467
343389544919437756
441772500113682422
992953724600444907
495755599906989072
326700247742038695
911225148476986343
695259280362717134
920083804044391907
148245867772347356
345908328109836821
70344852747945193
318810391915510347
55351904167823795
748035404202592925
135867306345071377
216065794360167079
540995970725581521
487516899493914540
448582112004507239
10716391290045638
690433742926017125
551173704490994020
506015552723342524
364721543020264291
660098829063506230
990905045085063207
339035247122937923
913943628174725140
726520924565387550
317182297964831545
156319867278575444
630961955543835013
47775224367539552
725735193265845148
27681430207602676
56509177355258707
529107471522616212
188114021595671092
495257664893981941
701724917727623432
464742533411337747
952231578514844384
258224465226572042
663350228174345347
669794583994631609
334058847746617546
540028300043039372
833735012223169467
511989186096104643
436677047270879424
413528721932220920
41780878980329246
988393825916291962
945056670553299644
954312360460902606
478370151679969127
984233190402485520
315495470359097730
48662402164711962
606186206801683199
604389704833945470
980880080011328042
260776998832863979
592882971568359395
45355614173148031
987535260698862201
696526384418436884
980105062271224331
760467628818964210
726520924565387550
317599917438666017
191616074065062316
291510500185001571
879756457886439333
818667325390925509
379869051155819520
272328338104753117
308380090032193477
650320253677621418
81313096013678700
972791411321289356
83723362467010372
483396419118005961
789485810713632272
410113609524973013
903221596124338597
882782836755738635
616473461846862970
941656947688851274
183192351664699675
986500902954848883
132952753581541875
340918369789524078
34052349170725601
303901141778394652
256825105431311423
825015091959595312
641851606399559416
386447666073384547
771026955657457391
812897564058904882
211037654213317351
690433742926017125
986500902954848883
360407962520775342
363978536062969491
153546997415869161
269437080755216659
480292798572750215
418979657920955987
564492556160859238
722591891295855645
97228459112990688
634905130174500980
211812178187428369
907635089467728473
703706372159117698
890027689323129027
121199391115591227
727897438850237795
178811551677297684
752573602992944753
491981414766515158
966129025538458345
823465683885709512
741083405435555795
959423890403157191
654263957673975880
669282574949438597
715642437450199770
169388009865475721
755963774126212778
481600396439366334
288692070579505529
447166720242566952
705575423219285319
526921451152611555
424416484987562213
219387126785830897
227226808878326120
768758376372454810
776884375775981130
612557408822799302
820285754406328340
464345291943238773
466580646552974261
850158464312803992
82277126434733673
574062896971103748
781484935275973856
132039243909534873
960010591660804721
718178216352971862
988393825916291962
101641841257435636
510153413903818146
400098659621047865
526921451152611555
727897438850237795
173628103542316148
796452074169244324
242659774218784724
753108894969808935
719487260483724082
263306898836994998
430694199792424266
863803209404772853
590163647352452872
872106750975916138
194173398330747273
721535115126459982
647072959281233978
809144948721609798
397685767691291138
237198076907258764
971331538010267140
165970334167763414
89915588027249796
178085009928826022
162729972241594792
454642311152651817
837692817143117327
693848559749982720
662586211670450232
