921694848491972213
779660237449610524
776505549068659453
604754291240511433
954101590412664366
603238013097506403
228723594230490712
269626704837789864
929765846126896761
319504491931167983
804610110834700065
69046528412104781
485279364156843826
469452145292683701
909057075842951197
581998392182505955
771086641442008655
588556460638827722
533787503122576023
652685400181694175
37412668665745076
124136230017081128
311121252903213220
282685313813907836
659202354183492816
24578290279088659
878971027707299354
777192910382433780
519239888754740601
313152285668584194
727296844145597233
520226624790094141
279822121798271804
556732452678079413
485418340612017864
855507232110754083
760780265075248409
