660579367264550211
513604825841431771
997088514343224203
95081313226308967
834764031808125910
92045967652413066
69341631283983646
6443110265835074
753253999062843740
238921752360324498
821653991160611657
107974257169114665
745954802723796920
12580972661115727
998584137226889060
210732799820713214
629522469300048536
170313947197259600
269771143558271831
416447156769302025
157090094746722
707807545082154211
225274635803413876
128482597310471803
804887549153062832
82325090684805354
668070617344102782
879367706772921503
202853591959998342
662981137316622028
706816080592496350
146485879998603731
525328706814644743
943610025519019633
615331598503201620
363914717706493023
30318563535599049
167864539069778597
47430950538871327
282950162858278998
106512050619432711
131004203215557626
676796644167132033
816669121605791464
960487710448148343
600637027042673269
41405297360620808
845543214846416168
487856240314675890
49992739513725357
274609635696325932
842780221421299250
123371083411996775
921723095178895133
533116252109631934
99780545382462525
985304002690677174
88464091418845464
561722307697932823
169154776417634598
44794735100847795
593248111163557829
786853899928216265
810687524117543662
303371491686471500
991567054182117288
954951048031332934
174492111152794116
791848978704043777
796256498881396802
727318416659016992
495587668654346710
651445299184754429
375115698170442006
78501314236877639
540391045809221829
916448258074487766
763775023464147515
996368187191086079
648185465733324964
652934179382840299
248967020067551016
140360421328053512
911894533239986379
716018103088105747
353503672445527348
285107004104477915
337985902909473777
595780607834067463
319847730725211774
771968341723351988
211745249721022445
24655206361160705
214939735566976096
65806795213043561
672028435850043784
365467130891012697
222632851898575182
833994665357006971
48552886485024638
888157605774315094
151278890180185097
683923457348337921
920734584512025913
815068549396777084
804887549153062832
479491524771489579
353755974271203035
23333951009020604
524642791807425380
350024470714193881
552619172993412999
526912263018605020
820855454447813751
863402558257806616
909827847415519269
273970684764547361
428720016806632207
461454163549669286
642862031598653870
823266577714138192
696092192483175252
928043686867434201
477067057380414781
760187403208064020
249658799740872565
641745504437687857
37993918034651336
144050595087865418
303878507361227325
13537192437098647
391858512884514698
875105356067170993
553316165322702808
183324824995168797
271476445730395721
622944061430089574
868865324969028079
576323730204110471
34947234346591511
951312503301813129
630438959087321664
974519396511636245
936775467396599945
763051384307490699
384970404747318197
86024341062339166
602620133451091645
138626252654747114
331741676239781814
244442384477676016
173058405852387246
611839909482520427
397290376217615779
405137048969879967
666900900613809491
550711223458879424
684033211715015548
302904650724990719
846123119687184414
949240124785328634
284107025806739212
434374672075236898
716018103088105747
511065074817699593
667537239849455005
723174708582258180
534680359529451488
158067052493979322
574533427261337057
885855098462999545
435462078427354523
719712375748995342
598450602890744745
350277085395200349
753455598060315518
101369375347951614
615946962922329287
360516478548443706
378436872447885948
597791259434155177
71438209605488392
523757024713784588
983639590820169367
952704637880827460
643244308019936184
204607951034878227
239160633290794344
527028522252022330
331027181092640843
637391775748846909
950092698812404360
665314480921065752
50768633757471821
538931825750345043
46097987341775165
484083379280345023
863402558257806616
855645596374459124
358018543301755927
919555318118962087
636299165923798924
699447965953515405
820315357229855738
218078001620909843
853823830979771218
831040219230907157
811537601940135641
480679680343260871
405610002238753548
47911844488861736
577875623197515885
601910902965773131
154406574986821160
606347600565618520
403138040240828688
935524543638829284
746267796163046615
775297582174631745
78176527085240188
993294994914675301
966077086364113335
54885973350296030
857372307321662350
748248743101538387
245025171945542581
549486137499266395
76180895045228539
816540784753416564
382288299471019778
111782080779642095
810687524117543662
995734491789570935
753123583043295226
429841446693287597
82919451263563110
882185651199141379
784364810067275945
229546155122148705
355304289963969005
311419033390450895
840374889767956139
323226646305656601
136503662787550284
568490166633050256
588529423752946847
856902942479171678
415640709865101896
809225176227973731
707040814730528367
914466294295791293
904073382251125286
377280962137455994
329607181632816547
608856998023767658
332740053309283183
73262173418608701
681058174184843066
992480550972180322
87765949641272214
615331598503201620
818413339031072241
757719862563897939
718287929282579557
454155446602276888
705844608079653419
523103333899154186
22179158442017217
496513211935011766
76457677551044955
739758340688595085
404540690002460749
464123119384105464
446171193711516700
215175704255153146
153923353694218354
490394888400597793
994576115130836746
553881437099430292
203151520424104413
273293608625775210
70290173883496476
161517019765982712
875673059449135091
342206744115274209
107974257169114665
975543361579555249
423997738308122272
447772360623669349
449291361054604969
822051820906228402
57959609195461278
789331374802587704
19057626830066223
242067107231789800
801086259325530465
58726629704268732
778233363020589723
374866273698285059
335868006191039940
906705550104372148
85046711947210918
47281069593234619
204160684354384082
170349210747181681
183928535048663253
387222821660086758
681521265762670627
62222745329579106
197812520849131156
30581747058352940
226543645009751966
598450602890744745
814472187948141121
104646505639052485
779479337555267905
911171254826072060
465749133415397827
425433449031299897
252183905797890852
259572269560839307
740724227844891401
649442977708711606
310133241198430639
781454781714516186
857372307321662350
494209547529465166
28393807605650919
544094429040909582
256646943936531628
873319537003109764
548992617852567414
805291725316167646
765258104061298520
206425327684709961
37056345713666131
367663165251982216
977000704273300632
26251613293187268
359615602323084759
603261977509068976
497234543905908997
608856998023767658
47911844488861736
338092766977504129
710017706138894289
664158069184081615
655925388544755850
841126376207313356
857959374963202148
476750957751752698
50642932798810184
777339299764180253
103188340145577338
582746010146063344
301234428390429950
633513953082326808
872888660744098829
587301207093465037
694129245258818469
751402227013156861
185644843599928627
45311335910512439
208761670261188962
158446169162401625
437652557215020426
534680359529451488
534185870103522526
61336523259959828
808056134639491242
97939898904088834
241304291691578026
20597517391137372
346812983479912285
277197430630756047
183984476289653601
630847904989487571
54216208148895288
163596593881417297
551648647223941379
699980890657689758
517793995872848898
165988351535372333
425433449031299897
616707094925425063
202150841064705239
537481898720193758
220578502501873928
234928879705519625
779920912906471768
120861621901623354
268479224985395960
512948748749068137
3490412664494448
783059920343761898
124487489789846087
594094301398809082
608722169488752105
709608734115798484
90815647127790010
362568845531555120
842113683156846020
368801257736370350
503755710398106079
862163474762532294
207903666822427982
743683714603680975
477331780591347843
181138268195737312
951520632008076274
802823334094463245
116163114729981655
328604560865783400
323226646305656601
935524543638829284
693707065248507401
33275655373658583
760701914737156374
