1545
299
6673
1502 659
1045 1331
277 1131
1095 884
440 1155
1240 981
1466 1210
755 1526
619 1116
879 783
161 596
942 91
615 673
673 1053
1329 742
323 544
1071 1016
1099 926
733 329
320 175
1302 1500
1397 942
896 1201
71 778
1252 871
1415 564
1319 319
149 828
34 186
1487 195
501 565
1397 659
878 44
1017 939
184 23
1244 201
1131 242
722 67
560 1044
1038 696
104 407
1146 558
1295 683
573 725
657 613
1542 318
413 761
1400 734
978 528
351 540
1068 159
916 483
1052 673
1497 1066
257 190
719 391
39 617
1200 1290
1332 618
955 865
578 808
132 261
950 661
617 1519
688 349
167 1273
565 424
969 444
527 1243
624 1051
781 1033
1328 1154
46 1504
17 439
498 618
1322 273
1300 131
1347 85
791 396
514 223
1499 277
143 84
666 1228
168 752
181 1099
1109 735
924 1292
1215 158
514 1424
625 1086
475 692
1218 1205
1544 1100
851 763
9 486
1222 1271
808 996
1537 566
1206 239
1082 1278
877 365
1411 1473
429 152
491 873
1441 394
350 1367
349 1239
1304 189
1243 985
779 1110
1114 1226
1211 393
707 875
811 702
625 1431
593 1332
576 194
640 743
1446 1461
1343 902
448 1105
58 1467
418 545
385 971
394 1181
70 857
768 1403
1470 798
800 279
1318 973
1018 1214
101 338
977 171
763 991
894 1157
839 1022
1258 1387
605 1489
133 1195
1540 1340
1261 1251
562 559
43 540
253 433
314 182
523 1099
1199 1364
446 8
91 487
802 7
1326 8
79 191
839 856
706 328
1190 823
91 464
1141 699
659 419
1442 1247
777 964
1297 1060
1378 219
1221 1437
1373 1487
37 414
315 82
1390 240
430 61
327 726
7 548
439 514
862 1513
117 807
592 1506
316 37
1135 1521
1413 1045
1318 1203
1252 792
917 973
392 573
479 416
1119 41
1516 921
554 927
114 1
1025 744
1162 224
157 290
291 315
628 325
577 1285
131 1029
656 5
1306 59
1254 1466
267 1051
1341 962
665 997
1520 1428
1057 882
1165 422
765 917
532 274
280 14
1190 1214
212 286
1135 1400
700 885
582 424
218 1183
1373 1101
909 1169
827 560
385 955
246 60
568 892
1147 314
746 870
739 996
1349 979
694 431
745 485
1215 234
1393 448
980 837
782 491
566 1480
1469 1504
1111 957
118 855
687 718
965 222
183 817
1014 375
1154 515
770 240
1168 584
932 246
204 656
89 286
448 327
227 537
967 788
1115 306
945 63
276 1063
1447 882
674 122
1080 1297
1014 1418
775 771
116 1426
351 817
643 409
757 1190
1523 760
1099 1451
1013 1140
19 196
1394 150
823 1121
1195 856
806 1102
236 265
1540 1041
796 1346
645 1279
659 778
222 102
80 1042
1179 1033
1526 980
1464 105
460 1137
1372 1113
976 1474
702 786
1119 1429
1138 659
512 570
625 926
1104 1014
1097 189
1390 1
685 584
263 847
1478 1153
301 552
1170 802
1091 784
1189 1483
814 649
1317 798
835 1220
481 412
1330 98
1014 862
97 1429
1099 1135
607 426
1243 1340
1216 1236
34 428
699 883
372 1535
1313 384
1369 78
274 217
93 500
6 762
149 785
16 1522
1112 172
733 383
915 165
1318 506
390 287
44 1128
259 229
1142 430
611 665
991 1460
906 633
36 704
278 1119
1435 1422
144 174
213 45
1119 698
1369 1405
419 439
104 511
1484 1539
560 644
301 880
665 488
463 2
188 995
486 1072
842 1081
1177 475
1294 1521
420 178
1395 505
1184 1213
871 263
1062 631
562 1345
914 694
417 440
1503 1415
1350 913
1403 1442
616 371
1063 1349
407 1051
440 1437
1491 1216
269 972
1101 1148
500 34
980 129
525 17
1283 872
527 1389
1206 1185
871 110
524 340
1227 411
64 1025
965 65
623 56
308 962
925 307
226 1239
700 418
1324 349
1513 717
663 914
211 692
1109 59
796 257
1016 1016
1144 1218
508 1477
181 435
263 500
247 780
836 334
342 577
1361 1538
547 260
1241 441
1298 408
335 1003
380 599
850 427
902 153
831 551
228 375
3 764
795 300
458 609
793 680
1263 1526
1485 1337
1493 1219
12 1324
1106 57
412 1190
922 498
212 790
1257 1277
1441 969
1531 790
1341 1039
610 1183
604 1087
217 458
1061 13
316 397
654 617
740 1329
1268 372
1388 1025
1307 1473
289 172
1349 752
165 386
5 228
1085 1418
1425 423
1152 803
216 255
554 145
646 836
847 624
373 222
1450 1228
301 164
775 788
943 90
1088 1353
444 238
987 901
478 749
821 1501
979 433
1081 901
1221 54
1025 676
1275 963
1102 1431
642 873
596 1467
527 70
694 645
1238 1458
1125 80
722 1173
632 111
112 1396
172 1210
162 81
632 1015
1174 461
1280 1459
587 1004
263 1112
298 427
240 1017
669 742
433 1056
1260 630
168 114
793 1437
1014 523
381 440
712 358
212 1078
1246 382
412 1058
1492 108
1000 360
1414 297
1397 661
1076 1302
1324 939
473 1496
1246 982
829 1185
613 18
762 1329
654 1235
836 559
73 1379
27 423
63 486
281 761
287 266
12 566
600 1207
341 1463
395 1165
77 417
973 1368
1271 31
1164 348
59 970
801 318
534 327
100 1037
575 562
168 1384
598 357
1055 71
768 391
81 1156
396 540
455 972
579 1124
709 881
1320 294
400 502
1437 1162
1239 1198
1164 1350
1184 1391
1166 1351
776 1491
751 820
969 729
167 1240
685 1223
378 1198
351 881
394 892
138 241
1454 1527
1410 612
69 1527
1484 1048
1302 79
1393 1181
1187 914
1439 1498
1013 911
316 1515
772 1300
834 837
530 154
664 654
490 1527
1074 783
787 684
818 203
656 62
1153 641
865 178
1026 434
477 989
849 848
183 815
1488 542
871 293
1510 1103
104 93
573 1425
1001 518
1482 999
184 866
678 1256
436 962
567 325
842 262
29 602
1401 561
1208 1406
673 688
298 981
1432 135
1220 765
157 214
688 981
576 149
878 1296
1392 988
1452 864
650 1322
1313 1210
1077 469
1019 480
558 697
51 779
732 1155
542 1073
946 75
681 421
240 1542
754 298
700 807
220 922
1088 1143
705 717
149 1400
691 503
1491 619
1466 214
209 11
184 1177
1093 743
409 812
228 249
1523 176
766 384
516 499
1457 679
685 907
1417 641
633 398
170 610
208 217
1513 791
1114 806
282 707
134 489
1000 153
1411 778
925 1113
1325 1426
275 43
1326 54
258 218
982 772
1433 98
325 993
199 946
907 1433
1248 1384
1194 1513
1386 1230
1302 356
276 1161
1361 1263
1146 1484
818 486
1191 353
1407 353
911 612
1437 133
1240 1363
290 1529
65 872
1484 1093
1191 491
743 1349
267 1121
1144 112
967 911
1108 1239
1379 1371
572 1020
862 1162
1531 326
307 845
60 1147
1241 696
1512 637
1371 1034
665 1186
1227 984
1421 549
1404 1489
1098 107
22 635
840 518
355 170
184 1501
1099 732
1138 870
1141 719
365 94
494 1198
4 414
968 1277
794 198
1426 198
269 85
164 572
1466 1049
1488 833
923 631
1463 1007
250 267
653 523
1373 569
118 1101
1251 55
733 395
1281 928
1479 644
312 247
1032 397
795 832
866 234
1020 931
399 893
1224 1274
1150 170
64 198
591 1041
227 1373
1463 1237
287 721
157 1498
577 839
800 1250
1151 892
144 1451
1425 236
614 1207
223 1012
1202 578
13 37
619 760
410 1179
1322 1364
1176 1198
441 1273
1246 1151
557 202
69 985
1147 965
477 1075
788 964
1395 768
232 67
1220 323
662 301
1417 234
575 580
723 773
468 1468
1326 792
1023 1257
1459 1114
384 1069
1370 458
212 1301
1117 121
59 1257
605 10
1366 923
187 953
1242 452
911 236
1068 607
890 1285
405 692
1314 1493
172 735
382 9
35 1510
1344 527
33 123
571 869
131 1065
11 210
105 117
1472 195
1070 681
636 124
3 266
1413 631
841 24
1473 161
17 959
99 598
853 1018
1538 1504
833 892
1087 994
1442 543
669 828
645 339
896 862
1470 1277
1190 4
919 633
1318 1422
1184 1532
1161 925
141 361
1362 1117
168 840
392 1301
393 553
1141 1275
702 697
1401 1360
117 982
816 658
28 313
572 145
1084 1500
880 94
1305 870
1202 916
912 91
112 1117
91 1155
420 800
1078 914
505 329
397 935
817 1260
833 1087
1487 1227
1455 2
1035 471
1278 986
940 137
167 731
105 165
153 483
704 444
1188 924
1408 1213
973 528
828 76
943 61
408 871
682 987
455 660
169 924
584 152
1034 650
1233 1065
939 187
603 1203
836 974
1328 1372
1504 1005
1108 571
1465 429
184 512
393 203
265 1306
1103 167
1406 1094
391 1506
1061 909
906 50
423 200
1205 109
838 665
1087 1156
81 1296
1008 1158
284 715
996 552
126 1476
371 1376
355 492
1071 1114
690 355
689 434
371 449
784 197
808 51
1219 1058
1014 171
1281 671
1141 846
1469 1435
235 158
1417 1132
727 1011
985 257
129 53
1106 470
716 864
1201 488
275 1316
734 236
385 59
68 728
1501 1358
416 185
1010 772
755 1135
183 293
626 1290
1457 136
685 1293
160 455
494 280
312 382
337 3
1487 986
479 1257
1405 505
190 10
143 546
560 964
146 704
511 106
884 846
330 188
337 330
1080 1498
769 1007
1443 92
832 21
154 1506
982 1481
452 948
771 846
717 1513
894 16
807 1243
369 1486
300 44
38 290
779 84
1374 164
679 468
963 135
1388 1021
127 1336
1334 622
355 892
377 550
1362 1209
635 512
570 972
343 1231
882 369
399 643
481 1420
1192 463
1307 1097
676 763
647 1160
1005 713
956 369
1530 421
230 790
298 739
1177 227
699 139
441 1468
530 1270
961 482
74 572
1216 1373
1521 1157
250 1383
123 295
1404 440
314 375
263 1349
272 925
49 733
645 965
147 526
1523 827
526 1199
702 173
208 1260
1434 1294
1267 1135
651 980
338 100
47 1226
98 857
243 1120
709 1188
1264 948
851 414
1499 802
798 878
640 489
732 1103
1286 1041
1041 1281
1128 1272
1052 1437
1243 56
673 190
1292 1197
1237 901
645 648
1408 1132
601 1531
781 1257
1271 859
119 1268
1508 483
982 552
100 958
587 490
217 199
50 843
1457 177
599 827
1406 1176
967 1537
670 1014
706 569
644 302
1414 289
4 602
691 122
1520 350
992 1417
1174 160
1003 579
1371 667
291 581
1475 522
160 227
485 229
306 994
924 310
1522 1472
1101 411
134 942
1238 1301
641 1454
40 779
311 225
972 169
993 1322
327 1031
666 1371
437 64
919 884
1277 299
1279 618
191 212
765 3
1093 499
474 199
554 1272
1474 663
23 580
296 870
445 1128
333 638
156 33
194 662
144 807
1075 1152
641 1074
737 1064
86 611
135 1155
15 204
149 1420
596 246
492 298
1129 1202
1171 1240
1163 773
64 430
262 330
762 912
380 466
353 1488
201 1127
802 848
581 1520
1428 241
1167 57
1214 1179
1376 1213
350 863
726 1502
1127 432
1125 1079
1348 1305
608 908
1173 1174
255 1510
868 1320
1164 720
785 1417
1040 799
366 1288
1473 1130
1366 95
677 109
462 486
999 1054
171 989
1501 992
1519 1068
170 248
659 1242
1083 805
169 1124
891 898
811 1111
471 1531
1295 1336
187 54
484 807
893 1221
1081 645
973 954
329 1331
1002 22
741 1507
638 857
1298 275
840 1273
679 456
789 759
109 1294
1011 1434
317 1370
1241 1026
1153 528
827 244
171 1521
26 31
1542 276
942 860
650 1403
1152 1316
136 955
804 769
1340 1235
243 316
1178 1262
578 1441
987 1178
674 912
708 152
965 209
839 1045
539 1355
218 274
8 1512
1193 22
1261 763
1514 1062
356 1053
596 467
927 1100
1528 953
1209 534
947 843
1091 713
179 706
815 691
879 1112
688 1082
602 549
1150 972
90 77
1164 596
867 1074
241 84
59 415
650 363
849 1019
890 221
1150 1312
725 724
96 1027
702 1009
1338 307
1130 463
909 409
256 274
607 149
1116 268
1383 1512
820 94
971 579
382 428
1199 1495
1055 73
1135 789
867 1244
185 648
275 48
1148 518
1380 673
726 1338
465 857
1397 326
930 149
115 728
1069 1380
147 1387
374 962
1048 487
315 119
79 618
1049 724
351 875
131 606
439 1216
1067 616
247 154
1131 78
942 1194
1449 1170
113 957
1259 555
368 418
890 1275
466 1359
1510 1355
900 418
47 809
414 1395
1133 856
1461 1530
1128 997
950 368
498 227
1374 903
1025 354
481 1495
692 1041
939 965
968 889
1014 750
256 862
404 1232
1308 32
749 593
326 617
1295 1288
20 744
58 733
1323 1453
55 673
1099 652
202 627
1381 934
946 864
1076 174
409 772
753 645
1446 1136
1134 933
529 498
831 746
923 735
1191 1544
725 98
121 634
1306 872
339 1252
1384 534
206 248
279 123
130 1240
461 627
109 246
435 734
764 1192
1051 965
1167 980
835 294
467 841
1275 1122
1456 96
829 844
1389 477
480 1155
1327 214
1362 423
185 1241
960 1088
155 739
821 1290
1119 528
250 146
1117 682
1385 1238
934 1427
51 178
591 900
6 279
1168 98
441 614
50 1513
919 4
727 103
281 189
772 870
633 826
1106 1128
1221 638
997 1455
340 846
162 1005
909 382
301 697
881 437
916 473
356 796
622 1140
393 506
138 1468
463 607
472 671
83 231
615 44
1167 452
1372 1421
1088 211
780 509
91 687
1335 392
1251 924
1266 412
53 705
356 699
1348 982
1249 1470
1455 1498
1313 565
1523 343
1423 356
963 291
142 1103
1189 1056
300 1148
1261 1040
1391 425
1034 669
1257 485
323 1295
628 964
1365 682
1025 1064
47 614
1525 963
1175 199
1426 270
586 679
1004 1221
1158 1191
372 773
870 72
1003 57
1250 1171
217 421
1231 257
1053 544
1342 1139
69 1295
516 543
249 807
569 682
1289 1015
381 1531
925 896
1355 459
110 859
799 625
1460 268
737 1072
979 1232
1328 1072
79 109
1159 165
66 1117
1130 531
375 276
264 1158
913 191
798 273
1016 393
569 1249
489 718
1330 1044
1357 1018
355 1327
1181 1086
965 696
401 734
727 920
897 1262
450 421
904 1371
1407 670
734 787
955 522
218 1085
831 1111
1236 296
1467 1418
47 1184
269 44
1358 397
422 998
591 152
1027 686
278 563
1481 1451
1340 960
1466 1225
310 663
273 1239
335 623
326 662
960 564
1158 781
351 1138
1421 810
679 11
1494 68
526 1505
928 1480
846 102
1524 28
617 548
1287 388
246 1455
1448 1315
650 1291
1368 386
709 431
297 1259
212 482
950 945
955 1110
1275 970
179 553
159 1079
10 949
940 362
791 1013
1277 1495
587 260
899 391
1240 623
967 1017
907 1104
1250 102
1375 1032
1201 1516
836 20
1160 1131
1017 841
988 1375
137 567
1235 1515
1051 1231
271 293
933 855
1230 654
470 820
880 163
265 158
242 1240
1533 799
1239 898
728 737
487 331
90 811
361 767
319 99
782 755
1317 764
88 124
204 955
361 954
1049 805
1433 856
759 815
1010 1478
587 1319
578 1116
1287 1540
98 270
397 1294
1470 948
1358 1009
400 1286
185 541
1461 352
592 383
1018 772
1189 915
1030 717
1366 344
323 991
1003 168
227 1054
610 615
106 1143
380 1404
1154 1367
116 366
197 1332
450 1327
268 469
616 916
1130 1457
509 1486
1123 1498
1444 970
602 622
667 251
1017 521
1463 452
805 981
1183 611
115 689
337 558
1255 457
1270 922
338 1159
1317 269
1414 807
1487 1036
782 1438
156 689
546 1120
1512 106
861 916
619 61
1437 1351
490 661
265 119
1013 1253
1488 420
1132 1082
1097 1195
598 1443
303 922
645 21
141 84
169 1309
398 1043
843 219
1363 264
786 5
619 1459
382 437
1003 623
812 1290
704 779
188 398
659 616
1085 1436
559 1266
1367 937
598 149
820 228
615 214
305 296
115 630
527 249
949 231
522 1448
523 774
1387 80
285 27
15 414
992 859
986 223
1251 1117
710 1028
606 1086
1252 943
1366 291
1035 498
333 1071
1532 1353
84 25
1108 361
1493 560
489 174
1258 274
965 565
1057 1329
1234 270
114 1487
1226 446
1530 945
386 617
230 832
793 240
1455 1369
859 318
533 1283
38 1300
1514 554
256 132
162 1521
1481 150
858 270
474 554
1175 358
397 1142
395 0
1253 1162
1318 926
209 1261
1451 15
624 76
1515 165
739 603
537 604
77 498
818 763
1335 435
959 1237
577 84
245 261
282 496
717 1013
33 1264
657 729
693 1368
1485 1230
289 181
1010 110
56 1301
680 224
1439 297
898 119
225 1302
1311 838
1324 101
77 360
140 54
1350 132
1509 1165
719 490
131 1366
1093 742
14 521
831 1054
1335 323
1415 151
1322 999
1241 392
470 431
134 281
532 251
583 1321
1060 1333
510 512
986 171
724 1280
713 1457
1518 481
325 1230
534 1492
696 947
1288 785
495 473
1262 541
1428 1403
1043 758
104 180
1503 459
1296 1304
468 1383
191 355
1275 1337
1108 1345
1308 261
258 1504
1149 1090
1082 488
677 1400
1085 944
1471 441
1083 98
975 1053
881 151
1021 888
1314 398
1334 140
1345 950
46 770
1284 545
1167 1248
447 742
1399 679
712 605
2 713
1257 776
1526 648
245 487
1246 821
1456 637
326 986
522 952
1174 674
610 1198
916 410
954 1016
789 967
68 351
1527 571
303 533
1443 1339
1267 471
1003 739
108 1325
1440 797
926 524
614 521
1393 812
1502 111
1494 399
1234 830
257 1359
1448 1373
505 75
800 530
745 993
828 987
701 1426
594 139
98 725
185 1461
399 368
594 1340
294 1359
1009 364
762 625
19 1472
1522 1087
1536 835
41 1163
950 986
301 318
301 1155
1521 972
1325 1078
612 165
1318 740
1461 83
1009 1490
147 386
125 273
262 1208
31 1325
1245 1482
797 419
197 908
701 1472
81 760
319 619
1003 796
1300 1018
686 389
1298 517
970 736
1430 201
228 592
251 621
1185 1139
979 709
164 1333
422 855
171 802
316 1469
947 118
1193 1441
458 1018
459 52
666 1157
860 866
900 101
275 125
1483 35
1427 792
1200 1356
616 421
1018 115
526 34
1297 799
488 788
1445 114
687 1495
17 1525
464 63
150 456
1283 1027
7 15
533 1371
1204 1475
100 873
569 1310
516 207
539 700
424 867
283 1033
555 1054
207 247
963 820
1494 619
72 1514
13 1073
144 797
1342 599
29 1496
1142 639
186 996
1049 1190
1374 355
629 1343
1381 303
1321 140
1496 607
1401 471
492 524
472 1473
1270 1297
353 1015
1306 1536
371 927
60 849
1034 647
1374 1034
149 723
1448 563
777 977
590 183
934 370
1293 421
560 1418
125 978
1472 125
441 1299
1390 1076
1270 706
428 275
138 1281
487 132
1426 254
1037 103
751 205
291 1455
932 92
1109 644
420 504
101 1325
699 1435
1325 1487
174 521
903 504
988 1161
1017 1419
698 1255
19 1012
1386 1117
1196 221
880 255
907 10
1058 73
1223 1164
404 67
1247 104
1101 1537
1219 1374
1448 920
477 604
824 1391
1072 1058
706 1296
1118 1061
328 1448
12 1333
466 44
1001 1274
906 618
636 739
214 445
527 561
171 826
1539 534
572 118
569 596
1383 131
143 384
1263 889
1262 367
608 694
1211 1496
247 606
179 33
175 938
1469 642
1172 1544
170 314
300 403
223 1071
813 857
233 355
603 1025
829 1140
1186 1350
868 766
1466 1433
429 1422
213 849
724 964
596 353
726 912
1314 1203
658 682
962 171
65 177
450 354
851 1335
142 276
25 906
8 81
1117 605
1207 1542
486 263
822 1284
595 763
640 1361
970 1490
284 959
1425 1183
1439 785
252 1297
1253 1228
387 1338
25 1538
1386 1012
1059 1503
614 30
1195 1312
215 826
187 894
1041 959
989 157
1205 348
527 1323
965 768
1388 1171
678 471
324 1001
214 962
1176 498
272 153
446 79
1287 771
42 155
23 1234
964 1497
1015 760
594 489
1529 151
902 1294
1407 191
454 432
740 1297
1297 281
307 944
1480 618
1095 1542
294 848
905 614
841 1208
1479 655
828 150
1462 681
867 1207
1079 1349
783 450
1503 125
1192 303
832 1524
575 484
658 209
374 961
853 864
931 195
1263 1151
1123 1507
1416 1530
65 349
1473 882
1541 1083
573 315
1211 432
668 153
492 1208
1298 659
671 619
906 669
1082 358
1263 740
340 456
1413 1368
760 1504
475 557
292 640
1321 1495
1375 460
971 1139
1502 591
323 369
1063 1166
1208 1379
589 78
65 2
517 1233
715 361
1276 1082
641 889
1202 1040
1099 879
186 1468
751 643
92 116
558 1183
1148 1384
410 334
1446 1032
71 379
1318 1259
502 625
652 690
358 233
531 655
803 1016
1081 668
610 1122
786 304
882 181
1098 44
661 927
1231 474
1084 1482
1015 1041
1138 430
480 1464
1392 40
1003 153
1416 443
567 1052
756 1204
1330 1530
419 283
766 502
1113 252
1096 1185
921 455
552 741
902 749
799 1370
145 865
1443 1383
860 1425
1315 709
126 530
852 413
67 543
558 454
1376 291
83 1398
131 1502
224 1530
458 1503
989 267
1468 675
293 1287
242 1036
1523 1444
606 1508
326 378
111 895
1392 606
1493 706
808 641
101 1344
1264 706
921 939
46 1090
771 1295
236 1412
71 849
1111 1258
1338 1253
857 831
66 818
753 161
840 1148
1381 159
895 319
1210 739
94 902
187 556
1094 1462
1169 910
1161 1074
1505 307
1154 444
372 941
145 1048
862 232
1089 334
34 1102
564 514
908 654
653 1071
1527 1244
51 1505
1527 79
959 1532
801 1459
353 1486
1333 7
897 1199
97 391
499 529
269 810
570 1451
535 1009
650 1035
1386 394
531 622
686 14
1464 953
580 974
1245 622
437 627
192 475
13 1129
1325 37
271 288
545 199
960 416
1514 1536
1367 445
1419 1060
1162 1273
163 1332
1150 641
1231 224
1330 1046
1103 642
1455 680
288 1201
515 97
884 970
177 1286
759 1167
130 184
243 473
267 94
537 1408
1181 294
706 295
643 1066
1447 1314
348 410
959 1134
334 120
373 1038
567 1187
1230 686
1333 953
244 348
687 354
601 683
845 408
1226 225
1198 1277
545 1434
1390 1121
1306 1481
28 98
769 1081
575 1368
1429 1195
791 743
230 945
74 564
227 951
431 1318
561 1272
1188 319
403 256
1120 667
777 1407
1059 1447
48 1249
323 30
126 1003
572 717
657 198
79 25
551 1052
853 189
890 758
1444 398
921 1491
550 1445
204 718
728 1190
427 1273
968 19
553 589
328 130
251 661
1338 305
1461 78
1402 1259
918 367
839 1299
268 1507
1499 362
137 1061
580 1362
192 1475
1206 805
381 345
1208 987
1488 1494
1125 832
1046 817
249 1144
1312 1461
118 1192
1109 143
203 1054
19 1108
439 221
1218 1182
258 98
502 1204
1405 1232
297 94
64 528
1462 565
415 810
890 13
341 871
9 1485
589 172
489 1325
1342 479
448 1333
929 1420
596 107
1218 1455
562 81
85 1015
137 1078
310 1463
508 641
1401 829
33 917
423 1020
1241 1544
1031 768
272 1207
916 1406
873 933
554 1019
601 1064
1509 1338
249 1172
614 1188
1280 1112
924 899
1516 120
1379 153
1478 396
924 7
1108 1014
682 1544
178 1154
148 468
299 943
1141 1028
988 461
85 960
993 1050
822 1407
16 1063
159 650
1287 484
1413 138
386 999
1057 1019
633 689
1162 383
815 814
1145 491
1199 225
1168 1387
1539 903
1051 1005
46 18
541 1190
1539 1402
23 651
1168 215
290 1481
1407 1499
670 882
410 465
340 191
115 2
847 1370
446 33
828 1402
159 1029
43 863
1530 1177
182 803
762 1215
772 569
1395 1260
1206 1018
784 415
1123 475
147 506
92 1456
1188 582
1420 457
170 699
244 969
483 264
66 640
369 869
1441 530
1240 1462
948 393
626 1083
1399 979
442 369
225 661
1528 933
581 226
675 49
42 828
1425 499
1046 1028
733 499
1062 1258
1358 1039
193 903
1365 43
1510 1451
31 214
353 575
902 361
1019 159
1124 251
971 924
188 797
779 319
561 460
1273 767
643 1054
229 1224
607 38
1346 670
1115 621
471 1391
1021 247
199 1101
405 384
867 1332
1041 664
1009 704
116 642
728 634
1029 438
445 948
492 1458
911 62
761 351
398 368
980 1100
253 202
645 75
698 364
236 773
1043 712
836 553
1524 1426
754 225
1187 1400
472 1446
1480 269
296 526
717 1156
716 1233
459 1218
655 744
1260 354
239 202
114 15
1513 125
910 707
1302 1208
1031 1108
1457 774
1538 1209
612 387
286 1143
502 1262
347 1470
1255 178
117 863
105 122
241 823
511 381
182 439
653 1508
518 693
729 840
525 153
115 387
1306 757
368 1328
3 1251
702 938
242 222
1011 930
1352 481
1056 1485
457 1063
166 1378
99 1203
548 760
657 362
178 374
279 831
740 116
924 1442
908 12
1194 382
1391 694
459 201
934 599
834 55
283 983
552 347
1527 913
763 1045
247 1534
1012 1176
902 769
371 1208
1083 630
28 363
627 543
591 296
218 1113
184 961
1447 577
792 152
1010 1343
1400 93
8 90
157 50
1151 1346
246 678
1421 1488
559 1437
546 226
42 1540
1075 216
32 382
162 1374
716 1173
181 97
283 167
499 1191
1144 208
955 1138
827 981
618 1426
1304 363
1483 1246
497 1230
574 791
709 1529
1146 1024
1426 331
338 1253
82 946
650 771
178 227
215 498
737 944
1310 1204
210 386
90 1083
706 14
1342 1029
205 678
1090 8
199 1471
1455 37
418 6
75 699
886 824
768 974
50 510
202 1049
994 221
1113 755
1182 1108
693 199
803 401
806 1261
323 1369
1016 647
746 6
1193 1061
1512 7
1245 1342
1452 359
109 1446
605 694
1018 1325
864 494
201 93
928 641
769 359
1021 186
376 916
331 374
426 1114
1286 1173
167 652
970 894
1443 51
1029 1337
118 617
272 982
1307 169
1258 111
297 1478
156 672
253 1177
412 1073
392 1451
390 1037
321 125
1491 829
996 1060
275 261
880 669
38 351
1003 1369
734 115
473 1228
693 1240
1230 981
171 1088
1197 428
1272 469
732 487
299 1031
1201 782
692 1206
1 1521
1266 747
872 722
119 35
1145 382
1315 363
1384 1344
1262 594
1390 402
859 1523
142 1482
256 1312
156 229
567 351
954 577
339 1238
444 1462
1272 562
147 629
241 1486
1434 523
819 817
1483 859
872 411
1533 281
237 187
125 1237
842 911
1492 1025
1293 1537
235 1440
681 1302
1197 1031
1273 798
448 1115
644 348
504 1272
321 157
1239 762
733 113
915 204
982 1068
1296 882
520 397
913 755
1166 31
913 850
710 1053
1088 171
360 264
523 99
804 1069
917 1017
688 869
1080 328
22 30
162 685
972 933
84 1159
1502 885
1156 779
1220 1190
1121 935
1271 743
1468 211
1052 213
1042 718
449 1289
403 186
189 1000
22 155
1264 30
1335 509
1004 656
637 374
673 994
1474 564
368 404
1101 640
1037 250
726 830
750 1522
1076 1181
909 818
896 1386
1332 354
1541 1504
549 1287
519 1156
335 1341
1510 956
1115 305
372 1242
407 472
547 1427
1102 538
409 1013
1204 1338
154 643
402 170
1320 919
755 664
125 1188
748 1005
761 378
943 583
907 1177
1533 1309
886 382
1379 1171
253 807
14 1066
519 1412
912 1477
721 505
1454 232
287 1435
593 116
434 1327
240 939
714 141
1519 659
1481 296
184 348
746 328
739 581
1322 560
1260 1022
767 1283
36 908
1153 793
1109 700
341 363
654 762
472 236
697 1072
1338 1515
248 712
1004 959
1417 346
499 1189
730 1366
1171 465
1176 1402
122 962
508 494
496 1515
677 439
343 340
507 1419
1248 1147
557 642
1453 525
897 1428
1451 1520
1321 320
271 1102
162 212
691 706
717 1276
428 1203
554 99
760 1274
938 254
597 1406
1510 174
318 227
801 657
1437 630
1439 259
1436 1228
316 112
1017 984
223 1485
1507 891
208 1222
1291 795
631 966
715 530
968 1481
773 1299
627 1322
115 167
616 739
792 1314
1393 423
904 181
691 1292
1185 1370
1189 233
984 1214
1038 544
1454 826
1418 812
719 777
984 66
941 349
841 1341
672 609
1217 499
457 605
105 192
306 1534
1265 1150
419 1205
1107 1393
1495 725
1117 1300
488 918
1050 751
1440 1063
1046 1069
1037 887
1387 930
484 51
973 827
537 92
509 1191
1323 1157
1435 487
104 1516
548 1298
1202 1228
1323 1439
1291 929
1161 276
372 510
1191 396
1443 636
1194 966
1519 774
832 735
970 108
491 749
674 130
623 559
227 111
416 1484
290 863
1063 687
375 1195
1044 1415
1094 783
919 510
787 157
1543 1079
823 714
1351 932
318 57
1148 206
1208 1356
1127 253
25 1262
1400 263
989 136
881 1237
1479 792
961 399
542 1497
286 360
1130 852
1077 1172
241 1067
164 991
884 1314
1303 876
226 942
563 1304
1374 1016
1534 949
1271 981
1120 1009
814 697
414 1206
131 96
316 1299
40 888
1077 77
491 1210
1406 518
353 721
1134 380
714 1404
219 910
60 838
1339 1315
1162 937
915 642
1508 726
686 86
745 1061
681 1443
238 1339
576 165
685 1054
949 1093
1392 259
442 1365
198 430
1403 200
1093 1482
369 825
505 1433
1538 867
1134 1292
1459 1139
1537 420
485 523
450 999
382 816
210 1036
59 1449
1088 1127
750 758
1348 701
262 1326
1055 861
1221 1493
334 992
305 366
892 184
824 1186
563 581
505 23
1144 207
699 1180
1497 1316
1471 438
1532 869
1506 1393
1494 1457
1366 1322
1292 1468
309 473
63 689
795 729
434 1504
408 1342
941 581
814 1509
1515 303
126 780
1294 1303
759 445
1150 279
1497 1166
285 32
878 38
553 1172
280 1214
87 897
592 1340
365 33
91 702
119 461
1500 1381
1353 1171
1413 1038
1266 1346
716 10
764 740
305 233
754 1312
1267 610
1368 929
1442 486
1489 623
1208 1160
924 1062
1134 1164
1115 1304
468 1439
1531 327
229 497
1380 667
1544 386
7 1182
1491 1381
1487 1538
0 61
390 1129
468 56
301 665
1455 996
504 1178
151 117
1146 692
466 1341
284 452
6 200
338 103
746 394
1452 1112
303 460
1008 752
1056 274
1262 345
75 637
1504 1344
607 1429
843 356
851 1459
431 719
875 1102
894 91
1153 1514
425 438
982 1229
767 277
932 691
799 97
802 1462
583 277
675 166
1400 1295
428 1168
641 1399
798 106
184 716
1274 174
254 873
1434 1499
1510 49
234 560
1309 1366
212 339
903 815
78 195
666 809
526 532
1010 1522
1264 680
96 502
556 1199
1213 558
845 793
1000 1442
32 467
9 422
1283 1500
1433 1357
1369 1459
780 1529
1175 160
217 590
966 82
628 329
1457 849
633 822
1415 1053
1429 106
320 1080
1319 1197
101 603
513 1166
714 1523
264 1340
1159 1205
1386 47
259 970
388 1115
1125 462
1489 147
177 500
112 676
738 899
556 110
1070 163
1391 234
1415 379
1466 1331
670 636
764 610
60 1166
478 776
708 131
771 399
1400 779
1069 53
250 1149
34 702
761 886
645 975
499 1533
1224 1164
685 76
560 1152
558 605
972 916
809 485
331 204
264 787
998 739
1528 273
1209 1023
1223 990
836 1440
1204 1174
679 455
747 1228
282 850
1506 1219
978 1015
855 1373
1002 928
403 773
1128 279
58 507
679 1283
746 579
251 1135
666 658
1366 1238
886 855
111 1417
1217 979
571 1464
1234 982
1186 224
371 1062
1316 694
429 743
862 333
1114 620
939 349
705 1315
924 1182
219 320
437 192
537 839
513 849
479 1011
1516 1240
1393 963
1192 601
266 1286
120 87
1251 673
726 1459
458 1082
1289 776
200 1153
1163 1174
317 496
570 412
994 433
642 642
159 958
967 571
736 997
879 599
1126 1150
245 597
1141 392
659 1465
1165 1265
1192 913
930 977
312 184
195 505
205 141
827 302
1479 953
921 991
579 770
72 1009
1464 444
826 837
174 634
671 360
179 218
211 1348
176 1020
544 754
1349 641
722 418
1255 1313
163 1153
252 1190
1534 428
437 299
1507 646
1491 1271
870 1448
931 454
1003 543
552 645
1525 1394
1349 740
913 663
673 64
680 637
1419 1111
548 797
694 731
1119 918
491 1515
167 356
1174 1356
984 1466
715 830
65 54
942 566
841 825
1480 1390
709 464
922 791
112 1137
624 1437
547 356
1062 188
32 424
997 673
1038 1122
821 1324
414 55
1239 414
1504 1354
30 649
1127 1074
1470 49
142 1271
806 1219
570 239
655 196
103 431
1232 521
742 583
1153 536
258 1223
1257 462
1507 1052
1356 1030
601 725
1194 350
893 684
176 808
379 73
698 957
417 1142
1337 1523
1429 20
1365 1071
1310 1253
66 407
1330 1420
1381 1402
1132 253
1382 550
1457 771
777 952
1185 680
231 1364
1333 215
1052 1413
279 1193
1541 843
882 1284
460 175
1465 1539
480 335
137 1534
970 169
1002 746
1337 262
73 1060
50 1076
281 1459
1093 75
1356 423
599 1
460 719
605 518
1085 488
950 918
501 942
949 1167
591 844
1406 134
46 1476
81 1425
1148 1485
54 886
1370 698
199 432
248 498
1478 510
270 651
1534 1139
920 789
872 1540
1152 1121
507 1526
995 824
228 1149
1070 598
1125 1169
254 366
1459 64
723 242
215 553
1000 1534
12 1061
1156 1527
668 57
1518 920
1457 274
842 1451
639 994
486 294
1429 579
199 652
809 192
68 1495
635 1237
38 422
570 1076
888 1229
34 333
598 1402
1278 1535
388 1191
1240 838
971 179
773 1022
804 811
285 117
655 76
588 1410
1161 1513
885 646
1153 720
1445 683
139 565
239 1236
150 725
1274 1396
231 30
181 1230
750 430
947 56
216 1446
377 378
1039 605
558 948
1518 943
1373 680
1413 422
853 172
1456 1173
1513 898
502 753
78 1092
973 1413
933 49
913 976
1469 1480
509 1109
264 352
516 51
1269 1006
833 1216
538 1132
227 436
1104 1190
263 1193
572 1324
852 631
649 1294
560 1312
1036 1361
1373 1524
173 1003
1143 659
313 654
221 623
1024 1245
1348 402
442 195
631 209
749 1033
932 409
747 112
323 1532
809 840
1298 961
310 1512
491 1254
1163 1092
1067 1033
838 354
899 68
210 1325
469 539
37 335
988 897
1059 481
457 613
1011 1083
36 1462
910 1306
72 170
1488 1076
1455 187
583 41
250 1407
761 407
376 449
638 511
1075 333
658 1477
658 807
1172 273
1382 493
972 1412
460 1442
309 823
958 454
1013 201
797 1087
778 1065
1521 571
1390 262
365 1374
463 743
1027 286
247 950
97 256
1447 1313
829 186
1048 916
157 755
549 420
866 176
1091 824
1202 1120
754 1360
688 831
813 255
795 1491
191 1242
1139 965
49 982
566 253
848 841
157 1113
858 1347
1437 591
82 641
461 1342
36 17
1099 1381
485 425
44 1326
333 491
120 1013
424 1351
1061 17
1028 611
1262 1474
1297 295
1455 743
1033 1273
983 1090
1254 37
394 376
1077 1335
601 1145
1294 486
413 259
1497 1330
906 740
1178 409
1394 1282
877 415
1383 1075
1405 283
1347 207
477 1407
1026 162
370 756
1154 113
1030 392
719 1406
742 1205
98 1459
573 915
578 243
1485 542
325 391
1476 186
1121 588
172 972
819 340
415 595
658 486
15 679
1058 416
249 707
682 1123
697 1087
486 1132
603 1206
916 470
291 1121
174 139
230 1481
1414 180
901 759
971 1170
1274 1074
749 708
839 1306
117 910
1265 1173
1141 211
139 552
124 458
70 1093
1106 861
684 697
317 484
840 132
1456 160
945 561
1375 933
1542 104
1119 985
1314 937
699 34
38 259
704 1447
17 696
891 586
161 373
765 283
447 1414
628 890
1041 1050
171 1425
340 1308
194 603
46 562
1412 1417
1143 521
1053 1119
538 280
728 197
248 129
192 951
1210 478
613 551
125 1157
284 514
843 434
1043 359
929 74
581 1278
281 498
781 527
1128 563
367 60
412 757
1059 1193
418 969
495 274
203 529
42 144
560 1403
740 136
1319 1269
735 677
1451 905
604 1539
1076 832
525 1389
1488 441
342 124
190 1401
540 1179
122 459
1208 614
1056 770
520 1143
1279 516
1176 192
227 1277
906 1195
802 1253
662 1041
996 1247
1468 1134
1226 847
1239 989
658 350
235 860
32 730
1116 1184
3 504
1255 1194
328 1353
368 38
1331 972
838 725
791 54
1491 876
51 687
133 700
608 611
1247 1498
1076 195
634 1468
278 887
889 1439
1002 537
1451 740
356 427
252 1039
926 393
1084 1388
572 551
1298 480
1156 219
1052 328
1338 587
1050 1377
782 919
618 758
852 1053
364 135
905 884
27 592
1432 433
1540 1543
557 700
94 810
1273 1249
606 160
765 158
667 1391
1543 577
153 791
383 157
350 56
319 761
193 1084
568 472
1364 1530
500 109
64 9
886 1480
529 1198
1037 785
395 735
495 274
1207 1045
910 206
934 1295
1243 142
1334 1379
345 318
802 454
4 678
714 1300
1469 610
1426 630
161 570
928 592
1367 439
990 476
537 421
1305 584
508 811
842 1133
254 1294
1361 726
1225 1115
294 956
619 874
1009 1391
617 433
731 787
654 914
1464 229
923 696
960 321
1452 735
528 788
1533 719
5 558
1180 87
803 52
202 763
882 1341
51 1401
78 1485
1000 571
222 625
640 368
1415 1156
994 228
2 1274
407 495
750 280
1346 763
1081 99
1347 1088
13 54
1342 1323
1278 104
940 487
1492 469
1534 804
1357 82
1024 111
1016 861
309 215
1330 53
963 1186
1089 434
717 1321
476 1061
1436 1477
1244 334
310 353
532 331
1291 689
545 382
50 58
784 61
1457 320
1244 193
1368 326
1260 1518
717 1087
401 1179
358 922
331 989
384 563
55 1477
1229 194
1179 1070
1502 655
1492 234
1496 70
1450 617
1511 602
758 728
353 1215
786 428
55 132
1079 191
1492 306
1544 518
611 1079
1500 8
786 878
310 966
532 1209
1425 1162
1078 724
652 1542
29 1160
925 553
849 57
992 235
1378 339
578 1311
63 1013
1153 1259
1364 803
831 1121
1449 851
559 923
1052 1073
1187 1145
1124 843
939 291
125 466
369 17
1220 988
671 644
470 130
789 1533
1421 1484
600 784
725 606
516 164
116 488
1271 1435
1537 222
89 257
698 849
520 1116
622 200
479 1190
1189 524
1358 1230
1285 58
179 844
993 31
669 1104
1466 975
1439 1481
12 994
1452 610
48 62
135 1022
1324 86
1204 1506
824 580
1018 262
900 727
504 1422
131 1370
17 66
384 266
929 1122
1334 1491
176 1130
1511 1227
1078 1344
151 71
176 635
244 1488
438 1430
1196 1273
367 695
1021 1467
1219 1388
1524 1469
994 967
1470 1121
1427 1434
814 338
499 1442
1212 1293
1355 270
331 1099
1086 1096
480 390
733 377
827 697
984 308
609 440
623 104
495 248
715 967
406 843
574 649
430 404
896 1290
1100 438
876 1330
907 1254
113 1509
1488 485
655 855
1121 1115
593 1472
1041 768
1452 1192
1400 493
652 731
1226 207
915 79
668 815
688 558
1386 156
1373 1116
891 200
656 483
630 188
1252 390
1200 1052
673 636
489 56
663 784
978 533
689 963
1113 763
631 1448
1374 843
685 243
374 369
5 740
1188 1258
487 883
714 15
647 684
94 1366
1540 1140
1461 9
1131 1157
709 1181
264 309
105 1094
1290 1207
1021 226
1142 69
660 771
78 379
132 889
223 656
707 1202
1318 1312
729 61
1043 958
1155 473
321 46
1240 667
754 174
766 79
519 928
313 1184
1142 250
391 816
554 1407
854 201
1006 462
1101 745
675 713
1522 814
312 747
689 653
1310 1501
1089 660
204 182
515 1487
1533 341
1197 812
1299 1500
377 1055
391 1445
177 1249
808 1195
1143 891
1417 338
1506 570
391 366
1034 1527
1531 731
249 386
554 777
327 1536
890 720
587 614
317 1471
272 683
1469 406
1415 494
1317 305
1336 1241
1506 846
205 1349
907 242
1233 443
426 664
428 1173
1039 999
43 922
1159 1241
547 897
264 746
785 1259
1363 868
714 1001
1256 200
231 1320
1253 1340
953 1456
113 839
107 149
959 576
179 299
919 1475
1395 615
601 845
1534 561
1100 1375
1043 860
530 663
34 1179
542 756
92 802
42 277
1250 1495
1319 223
157 204
361 807
361 734
959 1467
143 834
771 13
1524 1277
137 461
1239 430
1080 849
633 1138
108 1413
863 1520
865 170
1357 499
21 925
1231 900
786 319
311 1332
1076 1029
1335 110
1012 290
419 944
1306 627
457 959
446 1381
53 1060
323 932
343 531
25 939
142 210
155 1501
650 13
396 452
673 667
363 229
9 355
1471 307
118 766
731 723
458 1044
400 1145
921 1090
117 1516
768 1234
960 753
46 958
34 1244
252 939
1319 811
853 1122
268 779
412 816
1288 672
963 65
411 1032
113 1418
66 238
427 713
152 190
355 1110
897 737
956 372
1098 643
739 334
85 1046
315 1075
1408 804
152 302
1383 1042
631 262
363 546
287 783
668 1166
29 6
65 1407
1442 730
1418 1520
521 650
100 461
1481 1321
929 1138
701 697
102 410
1304 799
962 1159
419 1403
634 530
904 631
1112 1177
1370 1412
426 1305
1031 191
823 406
169 136
1484 1279
165 1147
26 1317
140 949
1038 346
506 641
800 936
516 46
391 879
35 343
45 710
181 395
375 1304
266 1461
1026 850
274 1225
302 1448
1458 999
955 551
1306 122
472 1083
1034 334
53 118
494 916
193 5
21 1306
1399 151
381 1215
1374 279
1512 315
538 882
1055 555
1166 1211
462 500
372 1509
350 533
1271 1272
1291 619
1102 1073
838 712
371 408
1396 244
329 602
742 1472
942 862
509 1319
591 600
472 423
639 872
875 790
247 448
218 829
712 708
917 798
1002 822
138 77
1389 1540
895 575
298 634
1269 17
132 1185
816 396
660 142
898 623
1508 1530
1450 1422
474 376
702 975
1112 1502
354 653
234 1198
1444 961
871 196
512 1122
638 1519
1476 484
1530 1354
9 516
577 167
1442 1186
888 622
822 799
1456 28
1324 391
1392 898
918 1450
969 1183
721 906
964 784
944 541
864 789
321 702
408 1087
760 355
524 1234
659 857
543 1516
1015 13
1160 1037
489 566
921 295
634 835
1255 638
1042 1366
1182 1120
578 715
1261 1134
614 899
489 953
666 1354
79 1227
1044 930
328 270
24 170
453 241
681 102
1126 103
190 1378
1435 541
1308 97
806 369
375 95
211 1339
1430 740
1063 987
1311 782
38 549
322 1514
401 176
1525 872
300 1377
1092 1345
379 385
1144 1094
1502 480
1328 963
686 703
1341 1171
849 197
1240 238
1242 1291
1191 27
55 946
559 399
51 700
659 1123
362 1030
21 881
1498 1228
980 1217
208 578
1346 1419
1425 1179
203 199
1437 584
224 501
1285 739
99 1055
253 1411
1453 1448
219 338
1475 404
161 110
611 931
1051 1511
902 252
793 189
786 765
1470 770
241 287
789 836
403 93
659 276
289 965
1544 9
643 1476
540 194
501 99
259 448
378 1000
933 825
943 1211
277 512
1537 28
149 278
258 1235
1125 41
786 656
837 1223
460 1446
619 618
1462 1398
1520 513
864 1135
834 947
732 289
492 547
444 763
479 1533
1043 1096
49 573
544 1363
202 1104
643 352
1066 528
644 658
1396 1081
1463 740
347 1267
283 48
307 1045
218 1101
126 1351
2 1037
517 1099
148 1120
1 740
1137 141
1346 33
317 585
113 365
1328 835
361 689
671 1236
148 1116
115 123
284 1515
1104 814
225 66
76 269
1359 1489
221 1273
1243 638
948 1023
987 1445
143 106
1105 1439
575 980
591 1412
6 895
1342 8
287 1265
811 205
61 1185
761 1197
1304 334
992 1185
148 1423
1364 1452
429 472
279 1404
1492 378
587 981
1275 559
1323 425
732 648
993 509
1004 16
16 272
1079 369
910 746
674 546
1118 1045
587 1308
1475 557
17 1102
849 144
236 679
636 735
667 681
124 1253
1101 83
1406 369
1160 372
349 1245
937 605
969 1433
306 536
460 620
495 496
787 1488
1296 235
1163 115
390 1156
1352 289
13 624
1240 369
314 53
490 941
279 920
643 1419
520 686
1487 1309
1470 504
1035 1255
197 96
105 890
1096 340
676 389
1456 1486
688 1101
171 903
417 548
1427 9
611 948
1463 24
231 318
484 270
933 213
1135 755
1471 816
977 167
800 671
337 692
197 1369
129 677
1346 1186
678 692
1294 422
1532 1179
290 485
957 1059
781 390
1527 748
1273 289
283 322
142 326
754 1235
705 921
1272 218
1192 646
1364 457
785 740
159 16
1067 289
6 1168
1334 957
712 319
912 712
1354 777
563 1008
908 867
1313 896
1212 1159
130 33
376 183
509 1340
924 462
674 793
956 1157
152 735
680 249
1164 1488
1543 118
1122 1382
1518 1259
1165 213
960 588
672 1167
306 1287
244 653
1365 786
1017 1535
925 1312
174 287
903 253
103 700
1367 759
858 1034
145 805
52 471
3 814
772 1405
215 816
764 1440
828 801
1426 988
1344 649
1487 1421
113 912
85 787
308 1215
1246 498
1274 1147
1272 1540
587 964
1098 1531
864 617
981 1416
1398 36
198 1209
393 820
245 616
253 240
28 964
719 965
751 911
773 1078
808 673
985 440
905 675
243 448
215 121
171 493
1469 739
441 896
979 969
765 1230
818 469
1394 298
1076 1411
614 1207
1024 1261
146 374
1425 594
1085 227
290 939
902 190
910 581
115 510
218 31
221 1098
1154 846
713 1415
154 589
1096 310
1266 1487
1192 83
1227 731
1002 611
1469 1317
24 1107
1474 158
67 1539
1167 397
875 1086
770 593
945 1435
1137 686
318 360
219 1008
1325 995
388 448
649 409
1319 500
50 1380
1447 1169
620 1471
139 302
1378 1350
904 1363
1332 256
100 1270
650 735
1250 474
1217 1263
573 679
943 261
525 620
697 597
468 809
827 803
379 996
573 282
300 711
1512 567
1279 195
1507 626
648 402
923 1524
754 475
205 190
460 138
101 84
1366 391
685 104
437 1063
1449 157
208 788
1110 928
1323 1500
1097 747
1385 332
203 178
1333 474
1141 1471
1280 436
531 935
1433 1138
937 46
110 41
1403 167
670 717
327 294
807 407
186 913
697 78
59 1422
1255 1302
856 117
778 156
943 78
1009 1247
1345 1096
232 1097
554 932
456 1367
1140 1505
795 1155
1173 447
1504 393
1180 1462
588 24
733 321
335 816
386 1395
1244 1522
1195 1108
596 364
1414 1032
618 702
1057 1072
460 445
971 700
137 427
151 56
505 391
461 1313
1243 113
558 83
632 1198
1497 851
947 1386
928 412
1421 694
1144 1096
407 550
46 1050
610 652
1296 1035
172 226
301 1525
1418 1133
26 851
1393 261
317 3
218 348
1221 1325
1421 192
1168 1058
945 886
697 847
162 1479
543 456
1206 601
1303 1115
1236 195
1395 398
1041 1315
1220 204
1056 24
543 908
55 549
942 1532
1336 1124
363 1422
1224 1027
884 1067
314 487
1396 95
410 262
106 1082
1436 45
1189 791
1306 1306
796 877
533 1481
734 904
1511 247
286 651
21 1537
613 1521
1379 138
304 445
612 706
1434 204
413 363
976 1430
1061 1532
1348 843
25 1476
226 306
345 748
1268 11
237 504
297 1530
836 1379
1052 944
238 554
473 195
1485 1233
839 254
988 1538
1100 205
1038 1026
1191 418
1420 288
531 1507
363 719
1126 859
793 548
808 406
708 1484
777 933
1142 1358
815 341
1361 818
583 1302
830 1101
931 329
257 705
1035 1401
1518 1081
516 320
1316 1272
1519 800
645 466
1518 1443
263 554
415 1016
246 399
541 288
1186 1009
1055 1434
1081 1173
1443 247
937 187
1423 198
1481 1016
761 1120
1067 376
1463 1045
583 153
556 1260
1452 1037
639 407
411 1111
285 260
35 762
328 656
897 489
209 761
256 845
596 359
1312 419
267 172
1216 97
92 206
750 1433
27 1384
1524 1234
1522 732
246 1421
976 488
1298 1437
345 558
1010 287
195 211
51 552
327 1144
1223 475
759 1195
931 628
430 111
64 1318
1223 1210
583 1017
700 644
517 1368
309 619
1328 1512
519 742
614 476
496 1382
121 226
67 495
1216 1248
1385 1309
504 73
968 1178
1145 243
486 913
398 313
1220 121
726 710
491 842
4 1161
684 562
171 103
1291 1211
318 967
652 913
1136 856
1177 552
965 801
1318 1003
1146 452
788 926
1434 990
1339 1178
1174 1435
186 1291
918 1213
303 29
559 634
1072 833
1484 968
985 744
580 1135
1514 103
1208 1492
37 894
1246 443
1155 790
208 993
409 1229
1238 234
1050 838
593 12
435 1034
1251 258
1418 658
1370 537
1478 126
535 1375
57 437
438 839
1485 1183
494 203
1296 717
1009 1434
126 758
1415 1047
462 220
752 518
361 570
704 558
84 132
14 1342
888 556
704 28
54 584
608 1283
274 211
621 788
240 1282
937 96
1317 1411
736 1120
408 1450
577 280
359 11
948 1308
1490 460
342 1383
263 807
553 793
376 1401
628 751
516 1102
52 198
459 751
248 1260
1241 1121
489 0
765 92
598 1181
747 310
464 968
799 361
830 331
116 826
1241 1297
1327 1460
1258 1316
1534 1226
1263 1361
1410 121
1500 1458
898 335
1067 987
1203 213
1504 891
998 1386
29 556
381 91
1081 487
632 596
1318 678
1323 189
630 1261
1098 581
1171 1538
38 3
1124 207
312 221
1259 930
1051 46
864 492
1516 1293
1412 229
620 769
506 1541
451 1207
1163 197
1197 599
898 207
822 1112
1210 402
444 1132
254 238
130 857
1219 331
308 1328
712 28
1198 160
1340 879
415 1414
770 1511
779 868
483 217
505 940
1071 112
390 495
150 494
1317 798
1036 400
138 910
1522 245
137 625
807 108
192 509
1058 956
408 795
376 1058
517 580
90 1475
1443 604
1533 443
0 83
1156 1456
1318 807
1309 987
873 427
1413 38
255 333
84 274
477 554
202 370
867 1319
1452 268
475 301
1144 452
309 1308
969 641
1036 1103
1212 1543
1150 432
949 862
323 57
1205 735
1182 1317
698 537
828 1454
1408 1086
10 533
509 280
223 776
271 1332
806 271
1011 214
11 1196
999 734
1448 1102
696 19
818 1280
1266 91
1067 1368
276 602
364 133
1294 1348
1508 1142
1194 942
562 1140
1385 1420
245 1207
291 593
1497 386
509 1522
450 1493
1060 1338
946 544
1310 621
1381 1234
343 456
1297 457
562 951
1156 93
919 1285
593 141
1518 3
763 956
1135 1150
163 1458
1048 592
845 372
821 299
651 217
844 138
767 1062
1469 6
950 306
269 1230
852 1471
27 299
1232 810
1348 1257
939 361
632 709
813 1075
1522 357
444 837
597 1332
405 728
1083 1276
1061 621
354 960
500 58
660 1453
1267 209
1315 975
1056 1361
180 653
902 825
775 1202
548 529
111 581
448 460
486 1311
486 597
546 1544
1344 98
1305 886
211 1030
1037 1254
23 947
1383 414
317 90
225 1419
1450 1319
1163 1316
895 185
668 401
465 89
1426 854
17 979
1542 639
870 291
589 1066
177 596
337 713
1418 901
989 1059
1389 1498
1304 1050
760 1348
564 1146
522 998
863 110
609 558
672 430
1360 658
961 1466
1363 1318
735 449
1010 230
264 1210
602 1537
905 1161
1493 625
1044 491
461 1314
1224 941
1040 996
52 1399
710 672
457 728
1214 1089
992 533
1348 945
1381 298
1223 161
1063 826
752 618
1284 1026
933 1136
511 1491
234 755
1159 1469
1131 77
1111 471
1520 55
58 295
1305 487
1225 1152
451 657
339 234
1404 1269
958 1514
1329 1395
628 859
405 1457
218 891
557 978
487 1418
1134 259
1388 1190
1291 865
1384 1261
999 941
1518 384
841 379
739 850
1062 1004
1531 199
842 1175
580 1379
750 441
316 87
973 445
19 1459
1460 1543
515 1386
448 1481
257 1482
1405 769
285 623
259 1176
1434 1258
1265 1490
292 1135
1285 211
150 862
812 1506
741 1158
698 140
923 115
183 1428
1430 120
629 1287
782 310
1442 30
113 456
433 1366
1467 1320
72 1322
1053 143
1278 815
1399 1393
979 1205
1050 1231
860 798
928 1475
1430 1394
144 1452
729 398
1416 187
1442 1340
1537 1192
1151 232
1435 1190
79 1257
968 1234
204 363
498 177
28 535
610 926
749 1527
778 1283
528 139
1386 131
817 1187
401 1420
596 141
734 315
1417 719
1439 1156
1472 159
540 1502
1392 363
1221 1304
809 251
1418 262
1372 13
555 1474
395 1309
1005 1137
410 1197
585 473
301 132
1235 1169
492 1145
643 1420
620 1351
128 505
475 890
655 368
1149 1133
406 218
1064 1203
1036 1346
792 817
347 376
839 1438
1305 84
999 1380
645 501
249 1178
812 1443
1302 894
1243 1042
539 603
1210 1035
1492 543
584 679
593 563
48 526
367 252
735 1068
1463 1410
694 904
526 223
1227 94
684 1432
402 931
1298 309
767 1397
24 956
137 621
1071 804
1145 1503
805 700
73 654
1363 739
1506 1031
1376 167
224 1068
56 1445
547 1455
791 83
205 176
684 181
343 1062
1122 1006
720 1135
1163 1087
378 983
953 829
945 1511
1190 920
81 1026
636 995
587 1248
935 1475
425 444
1121 935
802 584
725 1432
110 1254
764 976
1139 657
1420 135
477 1246
487 358
229 358
372 321
147 914
587 1162
546 540
853 558
1221 159
592 107
435 453
865 532
745 1101
604 474
931 634
1275 978
56 1477
232 725
557 557
1429 847
819 8
1256 336
690 163
491 257
1372 986
615 1443
657 573
851 1015
1189 844
1330 1499
289 190
1412 94
621 954
963 824
458 827
221 499
150 1383
69 801
887 982
942 184
200 48
832 166
949 1152
602 814
1047 1209
740 992
358 1041
304 86
512 438
1273 164
1284 1381
365 1183
498 10
249 162
963 968
90 887
174 1259
972 1470
144 472
549 376
1478 1478
899 593
932 180
289 1277
297 88
913 1125
1402 100
1233 773
795 308
323 1243
1218 1317
1263 832
1035 468
1401 842
65 1312
1333 668
1 103
63 527
870 1388
566 1376
1124 9
1544 47
267 322
427 522
428 919
871 1506
1096 1322
1504 790
484 259
224 186
208 715
462 325
577 25
307 1506
698 1385
1171 979
433 1292
627 1169
337 1031
890 178
1112 584
1431 230
641 1291
1428 1212
702 1399
871 151
888 218
889 995
534 485
543 1288
617 609
1201 1029
139 1404
393 1507
1441 744
748 1295
684 1268
158 1484
761 21
1116 1335
773 994
1148 518
314 1072
1349 1294
426 529
1486 1308
185 131
648 340
635 360
700 1119
700 911
664 1487
787 102
1331 102
1219 237
596 1034
1412 1350
272 106
786 730
312 522
1476 680
1352 223
776 636
233 1149
589 1455
1006 818
1456 265
684 1060
817 1436
1061 86
623 567
973 1353
562 1246
328 863
1170 227
214 543
882 1442
172 190
67 1257
885 836
804 416
414 191
730 1528
1069 1337
978 1238
683 1397
674 423
515 1511
1536 652
1216 575
761 802
1095 108
1014 584
543 399
354 26
349 257
485 219
92 1337
1073 758
831 1315
85 487
154 401
751 62
135 24
1465 1208
933 467
697 471
1373 1113
1161 1207
870 231
1371 644
582 647
43 54
333 902
421 903
439 1165
1183 145
1201 873
17 341
445 1176
448 104
1195 264
1140 1282
729 143
188 1417
1464 1327
41 809
939 1447
620 6
221 178
529 602
956 377
148 248
484 706
1239 256
811 486
877 176
523 651
1334 1528
217 1158
25 1229
463 718
730 785
483 445
108 1169
893 1078
1024 874
1470 397
834 978
1190 1224
398 1235
1538 126
584 1493
1243 565
1444 212
54 687
624 359
432 68
859 1050
857 640
922 612
916 1233
848 113
992 425
1426 1122
505 1527
332 172
197 469
1127 403
906 1499
984 491
864 1495
35 703
154 161
89 75
37 915
675 55
1253 272
205 1513
58 64
370 557
819 665
1093 1432
621 1158
1102 1310
965 592
933 427
1313 793
859 950
365 1176
1111 855
1466 854
327 293
113 278
1218 667
275 1320
1328 426
802 1177
925 598
1540 1455
211 122
1544 62
109 1194
325 454
725 476
1012 1424
1083 1201
725 897
1222 151
1504 631
120 346
824 447
1173 1493
286 1268
666 687
1024 239
623 580
513 878
67 807
88 1231
1076 296
539 1437
979 1480
334 209
513 211
1236 465
490 650
1499 475
50 720
52 1527
209 573
1076 364
611 842
272 1165
61 994
454 506
538 985
686 1503
1241 500
213 898
1515 1458
406 1198
1455 68
599 850
555 920
1370 1459
625 1414
312 867
859 71
1126 762
1365 490
191 587
378 858
1313 826
1502 1250
341 1417
910 698
163 1188
502 1033
1318 874
209 696
1009 127
1516 1196
874 64
369 1079
646 1103
1215 117
838 1144
769 384
476 592
446 691
1057 131
918 545
618 1379
1364 1477
1461 1477
1392 154
1181 998
255 1440
324 124
118 1275
1482 846
662 687
1284 1030
1225 1458
1171 733
458 1338
334 1397
1476 370
1468 463
1072 1154
405 772
70 793
594 692
691 1114
927 205
204 353
792 701
856 1064
312 528
1079 140
941 1506
852 449
323 1314
1033 793
143 1296
1077 973
1419 912
164 428
550 1248
42 787
1079 119
827 988
1381 935
472 283
772 892
804 991
1541 1336
454 1266
680 1517
1362 1467
1449 450
756 997
537 1353
1474 118
1449 1084
325 1494
37 1470
697 1230
1387 224
1451 768
68 275
491 733
474 1511
75 257
313 333
1013 230
157 1194
1483 580
546 1480
1003 1202
282 1066
995 388
393 1393
300 480
1136 837
553 122
506 1272
1533 1539
1314 853
1532 112
388 281
1326 937
512 966
584 1188
59 415
166 704
1405 368
988 1017
679 1037
850 102
1259 8
1443 1270
590 693
217 1525
1387 1369
680 1069
435 2
1092 1082
613 1410
1447 1072
675 625
1203 863
190 743
772 1402
1045 855
497 814
489 240
630 980
901 1138
725 287
226 1127
1325 877
1236 1086
1182 760
1433 152
1209 1058
77 1268
302 957
1220 578
986 879
719 215
37 860
798 1153
522 1323
1172 1398
15 1317
57 443
133 559
1133 836
135 935
352 684
44 638
1122 1150
960 1103
56 852
1291 874
658 824
424 1488
1011 923
813 628
1080 437
540 1367
817 1229
1267 1074
54 1111
1495 1105
766 897
127 339
103 1014
562 323
461 473
1524 1399
2 1439
1292 393
349 1305
772 1217
1347 1007
42 1259
48 1382
1164 313
1083 1312
212 692
1112 166
41 390
1086 248
397 614
984 1511
80 1044
284 58
1138 502
910 1311
113 307
656 534
893 1194
1118 802
486 1270
158 1315
979 614
984 59
256 1049
732 1443
1513 556
154 793
179 269
858 649
716 1046
628 671
121 1204
1074 539
578 872
1143 341
500 616
1073 860
1134 1318
767 900
644 301
1467 585
1068 136
1532 1178
376 816
1193 1300
560 52
974 1485
376 1284
358 334
70 276
91 416
1470 913
1355 323
177 3
628 1330
565 1204
132 615
915 1532
443 8
490 1205
305 886
1495 1444
705 408
1528 890
1378 532
596 643
430 58
344 1265
390 52
54 1129
1311 1519
377 674
391 147
1040 17
82 568
1275 879
1189 1451
1498 331
146 598
1257 846
475 1099
92 828
1442 1247
1412 950
980 1309
1473 749
997 854
195 85
251 1339
1213 1075
1468 1533
553 1504
520 1166
1131 642
690 323
787 669
724 398
1248 1100
170 1155
445 1023
677 885
462 134
772 1218
1308 813
667 91
161 116
643 1071
245 690
961 1358
9 1169
1313 165
264 1520
687 561
877 413
346 1133
513 167
864 711
182 975
1130 587
543 473
1183 292
1239 25
1179 442
303 181
232 738
757 117
942 232
625 465
1220 1221
535 229
1373 46
162 334
165 415
913 968
176 224
946 1136
1114 575
906 1099
717 1283
962 287
18 640
1065 1186
52 528
1233 818
1200 21
472 1031
1168 1048
550 40
477 979
1002 1195
644 380
266 716
1452 932
1019 127
557 606
216 217
440 900
602 930
1265 1474
1503 1524
50 685
1411 1514
857 1503
233 1292
534 1516
1198 425
871 1075
1262 1050
1091 919
552 1469
967 1331
838 4
376 1404
1099 1140
1504 1417
1158 1456
150 1541
1360 1131
400 1262
1452 992
538 991
1029 514
258 679
400 214
221 883
1126 157
1405 466
268 307
1160 1008
1197 1263
329 456
139 1363
18 906
359 1042
957 1168
1205 111
546 1022
397 1387
79 581
496 634
760 411
268 105
54 209
1012 203
826 53
463 1358
1211 348
340 141
325 813
1308 1140
1237 157
588 803
589 1393
418 1013
1279 1170
1061 479
984 386
643 888
804 645
269 1300
505 1489
796 18
928 1334
339 1119
768 880
1295 1203
952 360
1189 422
778 469
489 1305
882 814
51 357
1229 562
98 1339
1244 959
965 483
1383 1522
1364 867
144 1533
970 825
690 409
943 344
1267 1100
265 509
1157 1302
1541 1519
862 699
1219 159
481 993
974 1261
1450 103
1370 1530
1371 516
361 899
875 59
1541 105
1163 1526
408 263
837 306
1243 1400
906 305
635 1488
566 639
1275 502
1270 80
1301 1101
726 741
1039 773
1428 298
231 1417
364 1061
268 901
1513 672
610 1373
230 108
593 1313
957 557
3 84
448 1350
1413 1335
733 1442
5 1209
1317 852
1121 1401
1223 674
178 258
685 1290
53 1541
1204 383
203 637
375 1079
822 676
204 1479
154 1101
282 946
364 844
1145 305
182 1171
603 984
1251 0
59 787
330 127
1406 547
1118 1443
1493 771
586 390
1355 1023
1379 690
541 5
782 1156
1152 1501
103 66
34 61
1121 1434
732 853
97 755
777 289
1387 347
241 1040
1446 1262
586 565
445 766
938 1149
1167 159
680 829
1442 573
692 1050
474 1371
959 328
845 108
500 641
24 1273
504 796
1319 88
145 163
1211 1480
350 279
866 1495
1142 845
467 1199
751 360
668 1343
0 1267
852 69
1075 122
313 1444
345 1280
1001 1475
787 15
770 1499
96 734
1536 1329
1264 1216
116 602
551 965
874 197
1395 930
21 1104
843 1136
1034 1360
302 659
753 271
623 342
1435 396
228 864
1070 424
545 1385
1456 987
273 29
725 133
672 1305
1514 69
1184 538
619 787
1265 261
1395 325
736 991
794 174
382 762
1293 1305
767 714
2 594
437 725
572 679
1252 822
910 421
1173 1375
584 1114
610 142
371 753
1003 944
386 391
814 1351
848 432
364 170
402 1146
1534 419
579 835
1467 236
15 1111
650 698
976 1187
109 1383
1136 493
601 443
1162 1241
838 225
832 117
127 1478
234 517
885 1090
594 26
560 1486
493 211
1401 1424
388 301
648 686
1379 837
375 689
567 193
898 1047
945 547
1123 1276
299 1258
1078 496
467 1349
490 1473
1262 602
1451 695
1160 213
1039 1462
1106 92
1068 12
1081 1226
158 1346
315 190
145 1479
673 283
1357 1249
1428 1316
242 210
258 1503
149 524
1047 594
976 752
51 469
935 712
292 437
542 124
311 825
1244 1275
625 144
1367 566
966 1472
1345 35
477 773
299 398
1250 829
290 854
18 942
859 929
487 1194
908 1212
226 1238
400 1190
1148 1328
962 1533
92 6
507 229
967 1290
1277 967
462 1530
1479 226
268 1178
888 105
0 661
427 683
1155 356
1432 1446
1295 583
510 629
789 681
294 820
1429 1283
951 1370
1190 1541
1118 1516
154 719
400 951
611 507
706 1367
1345 1228
1055 123
186 1367
498 1054
1387 1333
637 678
1066 255
1271 31
472 1322
1338 511
848 1339
876 135
1489 775
171 843
135 713
378 115
554 563
895 235
1387 575
277 238
974 821
261 701
209 1367
711 857
1434 1200
1039 1464
260 1482
555 56
272 706
680 693
424 391
427 1491
131 513
430 742
765 405
894 889
1026 32
517 1414
613 817
1254 836
511 1461
163 821
214 1423
1501 1274
989 739
526 633
175 18
930 1243
11 659
58 1215
272 907
283 1526
1037 905
978 1368
285 968
722 1318
1500 506
914 396
22 417
948 86
1361 314
581 1319
1343 177
171 132
1332 753
245 118
380 967
478 437
822 28
1343 403
285 791
906 97
653 1039
670 1236
551 1176
346 1127
340 343
1455 499
507 1374
403 1283
517 1252
454 616
1029 1193
561 266
983 955
1247 423
1247 927
876 477
1452 113
1051 1238
1047 974
1171 73
173 489
340 389
219 1388
1542 206
386 864
1541 742
1272 1498
315 444
314 1304
661 1429
260 1521
981 731
580 277
1286 178
1198 641
1094 1346
13 550
795 815
1396 616
514 827
485 1255
384 575
1178 347
945 279
458 1509
692 695
1199 142
1251 1328
1158 1355
563 777
717 1269
303 1460
576 1077
588 1176
177 831
583 1461
24 1435
463 1310
572 1519
452 1020
1320 1172
993 709
876 1241
1146 95
1198 278
505 861
387 6
445 1141
1543 762
1144 316
1011 1287
278 1409
773 621
832 913
634 188
523 582
851 1511
880 171
1537 1025
881 299
1413 112
204 252
899 748
1319 623
720 624
834 1319
64 497
323 699
203 293
1323 1167
937 908
414 962
1262 1118
384 106
1495 57
1416 1142
282 517
1208 1286
1008 874
341 220
557 1499
341 1236
229 1098
104 941
79 884
1111 763
1480 981
120 582
1084 439
1529 914
489 322
491 171
1013 968
411 611
1332 400
967 1295
730 1006
1357 659
604 53
1002 1089
761 1520
782 760
60 1261
5 557
724 1204
934 970
1375 805
759 904
1205 1238
321 40
77 1264
1222 615
12 945
1065 318
587 1099
33 308
1387 206
1427 1317
1429 678
759 1544
802 1315
527 312
1486 608
1284 287
1389 1304
182 999
1400 468
729 1534
1033 348
853 315
449 328
1410 1046
151 635
607 195
476 1536
1380 969
626 338
1016 404
38 482
873 81
588 564
470 1023
79 361
271 1412
576 847
1110 198
548 813
1369 578
563 935
514 1252
1490 321
172 302
1204 1416
1448 529
726 1475
547 17
1344 24
584 1497
1531 119
906 875
53 1438
42 1150
1302 1162
421 728
796 980
728 1390
1252 309
1117 347
1511 493
762 1513
707 889
622 796
1274 847
1314 494
340 615
1149 1491
462 683
533 654
1155 106
406 1477
1136 439
183 1169
263 1503
1155 227
179 685
1436 657
1072 950
50 995
1400 1541
732 152
1196 36
84 582
992 363
1475 1057
61 1360
1516 440
740 1008
1346 700
309 1102
668 1232
860 735
528 38
1417 1381
221 1247
1357 1014
588 490
100 214
117 679
989 1121
27 513
391 795
205 998
678 436
168 80
1056 921
28 441
375 440
531 496
583 143
1538 331
785 682
333 1051
237 1079
1180 1509
895 1007
1332 787
798 191
57 704
1059 1069
178 1324
435 738
172 692
1123 791
740 1449
1503 73
145 649
1199 226
224 1355
1070 100
711 1069
288 1273
181 613
18 1351
155 221
121 564
107 1324
936 25
12 772
989 1392
238 456
581 1221
1544 64
1431 1250
638 118
1539 304
704 1526
1536 356
1011 1243
171 1070
1501 1306
1035 1164
573 440
1378 259
215 446
965 1218
475 100
543 46
1086 881
1268 1140
1389 654
616 61
1154 222
1487 123
448 471
1448 1523
1125 1083
983 160
694 59
738 112
554 377
682 1433
127 452
245 251
1294 194
779 1225
233 820
85 827
1271 1476
1411 769
678 19
1322 683
1495 1373
789 147
353 673
784 1408
938 1103
266 186
1328 1022
958 649
1425 199
1330 1298
1153 432
1117 1339
1441 1478
1210 781
755 1254
642 948
1126 88
1018 809
614 745
698 460
176 381
647 673
830 1165
375 887
920 1222
496 803
253 172
34 68
1371 1108
21 1253
130 1390
146 1151
1352 1037
668 260
1117 209
355 42
135 322
436 533
397 451
218 1503
806 1424
1357 968
1090 949
972 735
365 288
407 1131
1441 662
334 1118
137 1286
851 42
832 865
827 901