75 76 31
12 49 6 15 11 32 20 16 74 33 41 75 17 39 69 0 16 14 24 47 24 51 44 16 72 26 53 59 9 23 24
8 38 67 3 59 74 39 65 11 13 71 29 28 11 15 34 20 39 65 34 59 64 39 72 71 57 60 3 72 10 34
56 41 12 12 67 35 75 22 27 33 29 6 10 16 16 35 16 3 18 0 75 43 55 72 71 44 58 71 54 4 64
24 52 37 21 34 47 58 38 47 8 49 57 2 58 32 15 8 44 12 6 60 12 47 65 5 53 26 47 15 38 51
31 57 54 54 3 2 24 35 54 28 16 8 5 53 10 47 63 10 63 17 27 67 32 15 31 70 12 42 67 18 69
50 22 61 62 39 41 0 33 57 51 22 13 20 29 29 52 14 42 4 57 15 26 18 58 23 4 58 36 22 2 24
64 26 58 1 3 35 70 63 30 25 41 37 20 13 22 6 56 36 3 70 35 71 65 67 9 29 50 5 68 41 47
20 31 56 35 48 42 23 27 25 52 45 28 31 7 39 49 63 64 42 48 48 33 5 74 36 39 5 57 23 43 52
29 6 61 55 67 74 44 1 13 75 21 55 58 66 13 17 48 14 53 21 35 27 5 1 33 45 8 74 16 8 53
47 38 71 66 36 72 68 40 43 47 12 24 32 57 53 16 24 43 7 3 15 10 71 0 3 60 11 66 53 19 46
4 17 45 65 57 16 15 28 15 14 61 43 71 1 7 27 32 38 10 38 53 35 41 49 18 37 54 58 74 33 14
6 12 64 32 71 55 16 5 52 30 24 7 3 36 32 40 59 70 60 72 39 1 56 0 24 16 4 3 18 29 65
54 68 32 9 19 48 58 22 68 8 18 16 8 54 61 45 17 48 14 8 1 36 58 41 35 49 35 24 58 28 19
15 10 47 18 58 0 25 20 53 25 45 4 56 14 15 74 60 50 69 11 9 72 6 37 0 51 19 41 45 38 13
16 13 14 41 48 45 61 73 22 58 35 34 37 29 70 20 5 47 4 67 27 51 42 8 58 38 68 42 31 39 49
10 44 57 56 72 29 45 69 2 30 24 0 51 9 74 58 37 27 11 39 37 74 29 8 15 23 37 45 21 42 11
15 75 7 29 39 20 65 38 24 11 58 25 11 54 31 31 57 56 35 57 68 33 38 13 66 16 5 20 14 7 41
42 48 75 45 36 17 1 73 22 8 64 54 36 56 35 54 53 1 36 27 16 26 21 75 43 63 27 43 41 14 72
9 63 33 74 74 25 67 52 22 3 17 23 6 58 15 14 73 68 18 28 48 49 27 34 5 74 34 63 62 26 2
72 14 50 18 40 70 0 15 62 23 17 70 12 9 33 5 31 31 26 24 65 24 74 30 48 8 5 9 2 64 60
59 62 40 71 32 33 30 19 16 4 71 18 39 14 54 8 28 58 25 37 20 72 73 35 44 49 21 34 70 32 44
24 17 31 49 4 26 45 62 14 48 75 49 4 19 18 38 8 20 61 17 9 58 39 65 74 3 67 72 48 38 34
32 72 58 35 53 74 51 58 64 64 36 69 66 74 50 58 71 22 11 7 16 54 65 20 32 38 40 5 75 21 46
1 15 41 45 21 16 70 54 75 13 27 61 67 4 47 2 69 53 26 56 2 13 69 10 49 25 66 8 4 48 59
9 43 2 13 43 70 10 24 14 44 18 59 75 74 7 66 55 75 41 63 71 19 52 68 6 29 35 46 55 74 22
18 30 6 19 50 68 39 40 36 72 4 50 55 3 2 37 14 35 33 4 73 50 32 11 44 67 34 1 22 16 26
68 20 26 18 75 65 17 32 65 32 26 45 58 11 66 38 18 23 36 2 0 20 15 69 42 21 37 15 13 54 56
52 13 1 23 24 0 38 17 45 60 60 49 67 25 72 24 67 46 42 49 59 0 71 26 61 33 14 41 37 50 23
16 51 17 69 58 51 4 42 46 1 11 53 9 13 35 22 71 17 4 7 5 31 56 64 3 23 40 27 39 6 66
74 35 37 53 47 60 40 18 28 64 36 2 10 9 50 40 41 18 40 43 30 66 9 64 50 71 49 15 43 13 72
32 57 12 44 44 12 51 34 55 26 22 60 59 6 17 24 10 69 25 12 53 26 0 68 58 11 19 23 69 0 45
26 6 65 70 18 51 15 74 74 12 32 32 35 14 27 9 28 50 8 73 35 6 6 56 23 74 44 33 36 12 57
9 8 32 27 14 51 59 38 58 24 54 65 4 46 0 47 37 4 30 6 12 67 4 1 46 48 75 47 59 47 25
3 40 7 65 13 29 64 20 56 7 15 59 59 69 12 47 54 27 8 6 28 45 8 14 59 65 14 50 72 0 35
67 21 41 52 2 73 57 23 47 72 45 63 56 3 51 37 33 75 26 32 54 48 20 55 28 45 20 56 34 20 47
1 53 16 11 30 62 10 45 55 15 5 17 55 24 61 39 63 14 39 60 28 74 59 63 31 8 34 63 18 19 54
13 10 57 49 66 39 8 2 60 61 56 63 25 36 12 28 31 22 5 32 36 64 53 28 47 36 28 33 5 49 20
44 12 6 51 50 61 31 19 49 36 19 65 66 49 63 66 56 75 70 61 63 72 73 13 16 2 61 58 63 46 58
62 33 67 33 46 32 71 51 46 54 30 51 62 24 28 19 48 26 49 8 67 35 58 51 30 49 9 3 13 23 61
61 58 37 10 60 23 59 23 34 65 1 10 71 5 45 69 8 1 17 12 18 67 53 31 30 13 17 33 3 28 60
36 58 12 44 2 18 13 36 13 8 33 40 66 30 7 63 71 23 47 55 22 50 59 22 26 37 43 67 68 58 7
72 44 7 45 51 13 2 57 33 15 19 72 74 63 62 32 39 58 14 12 50 69 71 5 32 6 67 11 4 60 49
74 73 15 33 38 17 21 34 32 22 58 37 18 46 5 53 27 33 0 29 43 28 37 4 60 36 67 43 71 9 60
20 13 68 41 69 40 52 51 3 44 8 21 33 1 28 1 39 45 32 46 34 12 59 56 18 41 74 25 40 32 11
14 69 7 60 73 66 20 73 71 39 32 30 4 73 47 62 6 14 44 60 72 17 32 38 70 74 33 72 64 10 19
41 66 43 74 22 72 35 18 71 15 25 23 7 45 61 34 74 51 19 30 48 34 31 27 45 24 39 39 46 34 71
1 20 20 27 48 42 5 38 57 63 23 56 23 40 16 11 69 51 0 2 25 60 45 54 36 42 32 52 75 30 42
37 22 51 11 55 37 75 35 17 70 5 32 19 41 11 8 65 45 51 46 75 3 65 9 74 65 67 25 72 7 65
46 57 24 69 21 20 43 32 45 69 54 5 43 39 56 24 21 2 59 23 41 19 65 38 43 70 32 35 19 18 50
18 72 15 23 47 63 70 22 65 14 48 72 31 66 2 59 56 32 41 36 56 64 20 6 16 70 18 48 37 38 55
69 45 54 59 30 30 20 5 36 51 27 54 8 6 65 52 71 66 68 36 59 20 12 64 7 7 39 2 14 67 8
65 32 53 3 46 12 57 4 32 29 28 27 71 11 56 22 19 2 44 24 58 45 40 62 37 41 36 73 41 39 18
18 25 74 16 6 46 63 64 30 36 41 58 18 0 39 67 13 54 69 75 69 17 24 27 21 10 25 28 55 1 30
28 4 41 33 11 72 28 14 61 54 72 2 22 60 68 55 0 60 25 1 49 21 66 50 61 8 20 53 33 21 54
11 67 31 18 63 56 34 59 62 8 75 59 6 13 24 6 65 18 26 31 40 9 5 38 60 59 8 4 12 9 6
73 46 72 21 42 26 39 29 60 18 58 19 74 61 60 64 8 27 1 11 13 48 42 33 72 13 0 24 48 36 23
57 0 11 13 46 14 16 9 44 20 72 62 66 4 29 16 69 1 10 36 30 10 69 44 41 64 3 42 6 54 22
41 51 70 2 37 2 60 53 38 14 26 9 15 56 19 19 42 58 0 0 22 34 41 4 21 32 41 37 45 55 57
31 37 4 22 70 6 75 8 52 53 57 49 11 37 6 47 66 42 1 53 2 1 24 19 8 25 15 59 15 9 19
11 16 63 23 35 43 2 23 13 74 18 73 47 2 69 15 26 41 56 63 63 50 56 15 73 37 66 56 11 46 44
58 57 8 35 67 71 32 23 73 26 43 57 39 38 51 38 63 20 0 72 56 56 33 69 57 62 30 20 1 50 62
6 30 58 56 39 13 52 22 38 47 35 59 45 31 35 34 71 24 6 0 0 32 75 1 42 72 22 42 4 63 12
71 2 74 2 5 6 43 68 64 23 0 43 41 19 28 41 70 35 66 44 13 37 0 3 29 35 32 29 25 15 47
37 27 37 17 7 2 70 52 13 56 0 70 45 70 17 70 43 45 18 39 62 4 18 50 57 9 39 48 61 33 19
63 19 68 36 16 15 69 38 9 8 3 35 5 37 28 0 49 30 24 62 73 69 45 23 9 61 17 16 7 64 38
41 44 57 0 11 73 33 58 4 38 74 47 29 71 6 45 8 43 23 72 59 62 22 11 22 53 74 51 22 13 23
32 33 35 43 36 28 3 14 39 44 52 10 68 9 33 57 27 15 23 49 14 31 58 65 42 21 66 63 56 49 0
67 24 48 58 73 28 58 63 53 7 41 51 72 30 14 6 20 12 30 11 63 43 44 11 30 35 5 13 39 10 43
39 17 66 65 52 0 42 25 8 62 30 56 74 22 42 57 45 28 67 44 63 50 7 23 59 69 39 58 52 2 51
44 8 33 28 29 17 4 3 72 62 60 28 7 9 49 67 16 22 52 59 55 41 42 66 1 43 14 46 66 52 67
30 49 14 69 5 34 57 63 1 32 51 40 53 32 38 50 45 22 5 69 7 18 11 14 75 11 48 10 22 74 20
32 62 71 38 33 30 62 45 59 69 35 45 29 62 30 10 44 51 54 40 36 7 49 27 50 49 19 31 24 34 44
26 43 32 56 51 14 67 65 9 58 28 22 10 50 10 68 13 12 59 52 25 49 48 21 72 41 11 10 17 7 73
42 6 49 4 49 59 65 32 53 1 44 50 34 47 51 8 66 24 58 23 6 14 63 29 48 42 41 61 26 0 47
26 72 70 57 20 0 25 36 16 25 68 9 39 64 61 20 25 42 53 62 49 11 71 41 58 3 28 9 72 28 32
2 20 41 32 3 14 25 19 14 27 17 68 3 21 24 67 50 74 65 44 28 5 71 65 71 13 59 63 35 63 47
21 42 53 15 2 19 37 12 68 53 15 73 71 25 3 47 29 41 72 28 67 59 31 56 44 29 31 17 41 26 57
70 21 69 32 52 11 26 61 14 14 26 40 43 27 24 64 61 66 59 66 30 8 68 21 73 11 1 53 13 53 59
65 37 64 10 1 58 47 6 46 75 0 46 10 30 29 0 64 8 8 60 16 68 29 16 34 71 57 56 25 19 48
40 67 26 69 62 51 70 33 41 40 41 51 15 3 40 0 59 40 3 23 27 25 60 22 43 56 54 42 63 19 52
61 12 48 73 21 73 75 12 29 1 45 36 64 3 74 66 20 36 40 24 31 29 46 0 5 39 23 4 23 45 4
11 68 14 65 52 20 59 51 33 34 42 68 69 24 19 68 21 31 2 68 60 64 66 75 30 43 75 61 25 49 13
13 47 29 46 41 73 67 23 64 75 12 8 20 31 55 22 18 27 21 21 2 4 8 45 0 55 13 10 20 46 11
12 68 41 46 52 42 23 64 55 31 37 53 38 4 22 63 74 52 9 18 32 5 18 32 50 32 38 22 54 11 14
51 61 37 46 64 43 57 27 48 39 71 18 8 3 14 48 5 18 63 8 42 19 41 64 63 19 9 40 20 56 29
15 39 25 5 11 10 67 50 39 12 20 14 67 11 45 53 42 41 3 75 52 40 55 54 35 8 61 28 36 49 8
73 32 48 48 2 23 12 62 74 17 39 57 27 7 46 46 53 47 57 35 42 67 63 24 57 52 30 4 31 23 9
20 70 18 25 6 45 51 28 67 21 50 75 40 16 34 27 56 36 60 12 15 3 28 5 64 8 28 45 19 58 28
30 57 25 54 9 26 48 46 43 56 28 33 54 22 15 15 73 1 22 30 10 54 37 43 63 68 31 24 9 40 42
13 17 52 27 4 45 48 23 32 7 6 39 38 30 48 64 17 70 36 71 63 29 13 42 16 14 38 15 40 36 27
36 9 72 48 64 51 14 5 19 59 17 64 52 12 25 5 60 64 23 0 13 56 57 42 68 41 37 64 14 51 3
13 52 60 18 15 62 25 34 36 12 67 39 54 46 74 31 26 38 23 7 52 1 4 60 19 25 26 7 5 18 69
23 24 25 34 9 48 71 72 69 53 36 27 37 22 14 50 4 45 36 48 62 49 13 4 13 38 12 62 71 13 44
46 13 7 12 17 49 61 12 37 15 33 68 67 4 62 9 67 52 7 5 4 67 38 37 39 5 63 64 68 36 36
23 4 2 39 52 1 2 74 21 35 51 49 25 58 51 11 55 5 64 2 11 68 23 25 38 8 26 52 23 44 29
52 18 43 6 23 71 56 43 20 12 44 3 10 55 20 19 70 61 27 24 44 10 68 3 24 39 49 62 17 2 38
43 47 54 27 46 22 34 31 10 8 58 60 10 11 41 21 39 48 20 8 69 43 50 48 12 65 9 22 67 18 9
13 75 62 38 21 21 73 0 56 20 38 69 67 56 5 67 12 48 67 5 3 47 22 64 8 16 22 70 50 49 58
69 32 60 4 53 36 60 59 31 20 2 7 64 28 9 41 34 66 44 48 17 38 48 34 21 52 66 38 10 50 32
70 2 67 51 38 33 22 50 33 16 40 66 69 28 1 21 71 31 20 45 60 20 47 26 30 73 71 40 68 44 17
53 11 8 57 74 50 42 53 55 27 41 19 40 39 5 50 20 36 35 7 7 40 70 33 53 41 39 28 6 18 48
21 51 59 14 58 63 52 30 64 58 39 7 14 62 66 7 58 33 74 7 71 59 59 43 65 56 72 64 41 32 17
59 18 36 59 63 56 26 29 18 31 6 57 1 44 46 40 52 2 5 41 11 40 71 68 70 37 52 61 62 75 40
19 30 7 52 28 65 73 30 48 51 5 23 64 4 36 53 0 6 67 67 34 2 9 6 14 18 64 45 49 35 0
45 39 1 15 71 52 41 6 10 2 25 51 57 68 72 42 39 15 45 53 65 32 39 12 12 19 26 66 36 18 57
62 14 67 58 65 56 13 51 11 18 32 71 26 3 18 22 73 33 65 48 18 58 74 66 45 42 4 58 66 57 42
48 57 25 17 18 15 64 64 50 72 44 37 8 7 28 11 7 19 8 19 71 3 2 25 8 70 42 39 55 57 60
20 73 45 47 21 28 14 73 23 39 74 32 39 1 61 66 12 31 46 43 8 27 38 36 68 51 27 41 41 42 63
46 20 37 33 67 68 27 35 67 67 29 9 37 35 11 29 7 6 74 46 75 10 13 40 8 60 69 21 28 56 62
67 29 41 4 28 34 0 0 48 32 64 27 22 63 12 1 37 14 56 42 4 57 32 61 12 28 36 3 1 9 28
6 62 20 38 11 0 59 71 16 8 3 11 71 37 55 52 57 8 66 13 11 36 29 39 10 20 27 60 58 63 71
25 70 57 22 65 32 5 7 19 16 17 64 46 3 74 21 3 40 28 38 68 15 10 27 36 71 49 31 25 71 33
12 57 10 55 35 1 73 74 32 74 30 49 54 35 41 26 1 19 56 14 14 31 55 65 4 67 66 71 47 15 54
6 67 26 3 50 23 53 22 49 58 28 24 56 32 43 35 31 68 62 13 8 74 24 64 52 6 64 35 48 11 71
53 40 23 62 38 22 75 75 50 35 0 26 70 56 53 50 34 47 61 5 48 11 33 6 27 55 31 74 27 54 44
54 71 17 10 56 24 24 66 27 73 53 52 0 7 64 33 33 28 34 33 4 1 6 25 24 28 60 23 61 29 0
41 21 1 75 31 14 48 47 54 24 68 28 62 3 18 38 10 71 3 66 0 40 34 50 6 70 50 53 10 58 29
63 32 12 43 46 65 57 25 14 32 39 9 49 8 46 71 51 60 31 75 15 60 15 6 20 28 18 31 10 6 48
51 14 64 63 59 34 10 62 19 44 15 47 50 37 14 25 6 68 70 52 8 27 22 15 60 69 35 50 35 32 67
73 54 22 47 5 45 38 11 16 65 32 64 22 9 12 8 55 57 31 23 61 4 52 3 57 59 39 59 35 67 59
70 32 22 49 5 29 68 53 44 62 0 61 53 43 14 68 32 65 5 57 38 17 37 62 52 17 49 24 15 19 12
67 74 62 45 12 23 22 60 74 75 42 7 66 48 25 24 38 5 29 57 68 70 60 15 18 48 63 59 57 34 40
39 31 44 23 58 70 73 48 6 39 38 41 24 73 8 38 37 14 24 29 66 43 5 56 62 8 69 6 7 65 74
48 57 46 25 15 41 75 23 13 62 33 61 36 71 10 9 64 4 35 51 48 45 34 74 26 46 10 18 73 57 7
38 50 48 33 20 18 53 51 31 10 66 35 14 12 35 23 5 49 4 22 4 65 40 5 64 66 59 8 58 24 9
38 32 68 52 68 60 21 17 34 19 48 42 60 17 14 61 42 22 22 41 56 70 39 18 7 39 35 50 64 72 41
10 2 47 27 20 18 65 15 18 12 43 22 32 72 66 55 58 13 54 69 56 30 58 71 21 50 35 51 14 6 29
62 51 48 2 50 19 22 52 52 31 2 29 58 8 22 19 49 9 23 67 22 72 44 43 71 10 65 43 66 5 5
72 57 23 21 41 21 8 70 49 75 54 62 2 2 46 6 75 15 47 33 8 24 28 44 29 1 60 6 6 52 20
24 53 57 15 11 60 30 64 20 22 6 61 73 65 73 61 53 0 72 15 33 12 10 0 36 62 33 15 40 68 45
63 46 42 10 3 72 33 70 27 42 43 61 7 59 27 29 42 58 38 54 62 34 22 19 20 15 56 8 68 63 56
67 32 28 10 0 63 5 64 73 13 64 10 55 23 57 58 8 65 40 31 3 5 49 49 38 23 44 51 36 19 26
1 32 14 46 38 33 16 18 72 68 71 26 74 45 47 14 63 18 6 24 56 32 61 32 50 45 42 3 3 48 42
75 17 53 46 2 72 1 6 44 67 22 28 37 60 51 50 61 2 27 45 13 56 18 63 16 57 68 5 10 40 51
65 32 36 62 34 44 3 41 59 6 73 53 36 40 26 13 13 10 56 70 44 62 48 16 21 22 67 46 48 41 4
11 7 15 45 40 75 18 44 34 24 40 8 59 24 74 35 52 51 14 54 75 70 26 61 55 72 22 22 30 12 70
51 64 10 4 18 35 50 61 15 69 33 69 0 31 43 60 21 34 66 19 3 17 69 5 4 9 45 42 33 72 50
68 54 55 69 6 67 6 42 67 65 64 30 61 26 61 35 56 37 74 25 15 47 6 50 72 29 61 53 45 2 14
24 1 2 7 1 10 32 42 62 33 47 48 7 50 71 11 37 36 20 39 52 18 55 49 26 22 47 25 63 17 64
0 19 64 53 75 7 22 11 67 37 51 32 38 4 64 54 24 33 55 18 13 39 27 16 63 38 61 29 62 51 11
14 44 42 52 41 8 61 2 17 26 7 13 22 9 13 25 74 16 14 46 3 47 39 57 10 16 42 45 6 26 32
8 15 62 62 46 68 55 18 73 42 70 29 2 69 58 64 38 48 2 66 36 65 39 36 39 68 75 68 58 50 20
8 15 34 50 18 60 71 36 69 17 57 9 22 63 15 5 26 73 67 42 48 14 58 56 11 59 43 61 69 8 49
14 45 4 27 17 51 59 50 63 56 51 52 23 32 17 58 41 37 38 21 65 58 55 19 28 22 12 19 57 51 29
3 71 36 21 52 48 44 68 13 23 59 0 4 50 13 19 0 68 75 69 35 55 60 61 42 28 74 12 63 2 52
51 63 63 75 17 59 24 67 37 1 32 20 62 48 4 22 38 44 43 23 60 62 70 50 55 44 14 60 26 33 10
27 33 9 59 2 6 12 32 43 44 26 64 10 40 70 41 73 38 49 60 53 62 66 39 62 19 18 72 14 30 1
40 58 56 3 59 29 75 2 42 22 4 22 64 20 19 22 1 7 61 1 12 47 20 24 45 17 63 24 2 12 26
4 58 73 20 2 2 12 63 46 11 53 62 3 54 52 34 58 30 1 44 46 35 43 22 74 52 59 63 20 64 35
45 47 11 43 58 36 11 42 28 60 60 0 57 55 66 25 26 42 48 15 42 5 53 66 17 48 63 35 35 21 51
42 39 32 10 19 46 58 75 13 41 42 39 71 41 32 10 65 6 57 71 55 66 75 31 74 62 2 19 69 64 66
14 39 20 50 51 72 16 21 3 66 65 38 1 42 10 4 40 43 68 5 73 2 23 68 43 40 63 5 66 2 45
