89 79 64
77 77 84 79 32 21 71 73 57 21 5 84 59 80 33 86 27 23 21 58 61 23 6 38 4 13 4 10 85 40 56 10 13 53 2 78 25 18 2 79 79 72 6 74 46 47 25 77 0 53 62 59 70 44 33 4 22 80 63 10 85 40 11 68
29 52 15 69 82 36 5 57 53 46 74 37 57 20 46 78 9 32 48 39 53 60 32 46 49 50 36 26 38 41 6 79 28 68 17 83 10 83 39 34 85 76 56 47 13 64 46 32 77 17 13 87 31 26 57 7 41 23 44 67 19 42 56 1
59 2 57 69 62 69 32 2 60 29 71 37 11 55 87 18 21 89 69 40 24 4 30 19 34 29 29 37 58 5 41 59 13 71 64 45 71 33 39 22 43 57 82 55 43 16 16 28 13 40 74 56 18 53 35 5 12 34 87 43 77 1 78 76
27 17 16 9 36 2 37 77 3 49 52 54 88 71 19 52 61 0 55 33 31 84 63 7 41 50 45 12 54 41 61 41 15 3 25 26 60 38 7 5 78 29 13 31 45 13 36 22 89 44 34 32 57 88 81 80 24 82 30 74 24 81 37 68
42 5 40 33 82 38 72 82 33 71 46 88 85 32 66 71 34 87 7 64 11 2 77 30 74 89 22 36 71 14 65 12 16 89 3 30 65 14 37 89 78 32 82 25 15 60 22 45 32 77 17 71 48 2 60 47 16 49 55 43 14 10 15 24
32 53 8 1 82 75 88 1 58 83 71 10 11 41 62 73 54 14 46 41 48 39 69 22 9 6 41 18 3 6 8 8 41 56 33 49 67 58 12 62 61 4 47 27 75 46 46 59 53 77 80 24 58 24 86 58 22 20 44 64 40 85 67 46
50 57 84 12 29 41 55 44 34 19 66 30 5 60 62 9 57 61 11 85 43 60 19 69 89 24 38 70 69 26 89 81 61 74 37 9 12 12 70 36 84 59 23 71 23 42 49 70 29 9 48 65 61 47 11 64 86 76 3 84 15 56 3 32
21 70 10 7 27 20 1 14 24 64 79 12 70 35 12 0 10 59 38 68 8 39 75 21 45 49 39 7 40 48 34 61 25 52 14 89 30 10 55 88 11 23 10 23 56 45 44 41 34 18 36 54 31 45 71 11 28 59 46 1 16 60 69 8
52 14 78 29 68 15 16 68 34 83 26 81 65 40 52 18 32 46 30 54 63 2 1 48 37 37 3 15 68 85 42 47 68 32 30 51 81 13 8 80 38 80 13 74 61 31 74 31 0 84 79 67 10 5 27 77 51 52 39 61 38 60 49 0
53 56 59 38 69 78 60 67 55 58 6 64 25 5 89 87 58 35 78 41 75 11 3 82 76 31 30 51 77 88 32 55 46 82 80 33 30 7 85 34 4 42 46 42 81 55 37 20 57 30 48 44 81 55 14 64 89 30 67 65 51 3 45 29
33 29 35 49 34 14 68 53 23 46 68 1 74 46 58 37 81 15 13 66 15 17 56 79 25 72 50 60 28 15 58 52 70 89 16 15 48 5 72 56 13 34 64 0 76 77 26 23 30 58 18 40 66 71 8 15 58 54 51 4 47 38 51 33
55 64 49 58 31 58 42 0 72 34 3 11 43 46 32 31 87 2 35 48 65 40 47 7 83 62 50 55 63 43 9 9 66 80 11 73 28 33 32 30 68 31 86 42 67 9 48 18 56 26 29 12 61 28 76 60 66 60 2 37 59 20 48 52
89 85 7 69 40 28 62 81 85 27 58 18 19 16 83 29 45 71 7 71 75 20 4 81 85 72 47 30 82 74 79 60 22 2 30 69 58 51 15 87 27 19 52 73 45 80 59 11 76 68 74 30 0 82 72 37 68 13 2 52 78 8 48 18
61 40 55 12 85 69 29 70 70 63 22 40 35 78 3 13 14 27 56 76 62 9 77 25 69 74 1 62 85 7 68 41 59 0 49 46 78 87 18 14 84 59 13 21 71 6 46 81 13 32 67 49 4 42 11 74 46 9 59 30 8 2 30 43
38 46 67 76 40 39 78 48 45 28 28 4 23 2 66 12 28 59 71 55 28 25 71 79 73 42 43 65 66 22 6 18 76 76 10 59 46 67 37 77 47 22 53 23 85 38 84 56 0 79 80 51 68 46 12 31 16 64 45 72 35 33 39 88
40 2 56 15 16 65 41 79 79 24 34 30 88 20 53 86 36 39 60 19 52 8 49 35 84 51 47 45 80 37 1 67 25 13 14 25 65 84 27 55 22 34 33 51 52 87 51 18 46 34 68 26 32 20 45 43 14 77 41 17 72 65 7 54
76 77 51 64 81 22 3 47 1 0 37 49 68 55 74 48 87 45 32 46 39 44 88 81 57 46 18 17 65 46 26 27 39 4 39 66 61 61 75 44 9 72 36 3 83 42 22 29 20 42 76 25 76 0 66 40 80 60 73 89 50 16 43 82
22 47 39 11 16 5 65 43 26 66 79 74 3 80 7 29 41 85 42 27 72 33 34 30 34 22 18 60 32 14 31 71 1 19 14 50 6 21 73 70 2 63 12 22 61 26 89 23 19 89 36 48 86 21 41 79 19 85 3 68 3 46 7 28
24 19 23 86 76 7 20 70 81 39 12 20 76 39 34 75 24 3 84 59 31 81 77 78 89 80 35 19 29 47 6 77 21 23 32 55 10 61 80 61 27 67 37 88 26 32 24 74 47 12 73 1 42 76 37 82 8 41 21 71 53 13 54 35
24 23 10 33 2 19 64 71 46 76 9 23 62 85 88 85 30 49 46 14 30 22 36 34 47 24 81 20 48 89 40 65 79 19 20 75 35 33 54 52 43 45 5 37 88 54 65 35 81 12 44 42 9 89 62 47 63 11 4 9 79 68 83 8
12 52 8 68 48 73 31 19 79 64 21 69 42 68 21 5 31 24 14 67 9 30 30 87 28 69 77 41 11 31 63 53 86 54 47 89 26 44 51 13 17 76 69 55 34 13 62 76 41 62 2 39 6 49 38 52 72 1 1 14 67 87 19 44
76 70 84 26 13 43 87 46 67 47 31 62 34 64 48 2 80 87 61 51 20 69 84 25 41 6 62 74 20 64 23 42 42 47 70 8 5 76 23 84 78 17 2 18 0 34 43 66 79 16 86 41 78 25 68 29 39 62 68 73 2 55 83 38
23 1 23 23 59 34 62 16 17 72 20 25 65 27 34 82 17 17 37 79 45 3 42 22 45 43 15 73 72 72 77 28 83 47 85 57 29 7 7 52 14 82 84 20 22 84 60 33 39 41 24 67 18 13 12 67 14 21 51 40 9 15 82 46
33 54 24 20 13 36 66 63 71 37 33 28 18 83 43 72 44 46 8 8 8 17 21 6 6 27 72 15 87 17 83 15 6 71 45 89 21 8 70 20 48 26 78 12 52 89 57 37 78 26 88 84 62 10 13 56 18 72 16 44 51 13 87 40
67 42 89 36 11 43 43 7 5 58 4 11 66 68 61 14 4 4 67 42 79 1 62 29 77 49 60 3 55 60 78 45 11 75 41 57 3 21 81 13 35 77 32 31 69 59 86 59 89 35 54 87 27 78 20 27 38 45 37 39 78 71 70 14
49 73 35 70 4 73 58 30 31 37 7 2 16 12 43 82 75 1 6 59 78 10 38 67 48 20 22 45 9 59 39 27 22 0 42 55 78 42 43 18 22 60 5 58 53 76 62 66 59 56 21 81 17 16 17 65 33 59 89 37 56 54 57 82
39 43 76 46 9 63 80 28 50 73 64 63 83 16 48 14 81 8 20 37 52 58 34 31 58 25 63 70 65 18 65 82 11 55 53 87 40 34 43 5 72 47 11 9 33 40 3 59 45 44 66 71 58 5 82 13 81 3 4 58 32 17 42 26
51 0 43 21 61 65 13 81 28 10 0 10 76 67 17 81 78 28 67 15 55 56 88 28 66 31 33 75 73 38 54 88 30 14 6 29 86 38 59 88 57 4 64 22 75 44 35 5 43 75 82 62 58 13 49 27 29 34 54 50 78 59 13 85
29 88 45 74 52 53 31 89 5 70 69 43 61 43 75 62 26 63 81 50 66 77 76 4 71 71 6 59 12 55 56 5 11 0 74 50 22 73 49 13 18 57 10 18 45 34 56 63 32 9 13 19 51 54 28 65 84 20 64 53 52 84 53 74
3 38 2 78 25 68 37 19 54 40 70 34 36 0 44 29 81 45 29 31 8 89 4 78 6 30 49 71 47 40 66 72 21 66 71 33 69 51 4 68 9 82 71 52 21 70 50 5 18 57 38 47 34 59 2 59 4 34 81 71 19 86 87 55
34 82 68 39 27 13 31 19 41 22 37 44 60 27 38 9 21 72 59 43 77 1 63 71 5 71 6 16 17 1 27 31 7 76 7 37 65 25 72 24 1 49 60 84 41 43 49 63 33 77 40 17 25 46 85 17 55 85 20 22 13 86 24 60
43 39 6 30 59 26 80 8 48 15 65 80 49 70 20 63 11 71 35 13 59 22 37 79 56 36 83 16 15 78 50 29 82 8 32 26 49 84 23 12 44 44 32 21 44 89 0 16 76 16 76 17 20 52 18 86 5 85 46 22 56 16 35 46
32 17 1 74 84 10 85 28 80 62 61 79 69 34 83 1 88 17 6 48 61 76 67 60 8 24 83 8 35 10 89 0 76 23 43 0 52 77 26 19 36 71 51 41 78 36 53 58 47 43 26 67 62 25 61 15 16 43 57 31 8 88 12 67
61 12 0 73 66 50 69 25 29 40 22 70 61 60 63 53 75 40 2 60 2 37 81 87 27 18 57 53 8 29 41 85 83 70 84 50 56 7 85 26 4 82 31 18 6 63 45 76 57 45 41 68 65 69 0 68 82 23 42 88 15 0 75 6
28 1 58 73 87 47 62 57 59 75 14 24 45 67 58 32 0 77 29 34 24 4 48 58 8 46 49 30 49 44 86 73 3 42 16 0 13 59 67 23 35 22 12 26 69 36 51 36 60 78 73 49 83 16 22 42 22 60 2 3 17 41 49 9
0 71 54 6 66 31 30 59 70 38 13 79 0 39 70 46 34 57 37 8 22 41 49 0 2 53 19 73 49 54 56 8 55 26 32 1 84 12 76 28 83 3 79 89 8 56 39 12 49 37 8 81 4 11 27 29 19 45 4 14 63 53 24 15
10 33 33 22 36 3 82 54 27 34 61 58 16 38 36 25 1 76 2 42 13 74 56 25 25 58 55 0 1 1 36 53 32 18 10 77 51 25 64 14 55 8 2 52 65 82 4 86 34 51 64 45 54 85 36 60 59 65 35 8 7 86 11 79
56 88 74 55 88 85 31 34 38 45 31 24 64 47 76 9 21 76 46 3 83 66 79 45 77 36 59 34 80 22 15 40 41 69 77 10 6 29 21 40 69 50 63 51 37 13 65 0 80 1 9 1 40 71 68 11 3 67 53 20 68 55 31 39
19 27 82 65 15 70 64 28 31 70 18 34 46 59 28 43 74 56 61 8 0 14 29 68 6 41 80 73 49 41 74 69 24 15 53 18 29 78 28 38 48 79 4 60 38 21 5 11 25 35 21 61 25 44 85 52 11 66 72 63 69 4 13 82
44 70 39 22 85 72 19 5 1 37 11 14 74 35 53 66 10 70 81 53 79 68 41 29 68 45 6 68 1 29 32 76 24 39 41 7 84 28 81 23 11 73 81 4 55 57 34 24 71 84 12 66 13 39 47 41 57 4 53 45 17 77 65 60
61 53 78 59 80 17 78 78 44 69 48 80 42 73 41 34 27 25 7 82 66 63 40 54 35 66 66 74 36 22 9 30 47 76 50 22 31 28 37 13 13 61 86 22 62 74 86 74 81 28 19 22 69 7 44 81 69 50 43 34 7 79 0 55
50 23 54 70 13 83 86 47 71 80 77 26 6 2 38 72 40 21 42 87 45 10 9 16 5 22 83 81 50 73 51 24 74 68 13 34 43 52 82 75 84 29 76 51 71 15 40 51 25 44 22 53 77 25 24 75 60 22 46 42 78 48 38 25
48 12 88 9 49 89 89 49 71 44 3 29 21 41 81 41 29 31 2 44 28 15 30 45 75 72 5 50 8 41 82 43 13 22 85 78 78 52 3 42 41 47 6 66 13 30 13 50 10 74 30 56 12 53 22 69 89 63 82 0 66 84 62 46
14 13 59 31 73 13 7 47 17 57 46 89 42 70 84 14 24 75 17 44 36 44 24 26 10 8 33 63 46 13 77 27 42 79 73 25 67 61 54 52 81 49 57 11 30 47 55 54 42 2 39 48 25 68 61 55 73 43 5 72 47 53 37 75
86 33 38 13 23 6 56 84 86 53 85 14 55 35 46 55 82 8 74 32 15 56 30 52 55 61 81 34 85 17 75 25 86 41 14 49 88 0 47 43 64 26 26 28 18 54 74 52 68 10 31 81 19 9 44 19 13 16 85 44 8 27 35 17
72 57 56 49 15 22 30 43 19 42 76 36 70 43 18 65 75 86 51 9 76 45 73 23 60 58 52 30 4 8 84 73 56 67 67 61 10 53 8 11 35 22 89 39 30 43 55 62 38 13 48 54 47 81 30 4 30 57 4 14 69 37 80 27
25 53 8 61 23 36 59 51 45 39 67 34 89 65 13 12 81 66 54 36 15 22 73 38 19 3 60 35 33 5 1 63 76 7 81 4 17 17 19 38 21 40 39 0 40 79 23 36 71 77 41 47 17 8 33 36 75 10 57 73 73 39 2 30
7 44 2 82 41 7 39 89 14 87 76 67 70 51 41 73 22 33 54 36 38 76 70 51 0 22 67 65 51 3 59 54 85 56 1 30 85 33 12 6 8 25 28 72 38 8 5 83 75 60 84 62 34 22 73 67 30 9 1 36 0 82 42 85
29 18 72 14 10 59 80 25 10 77 59 0 46 12 36 80 60 55 71 72 0 86 58 51 58 4 16 53 44 53 43 38 50 18 42 58 50 17 14 76 17 15 15 23 33 79 13 67 61 79 89 11 40 42 53 89 36 86 66 84 24 88 13 21
87 45 84 67 27 4 20 62 8 57 44 10 17 11 63 43 25 20 46 15 44 78 75 56 42 53 31 14 57 88 45 64 63 13 49 48 71 63 14 35 7 84 70 59 14 34 82 45 37 52 68 15 68 55 2 28 72 32 82 28 1 34 82 81
56 47 25 2 6 12 32 67 9 22 9 57 29 37 65 0 39 2 63 80 45 34 8 11 50 75 45 33 30 77 85 76 42 11 60 82 35 37 78 77 50 88 25 69 14 27 23 79 26 54 82 43 21 23 59 21 53 10 5 24 45 65 80 13
32 27 48 21 9 5 76 19 8 76 64 82 47 67 78 58 13 82 77 70 50 59 80 25 56 53 46 79 39 51 81 15 0 33 56 4 26 2 25 0 3 68 62 64 31 48 54 89 23 18 29 43 44 41 34 86 64 61 48 42 14 49 84 16
39 23 76 39 75 57 34 9 79 32 18 78 4 0 3 49 59 16 61 62 86 9 69 27 9 44 19 71 2 6 4 15 52 85 27 19 62 29 38 32 49 81 12 20 77 2 62 57 61 51 70 15 2 50 6 44 63 29 31 28 89 21 6 4
7 32 20 25 72 63 30 53 3 69 27 52 28 32 31 7 36 59 54 48 53 42 51 14 72 27 72 38 71 25 5 49 77 4 71 20 2 53 35 44 43 24 13 17 58 74 79 26 24 43 81 56 38 80 82 27 69 15 51 45 55 4 15 40
62 17 55 71 55 2 70 4 66 14 74 69 37 44 84 74 10 73 72 46 38 6 8 83 82 23 42 72 87 4 27 75 4 52 2 16 81 48 17 18 35 80 68 39 52 30 42 83 30 84 60 30 31 85 15 47 14 77 58 3 9 30 55 72
28 79 20 69 76 2 69 75 22 82 44 11 83 32 72 54 83 24 88 86 88 66 56 9 45 2 79 62 31 57 62 50 64 2 42 40 3 22 27 1 3 7 64 73 65 75 58 31 46 43 84 72 21 18 75 10 24 62 52 73 20 1 38 53
9 42 37 30 16 56 43 6 67 74 43 52 56 62 84 59 80 15 24 23 17 44 53 45 49 7 38 2 45 59 43 32 78 10 46 0 47 48 44 0 50 68 45 68 17 65 77 19 62 68 73 34 29 54 33 74 29 25 68 56 15 63 13 86
54 64 42 66 41 29 68 50 63 25 34 18 86 45 58 11 76 21 43 66 87 56 71 71 5 38 10 3 53 13 9 32 54 30 64 46 63 80 80 30 28 6 24 60 59 74 84 20 65 56 63 5 78 43 85 26 21 17 21 75 86 56 19 27
43 64 80 45 84 25 79 42 24 60 18 22 85 48 81 69 66 27 17 61 68 16 79 68 23 55 38 26 59 50 8 8 61 44 74 44 23 58 40 5 43 31 10 70 8 34 67 28 3 34 73 12 47 85 29 68 7 31 85 71 86 87 17 44
21 37 67 70 30 39 36 63 34 62 83 2 28 89 42 30 22 76 79 81 62 10 57 37 32 56 14 81 74 55 47 80 30 26 61 72 67 41 52 34 87 60 13 48 83 72 80 37 72 15 28 14 57 60 80 15 46 7 8 80 55 56 33 47
80 48 57 11 36 35 62 56 74 64 43 35 10 45 46 74 32 76 52 40 21 56 84 18 60 11 62 55 14 48 45 68 17 26 25 48 34 21 43 78 6 54 74 50 59 39 40 20 19 2 49 48 11 27 47 30 30 4 53 57 58 10 87 20
60 22 42 47 86 62 71 37 75 49 88 67 76 14 54 48 25 9 43 72 48 86 46 64 67 77 25 62 77 75 29 44 81 84 9 7 42 38 26 68 55 73 57 15 46 45 64 18 7 8 19 88 16 75 86 78 84 20 32 22 83 6 14 8
65 39 61 48 47 84 29 11 51 25 72 30 64 48 34 34 32 24 49 23 80 44 19 20 13 65 79 39 65 3 6 40 17 37 63 75 76 60 6 58 2 50 8 64 76 55 0 66 51 5 62 74 56 58 58 68 28 19 19 12 19 40 47 53
36 84 33 53 56 41 45 76 83 3 53 79 19 13 58 5 81 52 52 66 32 22 73 76 56 24 59 7 31 23 47 36 10 74 74 66 18 4 15 48 34 21 77 8 25 46 43 7 88 82 10 44 70 21 75 10 3 18 83 58 29 80 68 65
66 67 59 67 1 75 33 71 36 52 43 39 60 42 56 60 43 80 4 58 80 65 77 26 69 56 81 73 54 23 23 33 11 57 33 15 41 33 40 39 7 55 86 67 6 12 46 29 42 67 59 31 1 14 28 29 34 49 63 76 25 35 5 73
71 35 69 37 44 6 35 9 30 37 34 69 4 28 19 66 62 32 60 8 3 74 23 60 36 40 74 77 73 39 10 62 0 14 77 76 5 76 87 41 24 2 48 64 7 45 61 18 35 84 18 2 84 5 84 81 27 56 85 39 11 61 38 7
82 82 61 42 60 3 82 72 79 12 12 36 39 59 39 5 80 71 30 52 5 2 78 87 36 13 2 14 78 1 11 28 1 42 45 82 6 24 36 13 53 15 36 84 38 68 56 69 86 39 64 7 15 14 45 30 30 83 8 73 67 19 18 41
22 44 29 66 31 20 27 66 12 33 83 84 22 37 37 23 84 8 34 61 62 54 42 31 18 73 43 21 74 89 58 22 32 4 46 22 19 86 10 1 62 80 46 50 79 51 18 78 32 3 35 34 61 13 2 6 44 76 22 60 27 13 16 65
37 3 45 51 27 45 21 57 54 67 30 5 83 18 76 29 29 54 16 34 75 70 82 84 14 86 37 5 20 24 77 33 14 9 44 10 4 86 24 14 72 31 24 64 22 3 39 66 3 61 6 74 29 38 71 3 21 38 82 13 42 7 21 83
78 33 81 30 10 56 20 34 68 76 58 54 0 26 3 83 77 46 70 3 13 36 4 12 41 72 37 18 51 26 55 6 46 0 62 24 74 64 5 70 20 0 29 4 23 52 38 30 24 21 31 89 7 5 32 69 77 5 13 84 22 73 70 76
87 43 43 25 38 56 89 67 86 86 1 28 74 16 78 28 40 41 63 16 65 69 41 34 3 12 81 66 44 4 10 5 6 86 74 10 42 69 42 16 31 26 50 48 75 4 4 34 49 41 31 11 70 18 59 6 47 11 89 60 10 20 69 53
48 42 67 27 10 73 74 38 67 16 89 31 52 83 56 7 34 24 21 55 51 81 9 56 28 29 42 27 70 37 4 41 0 80 55 35 18 59 29 8 69 5 56 82 47 89 20 81 33 37 72 32 49 16 45 60 24 0 55 40 84 69 73 33
62 62 34 83 54 86 76 28 41 73 66 89 60 46 63 32 58 87 77 2 74 9 4 5 46 67 24 77 35 80 73 40 87 76 4 26 31 53 34 77 72 83 1 85 2 76 39 61 64 21 80 84 4 29 88 5 35 38 84 38 77 15 64 57
63 49 78 2 43 49 84 78 39 72 2 41 25 30 49 65 10 4 80 71 53 2 44 1 59 1 28 31 38 71 86 71 8 47 84 11 46 12 72 79 79 76 82 72 31 17 75 52 15 84 35 74 12 67 58 62 47 86 34 53 17 11 23 38
8 65 34 76 67 64 15 66 57 20 15 28 77 68 18 25 51 26 88 35 23 16 16 69 67 60 82 30 2 24 52 40 82 76 11 21 78 26 54 10 40 35 89 27 79 33 36 33 11 49 49 26 87 25 28 6 6 52 69 66 61 74 5 74
45 25 34 58 46 44 89 12 18 26 39 53 15 17 66 44 26 67 41 76 31 22 65 6 43 4 83 82 55 29 73 5 9 60 8 77 39 68 4 41 1 53 15 60 51 85 89 45 74 77 2 44 10 73 62 1 9 3 9 40 42 52 43 78
60 29 8 21 64 56 69 16 42 41 3 3 34 83 2 11 58 84 2 52 55 2 34 23 6 39 24 76 78 23 8 63 64 7 40 71 12 15 47 65 63 31 2 17 28 19 81 23 34 2 20 79 45 44 85 8 28 67 38 6 17 38 66 1
9 70 43 54 78 73 71 36 68 6 52 75 23 16 39 21 19 48 64 74 22 17 41 30 55 35 67 1 61 9 39 8 86 76 53 23 27 8 9 84 64 15 14 19 78 39 83 6 59 61 5 74 33 23 64 13 33 44 85 14 67 72 88 24
15 36 23 59 36 54 22 86 85 33 5 38 23 61 84 42 37 85 27 86 62 12 44 85 55 60 83 34 80 3 35 45 7 60 60 70 24 59 37 6 30 83 64 69 54 66 46 19 64 28 53 70 24 52 34 24 83 15 46 83 33 54 18 71
27 2 36 82 49 22 76 7 31 27 28 3 37 9 21 33 1 5 46 51 31 37 61 37 13 49 57 62 20 37 7 20 83 1 74 75 27 70 57 22 54 44 26 78 1 41 44 70 68 16 29 50 66 5 52 68 43 35 60 15 3 43 80 79
47 69 5 17 2 76 30 81 79 6 31 56 17 14 30 27 53 73 57 71 35 21 85 84 39 60 11 69 38 9 7 14 87 13 28 12 13 37 45 59 62 72 56 68 52 28 32 58 41 2 23 17 51 67 27 52 37 68 16 79 37 11 13 32
51 5 47 14 63 58 85 76 70 73 62 14 58 3 15 32 53 12 37 79 19 40 32 68 4 53 48 17 38 76 19 18 23 29 81 78 24 57 28 64 57 51 80 30 28 74 1 15 57 77 88 20 14 59 73 79 10 53 26 56 27 49 48 9
50 22 17 26 32 48 66 19 31 66 73 76 74 27 45 85 69 86 85 4 74 62 85 44 17 40 56 4 65 0 18 81 15 54 56 84 10 20 13 11 72 88 21 59 15 84 52 33 50 24 83 87 79 0 26 29 41 3 74 20 78 67 75 68
57 14 19 46 0 29 85 57 33 48 22 72 33 28 22 62 5 86 84 76 56 43 26 63 59 39 27 35 52 33 72 38 47 10 64 64 5 66 38 75 23 23 38 65 44 2 83 78 49 35 37 77 45 38 78 21 70 1 88 80 17 87 67 25
25 88 43 36 71 9 85 88 72 10 45 58 53 29 36 70 49 52 27 30 85 4 25 82 39 58 73 46 12 63 30 12 35 50 2 2 55 79 18 19 74 61 26 22 66 8 81 62 78 43 5 33 74 86 62 41 39 61 4 42 57 52 62 55
42 10 9 83 27 25 49 51 62 62 17 41 2 87 65 32 12 34 15 84 12 11 61 64 76 39 27 89 13 57 77 37 77 0 9 41 17 84 30 82 58 61 55 58 33 13 64 42 85 68 50 25 31 18 23 1 42 17 41 16 74 48 24 27
88 24 32 12 74 68 19 8 29 50 7 69 21 36 7 46 29 49 48 2 8 47 19 16 73 22 30 6 4 53 46 60 81 7 23 75 76 35 74 66 4 14 12 46 46 86 83 36 88 57 8 68 26 42 30 69 87 16 47 59 20 44 69 9
61 20 48 79 81 58 33 30 46 23 79 18 51 26 84 33 31 27 41 65 64 13 67 48 67 74 83 42 33 62 4 5 23 11 52 21 80 23 64 81 61 32 83 36 75 39 2 77 87 63 82 83 29 66 46 17 4 17 62 63 14 16 26 62
35 88 41 71 6 7 32 30 68 0 5 17 59 62 15 13 1 27 81 41 36 89 57 31 17 35 19 11 82 36 15 89 54 65 42 67 61 46 66 72 72 89 76 54 2 49 36 77 61 76 56 64 0 67 16 39 72 37 10 13 68 81 83 26
59 64 60 48 1 67 18 1 83 89 38 0 25 59 18 55 62 40 35 38 27 6 82 3 19 68 3 22 76 61 15 54 40 56 14 78 82 11 84 16 0 17 18 6 1 61 27 57 21 22 4 59 61 10 3 80 66 17 67 23 44 5 84 10
16 68 53 15 32 22 69 8 57 39 9 15 31 1 77 78 87 79 4 30 10 5 46 11 83 35 54 47 51 42 5 49 79 62 56 28 21 43 25 73 68 19 66 19 8 53 85 60 74 19 77 56 48 43 60 89 50 38 75 41 2 81 14 79
83 15 48 82 2 24 80 45 17 61 77 43 87 70 70 75 72 70 12 73 81 17 30 48 46 65 2 59 12 36 16 14 19 45 42 30 55 42 10 0 59 67 25 48 24 60 22 50 57 43 53 39 81 28 58 80 39 18 50 13 76 9 9 1
42 32 72 55 84 44 5 42 71 76 4 30 19 14 25 63 79 12 4 64 53 50 53 72 65 42 79 68 7 17 1 42 20 66 45 35 48 68 87 30 87 19 17 44 65 30 17 79 48 50 67 36 74 79 7 59 32 16 20 17 76 51 26 25
55 40 45 73 15 13 45 66 1 77 20 48 7 72 61 47 84 24 0 60 24 22 54 57 37 81 77 26 0 34 89 46 25 80 67 39 37 45 40 25 48 25 54 36 72 50 9 62 8 47 82 52 51 3 12 68 6 69 77 74 3 36 51 49
83 16 24 77 71 45 1 65 47 37 21 63 77 15 29 3 43 65 84 24 20 24 76 88 77 57 36 72 19 24 69 7 61 4 67 49 83 83 22 19 70 12 2 22 19 28 63 15 33 46 80 49 30 88 18 23 42 54 14 68 18 87 36 23
33 88 83 64 82 67 49 61 73 66 44 84 48 74 78 38 57 57 22 9 66 17 0 56 12 24 80 38 2 29 28 2 54 34 73 74 5 75 21 69 19 84 14 54 31 38 25 79 54 88 39 7 23 49 34 59 30 46 80 48 29 25 73 87
66 73 41 39 53 7 72 57 3 21 66 22 38 66 72 64 44 58 42 65 86 44 55 60 3 48 83 28 3 76 11 28 25 82 82 82 56 44 60 49 46 52 8 41 31 3 74 14 27 75 25 83 27 0 42 10 85 48 51 73 65 34 44 55
87 49 46 16 17 1 81 41 39 57 71 66 89 68 49 58 27 18 10 10 10 42 25 1 66 39 48 45 81 3 52 61 73 58 18 66 17 24 3 34 16 79 6 11 27 52 41 15 60 18 32 49 88 85 76 20 27 74 62 9 48 29 44 88
49 51 5 49 60 73 55 49 53 82 89 16 61 76 60 39 52 5 13 25 5 52 3 55 71 55 68 44 79 51 46 74 36 42 65 80 46 9 55 84 38 21 68 88 52 34 8 8 66 1 41 57 81 23 61 42 55 23 54 50 71 27 61 53
76 13 19 49 72 13 5 32 27 53 33 43 26 80 71 16 80 38 45 7 14 44 66 36 32 13 38 76 41 27 38 70 15 1 42 8 56 53 45 66 17 13 46 77 79 36 75 20 13 11 39 70 12 46 89 27 43 33 73 42 19 46 33 55
2 43 59 78 58 31 8 35 29 84 49 84 65 4 74 28 55 23 61 31 25 28 23 72 6 78 4 13 48 2 30 15 84 46 3 13 35 58 23 60 18 87 36 34 20 83 25 39 9 74 66 6 89 62 21 73 81 17 22 8 60 88 74 68
2 21 51 49 8 12 79 83 55 4 45 78 11 37 35 39 34 72 54 37 79 50 37 77 46 76 47 4 47 42 58 31 2 9 46 45 24 0 87 68 48 75 51 89 70 12 18 2 43 42 89 1 17 62 51 8 42 86 57 24 61 69 20 57
56 30 7 46 18 62 28 50 79 16 23 37 89 6 52 73 8 6 37 36 84 52 84 72 16 18 1 57 5 29 39 18 13 88 12 78 19 39 64 20 33 35 8 54 34 13 7 81 41 77 0 88 35 84 33 63 47 43 17 29 31 21 20 37
41 37 26 38 87 66 75 21 17 81 29 0 48 27 79 82 2 12 76 73 74 74 37 86 9 60 38 86 39 43 88 52 80 64 66 25 72 58 43 55 41 0 51 56 37 22 36 21 56 27 25 39 29 36 34 21 73 79 25 77 41 49 31 61
15 86 66 79 50 89 2 20 26 9 87 10 74 33 4 24 57 87 82 27 49 71 11 22 68 4 45 47 29 20 73 72 47 63 11 13 27 63 81 14 23 77 47 51 68 45 33 89 15 25 9 40 28 17 20 19 41 27 1 55 54 23 56 33
50 60 9 85 1 31 2 18 73 85 77 42 6 24 74 5 0 2 44 28 8 20 59 17 21 70 33 80 54 29 21 21 78 4 59 57 4 72 44 28 0 34 33 73 14 82 31 28 19 60 45 50 45 66 22 57 3 26 79 10 84 44 25 70
77 12 11 58 11 46 86 35 10 40 64 54 82 62 44 86 10 87 67 55 72 21 83 17 5 84 70 11 43 48 78 21 75 16 34 76 9 8 44 46 47 17 36 51 84 31 6 87 37 3 32 47 86 15 23 20 11 16 53 17 39 2 63 80
84 52 13 59 9 3 29 18 75 69 32 13 74 51 29 74 52 63 60 88 31 50 3 81 85 62 56 35 11 58 77 75 17 27 13 22 15 6 10 24 6 78 39 47 59 38 77 57 41 33 26 50 9 55 23 35 22 56 49 19 13 50 40 0
19 6 76 67 31 11 66 44 8 82 81 2 53 10 42 24 7 39 29 42 69 31 75 86 81 53 62 20 42 79 35 45 8 6 66 18 54 21 80 27 65 82 52 30 89 85 85 64 71 86 88 85 88 61 50 86 8 48 87 38 13 2 39 38
88 57 78 70 78 28 69 28 29 74 21 52 41 31 35 72 40 84 19 1 87 14 89 12 23 8 17 79 48 61 18 81 61 21 31 20 1 31 38 52 41 51 44 14 22 35 80 4 62 24 40 72 76 42 10 28 69 7 10 57 34 38 43 35
35 64 38 74 56 19 31 51 69 1 76 77 68 21 25 74 8 4 67 47 46 54 39 39 34 62 89 71 58 45 5 59 23 50 85 2 57 79 34 24 87 61 45 27 44 48 20 22 36 39 30 53 84 7 63 55 24 30 3 51 13 36 24 65
76 68 5 2 10 26 79 24 81 58 22 43 57 52 53 1 31 85 46 84 86 29 11 7 64 41 0 73 18 43 52 18 73 54 85 83 80 25 28 15 6 39 18 9 58 11 55 54 25 31 39 33 79 35 21 82 6 31 64 47 88 79 27 46
1 49 39 27 34 66 58 80 16 51 28 40 3 12 35 77 51 24 73 78 76 58 16 54 43 18 86 2 59 17 32 60 2 69 74 74 21 46 59 78 30 5 60 76 2 5 24 39 39 5 75 49 31 81 70 7 8 75 49 48 28 48 25 50
35 55 65 10 63 26 81 86 43 20 43 49 50 24 1 84 20 60 70 43 8 25 65 4 41 77 79 41 6 87 57 31 67 44 38 31 35 42 11 74 31 67 85 29 2 21 63 62 76 74 26 58 74 51 7 18 22 67 23 54 1 59 5 50
33 71 63 61 79 3 84 21 76 8 42 24 33 38 46 29 44 21 45 79 60 36 61 36 77 73 72 65 65 33 82 88 26 87 11 45 2 35 27 72 4 54 35 61 24 34 78 85 71 63 88 70 72 31 52 11 9 69 14 83 57 49 38 9
40 57 50 80 87 38 18 24 88 20 83 0 29 61 10 81 85 15 80 43 36 31 84 21 4 14 76 18 10 35 72 22 71 55 81 6 25 17 63 13 4 84 77 56 82 12 56 15 11 40 80 87 23 50 22 1 83 70 32 30 87 71 15 39
80 54 37 28 83 65 88 33 10 54 69 51 7 79 29 56 4 18 51 70 14 25 47 31 17 72 62 37 11 4 49 26 60 60 57 30 31 24 42 25 4 20 68 16 18 30 8 76 14 20 42 4 24 59 12 14 31 49 48 16 42 83 70 10
86 4 72 89 24 55 75 51 47 10 31 23 1 79 35 35 69 43 8 73 48 61 42 78 77 62 45 75 77 25 9 72 54 79 62 21 73 73 24 14 2 44 35 71 84 5 65 66 24 57 2 13 68 17 9 3 79 87 84 38 21 36 26 46
22 70 0 48 81 45 24 22 19 85 55 54 55 62 68 65 51 30 52 59 67 85 0 60 78 9 26 41 48 57 50 24 81 14 66 11 59 66 83 26 36 19 43 76 4 82 86 11 11 28 1 5 22 5 7 40 3 56 80 36 78 16 19 34
28 85 26 8 45 81 69 84 33 64 21 17 73 29 59 82 14 24 33 17 7 88 41 34 3 33 28 47 62 52 44 21 12 83 69 61 0 27 13 46 67 9 88 77 42 0 62 46 31 3 44 73 61 1 53 33 87 34 82 42 61 7 9 68
79 19 13 49 42 84 46 42 1 60 44 22 83 54 86 71 67 3 32 12 31 43 53 9 23 85 60 44 70 87 73 79 82 18 30 60 8 81 65 5 63 22 6 11 87 80 82 3 19 33 2 11 86 9 62 75 51 63 46 27 7 74 83 1
26 25 43 75 0 87 47 36 28 35 27 71 36 55 69 81 83 16 79 32 80 26 30 86 4 45 21 66 84 53 81 4 9 29 11 14 26 26 39 74 26 83 43 68 57 10 17 38 77 73 12 60 32 59 24 33 82 22 6 8 87 19 27 86
67 43 55 57 79 80 28 43 65 80 77 46 17 24 49 7 57 67 82 89 48 55 29 29 56 40 51 71 65 26 9 0 14 6 69 14 60 49 79 32 30 58 32 8 25 62 32 28 25 1 64 12 33 64 8 69 21 86 76 17 50 80 79 72
67 15 1 81 47 80 17 29 83 9 60 43 16 68 23 63 17 44 46 27 72 14 44 87 31 89 37 45 65 70 31 88 81 82 2 86 24 48 18 29 37 16 43 80 20 89 44 42 8 68 48 67 81 42 3 15 40 50 75 23 21 0 3 4
68 86 73 34 10 50 86 50 3 41 14 64 40 72 22 77 59 34 73 70 63 58 26 86 73 37 4 36 81 52 52 50 76 73 65 4 70 12 28 64 68 56 9 41 12 72 17 41 53 16 24 47 86 25 3 74 26 0 57 33 40 15 88 53
24 77 11 15 44 63 51 63 56 76 20 42 51 11 9 32 45 45 56 47 60 41 81 43 22 60 44 54 31 48 68 61 39 44 89 7 63 21 13 88 63 55 78 34 70 58 40 8 23 71 70 61 30 8 30 70 4 81 75 64 5 8 47 48
32 19 48 57 11 55 66 62 24 84 65 21 84 67 75 38 69 25 67 38 11 75 36 55 38 47 59 80 58 12 50 24 3 67 51 11 3 32 62 15 87 64 18 24 9 25 61 89 87 89 68 69 58 69 11 54 23 68 82 1 55 33 38 8
1 37 3 53 33 35 6 58 28 81 38 36 63 59 24 73 5 29 82 25 85 71 47 83 40 51 4 23 55 35 39 74 13 17 67 55 76 85 22 18 18 12 54 1 85 15 2 53 37 87 69 36 52 36 13 9 60 67 40 14 47 3 66 84
34 66 36 71 78 21 89 67 45 9 88 43 18 77 52 6 89 5 88 8 72 61 71 33 82 32 55 15 49 41 0 22 58 52 1 53 22 59 2 40 54 82 82 30 61 30 30 4 68 49 65 4 84 41 62 66 51 20 54 49 42 59 41 79
42 36 51 40 28 50 72 15 71 89 70 47 34 83 27 44 40 9 24 65 41 50 62 85 67 23 48 10 63 37 30 15 70 32 2 65 52 19 58 45 43 87 66 85 87 33 79 57 33 26 29 44 61 2 69 31 50 85 76 89 53 86 22 74
34 57 35 43 45 69 4 89 4 51 67 42 61 74 48 18 15 88 71 78 45 9 87 73 40 47 73 8 26 2 44 50 81 2 23 23 61 46 38 11 84 38 10 15 73 11 48 11 68 19 86 79 53 21 88 66 89 10 72 80 43 69 7 41
55 23 73 11 89 32 80 36 79 1 74 49 23 4 86 85 31 20 38 18 70 86 80 9 37 34 66 32 76 76 86 77 63 19 47 73 65 83 62 78 55 44 74 0 0 2 66 51 58 14 87 0 10 39 66 84 61 71 32 72 9 53 60 11
22 18 30 78 58 83 8 15 70 38 0 14 67 0 83 76 85 76 15 72 86 77 8 48 12 46 83 54 68 18 15 69 67 34 75 30 79 57 18 65 63 52 63 26 78 81 34 86 44 89 57 72 66 87 22 72 89 32 15 2 79 70 1 9
60 18 6 9 43 78 89 65 88 19 37 37 63 53 47 6 71 55 43 73 44 11 56 40 47 56 14 55 66 73 40 72 70 11 61 5 77 20 29 11 81 42 23 44 20 67 79 33 31 89 78 47 55 27 28 68 29 54 59 47 63 78 22 77
3 21 42 49 18 55 73 24 0 51 16 63 65 10 46 5 66 32 42 17 63 70 50 73 56 2 75 78 79 86 46 85 58 38 56 80 28 46 82 29 63 15 15 71 25 13 71 68 4 87 85 10 50 58 4 33 43 84 0 18 78 40 75 36
12 60 64 43 1 40 18 5 23 57 3 35 39 78 76 79 11 89 37 36 4 61 70 38 34 76 29 43 40 52 60 74 1 54 31 1 54 63 50 34 49 80 52 73 8 43 65 62 50 19 33 25 89 71 27 43 11 36 17 79 71 49 44 89
14 20 68 14 62 40 30 60 70 55 19 66 48 16 39 47 7 74 0 84 64 24 33 21 27 53 47 27 52 82 62 10 26 10 52 89 78 50 47 49 2 66 71 66 35 88 84 50 82 77 34 62 58 80 30 16 60 23 55 6 3 78 31 0
57 51 11 11 74 47 15 61 3 12 66 72 41 14 53 53 89 38 25 11 32 36 17 19 47 82 72 29 41 65 43 5 36 44 34 58 30 4 56 34 12 89 45 77 5 15 23 75 62 50 69 67 67 51 80 72 10 66 47 43 28 83 58 81
32 59 81 85 34 70 6 84 41 82 16 74 24 73 47 37 77 53 87 24 43 74 40 11 64 29 44 29 71 52 12 69 83 42 48 85 67 13 8 46 55 63 50 55 45 59 60 3 33 79 20 81 22 66 23 51 79 52 48 33 9 50 38 87
86 13 82 64 53 5 87 20 33 12 17 73 48 67 31 60 37 39 74 16 14 9 14 78 34 35 6 31 4 27 50 64 10 28 26 7 20 86 84 34 38 6 52 39 71 43 79 66 15 44 19 62 55 47 81 78 54 19 47 27 35 45 49 17
44 78 80 64 84 12 69 49 8 29 8 32 63 66 67 17 10 43 80 80 41 6 83 76 84 43 18 86 27 9 32 14 64 71 61 48 62 6 4 81 86 47 35 79 57 39 7 35 84 47 37 32 48 50 63 9 22 54 47 36 53 36 69 33
26 10 59 29 49 7 45 37 23 48 19 31 56 2 19 89 34 29 84 0 47 57 49 38 12 81 55 37 26 39 81 8 83 60 49 56 33 12 12 71 85 60 74 65 55 35 49 11 39 5 60 49 27 43 23 27 64 21 87 13 10 74 46 11
8 69 47 3 1 88 78 22 80 58 30 47 72 64 74 63 74 56 24 74 45 46 70 65 46 43 6 20 1 54 74 35 55 66 62 12 77 61 49 73 69 19 75 5 60 51 66 18 3 86 37 62 68 75 27 73 7 25 81 1 49 32 76 18
78 67 50 9 6 77 14 28 73 6 16 3 66 45 12 65 25 71 75 30 79 12 40 63 48 39 2 84 44 29 53 70 10 69 0 10 3 42 77 47 79 55 21 75 72 29 7 84 28 8 83 32 30 9 56 74 58 24 42 42 72 59 46 26
74 80 28 64 14 25 24 24 11 38 45 1 85 48 22 35 41 59 78 73 71 81 25 18 66 30 15 56 58 15 69 66 31 64 63 62 13 53 35 36 62 65 84 19 75 67 75 84 70 80 80 57 53 57 3 22 32 9 63 60 64 6 25 48
24 34 44 55 71 17 27 59 86 13 0 53 62 10 45 18 45 85 2 32 40 11 37 79 67 73 76 89 74 75 5 8 45 20 50 81 51 2 3 82 62 33 34 63 39 61 1 6 1 68 32 89 38 66 24 17 21 75 22 76 83 10 45 25
23 65 22 79 47 36 85 45 16 79 35 65 68 76 25 23 74 6 14 4 54 4 5 80 5 10 79 44 62 11 54 24 8 3 29 37 35 19 8 60 9 21 45 25 76 74 0 23 62 51 3 17 33 16 71 85 88 73 8 82 43 3 11 33
14 18 0 2 54 32 50 68 30 82 35 74 76 5 55 76 16 37 59 23 69 36 32 48 7 26 13 57 18 87 72 78 65 70 24 42 85 6 58 44 75 23 14 80 27 34 17 13 38 71 5 36 36 53 24 75 21 47 61 58 4 88 50 86
39 69 53 32 80 38 29 56 72 40 62 28 72 3 45 5 20 67 11 57 54 61 29 86 54 49 80 80 81 50 23 31 32 72 62 87 80 28 37 67 6 0 38 29 12 47 19 77 80 42 88 1 24 88 72 79 49 40 87 21 12 85 18 27
80 6 28 78 89 38 34 15 23 34 58 22 73 52 67 41 2 43 73 40 45 28 72 54 15 28 12 61 26 89 41 26 51 4 85 12 71 12 83 48 58 59 0 17 63 75 67 44 35 28 59 81 76 75 31 78 68 31 12 28 62 14 29 1
70 10 35 11 74 3 66 38 51 33 41 10 21 33 79 48 75 28 37 28 80 75 85 40 66 10 54 25 39 33 27 43 21 20 69 85 85 71 36 56 22 51 16 57 42 57 58 16 53 29 37 33 31 45 41 50 69 85 48 55 49 88 81 34
55 10 55 0 61 83 27 76 51 70 9 58 37 78 69 89 28 45 83 47 10 71 25 36 34 3 36 12 63 15 20 41 83 52 86 27 69 83 31 66 53 75 84 0 12 86 67 40 28 53 39 82 12 61 26 48 66 79 19 33 51 11 87 18
82 45 36 76 56 25 24 48 31 77 84 74 77 31 48 36 9 13 81 73 38 61 66 40 43 25 1 42 25 61 71 21 60 68 17 82 56 12 64 45 30 3 65 5 63 85 21 31 67 52 40 60 26 80 53 33 2 61 79 81 79 33 23 61
11 68 24 11 69 66 89 82 87 86 43 88 40 2 55 78 62 27 1 16 32 9 19 27 53 10 15 42 84 10 78 48 31 82 60 16 17 54 8 76 11 20 77 14 13 66 1 53 74 35 55 74 37 32 86 34 88 23 17 54 82 45 60 62
49 14 84 73 80 58 11 89 47 53 33 4 77 5 89 48 70 70 81 10 40 34 51 71 52 67 89 62 64 52 2 40 42 71 18 52 29 42 12 5 79 5 80 56 54 78 70 78 77 15 75 1 26 47 3 5 30 39 15 82 53 0 12 57
56 30 8 28 48 9 76 11 28 37 47 40 43 47 58 37 10 65 42 23 50 62 54 4 81 72 37 35 73 86 57 27 8 5 35 3 22 13 87 54 40 80 86 61 44 46 89 0 26 83 3 81 57 59 21 40 50 23 30 0 12 8 49 58
6 13 78 60 21 68 42 42 5 8 24 5 87 22 32 7 67 18 78 12 40 24 55 51 23 38 19 36 43 81 32 25 77 13 21 89 2 60 42 59 20 30 13 59 2 52 78 50 20 29 85 47 82 76 39 66 69 64 21 53 40 61 58 86
10 72 77 6 37 20 0 33 84 87 3 63 9 46 75 58 38 19 52 48 0 39 47 63 88 45 29 66 45 73 3 55 37 37 38 1 13 41 19 33 17 57 43 15 69 59 61 85 70 73 23 56 42 41 10 64 63 73 5 54 35 81 6 85
