38 69 26
8 17 28 37 0 8 31 5 2 10 15 25 0 26 31 20 3 4 25 17 36 33 2 7 10 19
31 23 21 8 16 10 16 0 21 33 20 29 32 25 5 10 28 18 32 4 13 32 31 25 0 31
14 0 6 9 7 23 14 28 10 13 31 28 29 17 4 38 9 19 31 23 27 27 12 26 35 14
8 29 26 14 0 0 34 14 0 14 6 12 19 14 34 31 1 32 37 20 2 12 7 15 31 13
2 11 7 19 1 36 28 21 16 0 18 7 12 34 21 23 26 26 26 34 24 5 33 28 15 22
27 3 33 31 21 6 10 28 13 29 22 27 27 24 1 24 3 20 26 2 9 21 31 6 34 26
13 27 20 6 3 8 2 1 8 32 23 3 37 12 32 2 6 29 35 21 37 12 38 30 25 16
28 19 18 29 35 5 26 15 33 23 26 20 19 28 16 12 20 19 10 7 30 9 29 5 0 36
3 3 26 6 4 10 28 32 29 10 38 31 25 10 5 6 9 16 21 3 25 20 36 2 24 11
6 23 30 27 34 9 21 3 7 28 11 29 1 13 15 36 22 8 3 31 23 5 20 9 8 8
9 10 37 27 17 10 3 25 36 14 8 25 16 20 20 32 17 5 33 20 34 15 28 28 26 5
25 13 21 18 20 34 5 36 20 34 13 16 28 11 4 24 13 12 16 28 20 37 10 9 38 2
18 32 33 4 38 32 29 25 4 24 16 24 18 16 4 37 13 23 35 33 20 11 31 37 27 18
32 10 15 33 23 31 21 23 4 1 27 37 22 33 1 15 7 27 9 25 13 38 0 3 36 11
33 3 7 6 2 9 6 10 17 20 23 3 34 3 32 20 4 28 4 7 14 4 38 10 12 32
27 0 35 3 31 0 14 11 21 32 15 33 36 31 19 17 22 5 35 32 0 2 25 12 29 11
32 2 10 31 36 17 0 24 23 5 3 2 38 7 19 1 28 7 22 11 12 22 18 24 1 24
21 0 20 33 38 6 21 35 22 15 10 26 36 5 33 15 22 6 2 23 33 33 11 17 22 22
10 15 26 34 7 20 8 23 16 2 18 25 33 18 24 17 16 24 33 5 22 5 0 27 38 2
15 16 26 14 33 16 9 3 30 5 27 8 3 23 1 34 25 6 12 34 7 26 16 15 32 3
10 10 15 5 14 9 20 33 9 0 9 18 14 8 19 38 1 30 31 22 27 21 0 32 38 25
6 10 34 23 30 1 14 9 15 31 2 31 4 9 18 2 10 8 12 21 28 0 25 15 22 7
18 10 38 17 18 6 33 29 8 13 37 1 34 20 13 1 22 37 16 29 3 36 33 24 35 36
31 5 13 4 3 25 12 0 8 34 24 35 36 19 27 0 25 4 35 22 16 23 0 16 22 9
17 17 37 28 29 32 37 6 26 33 8 17 38 32 34 28 6 28 36 10 4 25 9 36 23 24
25 21 34 25 3 2 5 26 24 8 14 28 17 27 0 16 8 20 7 13 21 2 9 16 12 7
1 20 5 21 33 19 36 14 30 31 36 25 20 34 6 37 23 30 11 14 5 34 2 8 27 13
6 8 3 18 5 0 7 0 37 6 21 11 35 26 3 11 4 6 20 1 19 2 18 38 36 7
12 24 12 13 28 1 18 13 7 34 23 6 14 14 22 16 20 34 1 8 21 34 37 26 20 5
14 1 25 0 21 25 18 26 36 13 31 26 28 9 29 31 34 16 34 13 19 21 17 36 21 35
13 3 37 19 35 20 24 23 10 32 6 17 35 6 13 17 37 16 25 15 6 10 24 26 7 14
15 25 36 17 27 29 0 3 3 6 21 7 34 30 9 25 13 15 15 6 5 14 31 17 23 31
15 18 31 38 9 10 17 9 37 38 22 28 9 30 30 38 35 29 35 8 19 12 30 6 28 20
3 21 11 3 24 28 26 7 35 32 34 3 34 11 2 27 34 27 34 6 18 24 32 29 4 17
2 27 30 30 9 9 16 33 30 12 35 25 25 7 4 22 35 32 12 13 32 8 28 16 32 15
29 13 13 6 31 22 20 36 13 23 2 10 16 13 21 14 33 2 3 11 23 37 31 3 26 15
6 4 35 25 29 23 23 19 0 4 2 27 8 1 20 2 27 20 12 36 1 29 14 11 18 21
35 23 25 7 30 32 34 18 24 23 13 8 20 6 9 1 37 0 18 20 19 3 31 17 30 23
4 0 32 9 18 10 30 28 31 1 12 18 9 5 17 14 9 36 26 3 24 38 36 37 4 20
28 18 8 38 36 12 22 12 15 6 3 1 4 23 10 38 27 6 13 27 4 33 31 37 13 36
34 27 33 2 26 26 18 5 0 27 2 23 38 16 13 25 35 35 28 30 23 17 1 22 7 25
37 23 16 12 17 19 3 10 2 25 12 27 30 6 35 7 2 6 19 28 24 18 5 28 35 22
26 13 18 11 12 8 38 23 3 0 32 22 24 37 29 15 21 35 3 20 10 14 11 24 18 29
12 5 33 31 2 8 38 31 19 15 12 17 29 32 10 9 19 14 28 2 24 36 36 19 20 15
24 14 23 4 21 13 4 36 36 35 9 12 8 10 19 22 28 0 18 26 36 13 31 13 32 16
28 20 33 7 23 9 30 10 8 15 0 13 2 12 15 18 27 10 26 38 25 1 25 13 6 7
11 35 22 17 0 37 33 26 0 17 10 0 34 6 36 30 11 21 34 19 5 4 31 27 7 37
30 13 0 23 10 18 4 1 16 3 27 32 9 34 18 22 24 10 0 4 7 23 35 4 36 15
14 1 17 26 13 20 24 18 26 25 21 35 21 19 34 2 28 25 10 37 3 8 2 31 22 18
6 31 7 5 23 1 32 29 15 25 33 21 27 37 37 11 10 6 37 12 36 18 18 28 3 13
22 33 27 20 34 23 21 22 6 10 31 20 18 19 10 16 15 23 9 0 35 15 17 30 36 23
35 9 27 22 29 1 18 21 25 22 4 1 30 13 7 19 28 22 10 10 10 7 3 10 15 19
35 4 1 35 37 5 10 34 2 23 1 14 16 37 33 21 10 23 37 9 30 33 26 11 29 6
18 36 11 3 15 10 1 12 19 17 9 10 21 11 10 3 0 34 38 8 26 24 9 11 12 25
10 30 18 8 2 22 10 10 18 16 36 4 7 28 8 6 33 26 6 11 23 30 22 28 8 6
13 0 17 27 25 12 37 10 6 8 31 34 8 3 5 1 11 2 6 7 31 9 33 37 10 1
29 10 22 2 3 28 1 7 20 7 18 18 16 26 16 29 15 11 5 23 4 13 3 11 24 8
37 9 13 21 38 28 17 1 8 22 30 35 20 27 9 10 38 8 33 5 8 38 29 6 2 18
5 31 31 29 11 25 16 12 35 38 8 23 0 6 30 37 25 10 14 37 0 8 2 4 32 28
37 11 19 7 4 28 1 20 23 30 6 38 15 19 2 28 37 12 8 11 29 32 37 22 28 36
10 31 20 19 26 16 34 23 7 12 1 19 21 13 9 14 1 14 3 37 27 1 22 19 23 15
38 25 34 38 10 25 3 10 8 12 22 19 31 29 23 19 33 25 8 15 7 21 8 24 32 32
30 19 4 33 27 32 3 12 34 22 36 12 17 11 11 20 12 0 28 3 11 36 20 5 3 31
20 23 35 37 6 7 31 19 27 20 34 25 38 1 1 2 5 7 2 34 6 19 6 23 4 27
6 17 10 1 8 22 32 2 11 37 2 6 21 26 24 25 19 30 36 3 13 21 37 14 14 9
16 29 2 13 0 13 26 5 11 30 34 30 26 35 27 2 5 20 20 1 1 12 26 34 17 2
15 8 24 32 22 24 6 18 5 18 4 3 9 8 31 6 15 29 6 3 18 36 29 31 38 21
22 12 11 3 23 1 23 27 26 21 15 34 33 6 35 34 29 11 23 11 19 34 10 32 8 5
12 31 18 24 22 8 34 18 14 20 9 3 28 17 22 26 31 23 14 22 4 22 2 25 28 0
8 3 9 18 14 14 4 19 26 28 0 4 35 9 31 6 3 27 28 14 12 5 35 28 34 26
38 10 24 3 8 37 14 7 0 3 38 37 37 32 36 9 12 1 14 19 21 18 0 14 26 4
3 21 12 12 1 30 20 9 29 27 21 21 30 29 11 8 13 29 9 35 35 37 10 37 38 19
36 1 17 7 8 21 32 3 3 2 37 11 30 15 3 8 10 18 14 35 24 22 27 37 28 38
4 33 6 5 26 33 24 6 27 25 8 9 7 29 34 2 12 5 24 2 17 12 2 24 38 4
37 16 22 21 1 33 7 3 25 4 17 30 37 10 12 2 13 36 8 2 14 17 20 38 6 36
14 5 32 29 26 5 28 7 19 38 10 28 24 6 11 10 22 35 8 0 6 14 31 15 15 34
4 34 2 3 24 34 16 9 0 27 23 23 34 8 22 36 11 3 8 22 2 31 2 36 12 6
15 5 1 25 12 6 36 16 14 5 21 16 22 26 10 13 29 18 6 17 29 0 28 17 37 14
33 32 19 35 34 13 29 23 25 23 36 17 34 2 13 16 18 0 16 18 9 9 2 5 20 12
26 5 18 19 22 9 38 35 34 16 8 13 34 6 13 11 16 26 14 23 31 25 30 14 9 13
38 9 8 2 24 14 30 11 1 29 37 34 3 34 34 12 33 27 1 0 8 22 0 17 28 16
2 34 31 25 29 18 25 4 28 1 14 13 11 28 31 3 2 19 2 2 30 12 9 5 2 3
30 12 8 0 35 35 1 12 28 30 10 7 3 22 28 16 18 4 35 12 24 14 0 11 15 6
13 7 30 5 20 11 1 8 32 2 10 16 20 36 3 10 10 17 1 14 5 38 30 13 32 17
35 15 21 30 14 29 27 38 24 32 22 29 19 29 3 36 21 15 26 38 37 32 5 19 23 30
16 25 30 5 27 10 25 4 28 33 9 31 27 9 29 17 11 33 11 27 31 18 29 35 29 21
14 33 19 15 22 16 10 7 34 23 23 1 13 18 37 6 7 5 9 26 10 23 13 30 18 30
30 9 18 17 27 36 7 20 24 23 2 23 29 15 23 35 18 16 10 18 10 35 14 4 38 11
23 6 27 28 4 35 21 5 28 37 35 20 0 15 20 14 17 35 18 1 11 24 15 23 34 36
8 3 1 17 28 6 9 14 0 12 7 9 18 35 35 10 29 28 21 1 11 16 17 9 31 16
6 16 29 11 9 16 14 2 23 25 7 27 36 1 23 3 33 29 19 26 13 17 9 29 33 11
16 6 38 27 19 7 7 7 30 33 17 24 3 5 33 1 33 31 5 32 21 2 26 33 27 17
11 26 29 18 11 1 35 31 29 0 3 36 19 30 15 16 23 36 0 37 26 23 14 15 8 20
13 10 16 31 0 27 12 27 23 37 10 17 5 37 27 0 22 24 20 4 15 15 29 10 12 31
11 21 2 12 15 32 15 33 1 20 28 12 16 15 12 25 34 1 37 2 3 35 34 6 1 37
4 26 17 30 15 29 17 24 20 33 7 5 13 28 18 16 18 23 1 35 38 30 31 3 23 36
9 18 24 19 37 10 4 1 20 4 37 13 37 3 19 30 34 5 28 6 15 26 25 11 25 27
10 9 4 19 26 23 2 17 31 15 18 33 14 1 33 37 0 24 30 29 23 5 33 4 1 5
26 18 1 19 7 5 17 11 37 28 6 6 35 2 21 31 24 18 26 31 23 3 35 28 30 23
28 9 34 25 28 38 27 16 29 2 37 37 0 11 11 23 34 29 16 8 3 18 38 27 29 6
33 4 8 10 18 32 23 35 36 7 30 10 5 38 14 36 20 2 34 20 11 35 21 34 2 26
2 15 33 14 19 27 2 15 1 30 3 38 32 38 27 17 11 13 1 12 37 19 7 19 16 37
23 1 33 17 9 18 1 6 18 18 22 32 29 25 31 2 8 29 7 1 29 28 25 28 12 0
19 20 25 33 15 12 21 7 18 23 25 15 33 12 28 20 8 30 26 36 3 28 20 25 2 33
17 1 7 6 10 37 12 17 32 17 20 15 16 22 35 21 29 23 25 27 20 37 35 6 30 33
6 0 25 3 34 21 21 28 16 30 7 2 37 7 5 34 19 9 13 26 25 28 11 9 34 18
28 15 38 33 1 18 13 2 17 5 1 35 6 23 33 2 15 16 10 37 37 16 19 7 15 26
5 0 24 9 19 2 13 7 3 8 37 1 23 8 14 25 9 8 20 31 8 28 13 17 25 31
35 3 34 2 1 20 2 13 10 5 15 27 16 36 13 16 15 17 16 32 16 29 38 10 29 7
2 15 23 17 6 27 29 24 9 10 12 14 25 22 5 12 28 6 13 9 11 15 31 6 5 1
10 32 5 6 16 3 0 32 16 15 18 4 33 5 17 15 32 26 21 6 0 36 10 32 19 36
24 10 4 20 14 9 3 17 6 37 33 19 23 25 2 12 20 24 21 25 15 24 8 18 4 19
21 2 16 28 13 27 16 26 22 36 37 23 31 36 29 5 35 37 10 1 25 30 33 28 29 37
12 15 6 27 13 33 32 4 33 27 0 12 5 36 6 6 4 31 38 30 28 10 18 27 17 22
28 3 7 31 19 14 4 13 18 3 4 37 38 30 34 29 20 21 32 19 27 1 8 10 31 20
9 35 19 35 29 19 34 8 1 17 25 25 15 17 34 38 32 20 17 8 24 14 7 4 36 34
20 16 19 0 19 36 27 29 14 38 11 14 2 30 33 17 11 38 11 38 12 18 21 23 36 6
18 16 5 15 37 33 19 34 2 1 35 28 7 30 2 38 31 16 9 1 25 13 19 23 8 32
15 6 21 24 35 24 31 1 3 10 4 28 12 11 36 20 29 28 27 4 36 23 28 35 14 10
15 30 1 34 24 23 9 31 2 25 11 27 29 23 37 4 30 38 15 6 17 23 17 12 11 24
14 13 26 15 7 37 26 36 30 14 29 24 0 36 6 31 38 21 1 31 23 11 38 15 22 12
38 18 29 20 20 38 37 27 35 10 16 19 12 38 22 28 17 4 8 6 14 4 37 22 13 35
24 23 34 6 28 5 6 3 31 33 31 23 7 11 37 10 38 25 9 5 10 8 19 22 36 7
13 5 33 4 29 4 33 14 34 27 35 34 9 31 27 38 23 8 27 3 28 27 16 35 8 28
5 7 16 7 34 25 12 5 17 27 21 4 30 3 34 7 0 22 22 18 21 26 0 20 25 7
27 23 10 38 1 18 1 15 1 7 25 38 34 23 14 24 21 4 12 11 12 24 31 25 8 29
26 20 12 6 19 30 18 0 2 36 18 33 38 0 24 34 14 34 26 26 28 8 28 35 26 7
2 33 14 35 25 5 3 5 23 14 36 0 5 1 35 37 11 36 38 9 29 28 8 36 15 36
21 37 27 12 12 30 20 17 20 12 15 3 14 22 35 24 27 20 26 13 3 14 9 21 16 28
14 34 3 9 0 21 23 7 14 33 2 38 2 8 35 16 20 31 38 12 11 28 7 31 12 9
13 23 27 3 5 17 30 37 31 37 25 31 6 9 9 17 22 34 24 8 13 14 37 36 7 18
16 4 14 31 28 21 32 4 22 31 3 37 5 6 10 22 38 3 10 25 26 11 31 26 28 10
0 33 36 13 34 16 6 24 34 24 31 36 32 37 35 10 17 20 35 15 5 2 17 2 28 23
37 23 32 14 2 6 8 12 6 22 1 6 6 32 21 26 21 20 29 4 34 9 26 3 22 18
38 20 37 16 20 33 31 16 3 10 28 33 33 38 15 6 16 17 5 22 21 11 33 6 37 21
0 0 3 32 7 13 22 29 10 32 22 18 0 33 28 0 27 11 35 10 11 14 22 33 27 35
31 14 38 6 21 18 4 16 17 21 19 4 5 13 11 37 30 31 22 1 38 5 2 21 31 34
25 38 14 28 34 11 15 38 11 2 23 32 2 30 9 33 34 3 1 0 3 36 26 2 17 32
