84 73 38
58 71 1 82 22 15 18 16 53 83 6 0 70 35 16 40 32 34 2 70 36 22 51 73 39 62 47 82 44 77 82 46 62 29 56 14 63 35
53 26 53 22 30 46 69 82 12 29 5 56 11 37 11 61 51 27 75 71 8 26 61 58 20 67 72 2 66 35 73 28 77 11 1 11 77 39
40 40 10 63 3 35 55 21 49 36 65 35 45 2 2 11 72 45 6 79 82 53 45 37 31 18 28 44 48 11 48 74 8 15 50 53 27 28
38 63 19 72 70 50 25 9 57 25 7 19 78 25 23 43 73 32 47 11 18 22 74 23 47 1 40 10 64 47 84 20 39 30 8 57 24 6
65 16 37 51 44 14 2 42 2 61 0 52 38 35 58 3 61 66 52 5 13 37 60 43 45 46 18 21 80 65 17 18 77 77 1 26 57 50
43 0 27 68 35 29 34 28 84 17 68 51 58 1 70 42 46 83 7 67 61 33 53 53 10 75 12 7 55 15 1 75 34 23 84 73 53 1
34 28 81 72 24 31 72 73 54 20 58 53 10 28 14 43 81 11 46 76 61 79 52 53 71 30 65 9 80 34 40 83 20 81 68 44 56 38
32 17 74 28 64 43 28 56 34 5 32 59 62 43 78 12 65 43 32 77 14 22 31 79 78 49 67 1 82 76 52 79 9 76 21 31 50 67
49 79 71 19 39 41 36 66 6 45 0 78 51 52 79 16 34 5 51 58 24 0 59 15 35 24 60 49 18 65 73 71 81 32 27 84 45 58
76 36 83 58 6 33 57 50 48 42 66 61 39 83 53 7 49 8 33 12 12 33 1 55 36 65 2 7 4 61 70 36 61 3 43 1 51 18
11 14 64 70 38 80 21 14 22 38 63 23 44 11 9 75 57 17 25 25 9 66 66 25 29 12 69 27 20 49 40 80 3 37 18 77 38 61
29 54 33 80 66 63 72 43 27 32 48 17 71 65 77 83 10 83 79 29 68 44 77 18 30 62 39 4 18 48 45 52 1 60 79 5 67 54
3 56 13 79 66 21 10 61 35 20 65 14 55 54 12 1 8 79 44 84 5 69 25 59 76 66 45 57 22 65 15 28 29 35 42 48 77 64
59 81 44 21 30 32 7 32 18 15 65 84 26 78 81 59 32 6 84 59 82 2 82 44 73 22 38 56 8 59 63 51 67 35 9 54 79 0
20 17 76 15 56 71 49 52 30 13 41 0 48 20 61 19 10 46 77 84 84 34 33 37 64 80 69 21 39 50 39 35 41 47 68 57 69 35
60 25 33 8 34 56 29 36 38 31 53 36 71 36 37 21 15 76 31 19 16 46 28 46 20 65 65 68 24 7 56 42 53 84 43 72 1 41
35 63 57 78 17 1 5 61 7 51 36 10 43 20 70 25 64 47 34 15 32 11 56 0 65 41 76 38 44 67 45 0 33 66 50 10 7 32
23 55 22 50 7 11 41 13 68 40 58 36 40 40 60 50 81 82 83 53 15 31 29 58 38 3 68 82 16 24 1 28 19 40 57 57 74 84
71 44 46 54 56 71 82 6 71 20 44 32 73 1 0 15 69 82 47 6 13 2 12 16 77 80 53 11 80 80 49 77 6 22 4 54 53 3
77 63 58 16 29 69 1 34 55 1 21 76 13 66 62 57 1 32 78 43 10 51 64 2 1 24 16 54 65 70 48 21 34 3 43 4 75 20
11 51 42 27 6 68 65 14 17 48 27 71 54 42 35 62 52 79 15 17 79 74 37 2 10 24 29 43 78 10 7 30 24 54 82 2 54 26
57 49 27 52 83 50 37 41 73 12 80 18 58 50 47 30 1 60 15 60 14 63 2 80 13 60 70 51 1 11 74 44 57 20 16 16 34 76
31 32 75 60 34 17 81 71 68 27 11 47 79 56 2 19 61 80 29 77 21 80 13 2 40 11 49 1 5 21 26 39 49 28 2 15 7 51
73 84 54 14 54 23 57 34 51 1 54 11 80 47 17 73 84 83 47 81 49 52 34 40 17 36 80 21 23 71 32 73 43 1 60 42 43 56
46 33 46 32 45 83 51 8 44 57 18 21 83 23 77 22 29 34 28 74 23 0 78 62 40 52 17 77 8 78 2 83 34 68 80 82 55 59
83 31 17 0 60 73 12 76 6 80 35 42 84 26 14 38 76 64 70 6 68 55 60 22 2 4 80 81 29 55 75 32 12 84 38 8 64 47
10 55 45 66 71 19 2 36 4 2 70 12 10 11 80 5 80 42 3 75 46 10 0 9 4 50 71 0 11 38 84 70 77 76 19 43 10 64
40 51 72 48 44 76 39 13 18 66 68 66 18 44 80 36 61 13 70 32 3 75 12 12 31 41 47 80 74 83 4 75 27 72 60 75 45 22
82 48 68 8 47 42 42 63 53 60 8 4 60 1 64 59 8 62 65 22 73 65 62 14 80 22 70 28 81 71 21 71 84 38 40 32 8 23
47 56 11 63 31 35 67 0 36 74 46 11 67 1 9 83 9 26 63 3 27 80 9 52 65 75 2 76 80 70 1 47 18 17 57 1 80 52
81 76 74 37 78 68 76 20 59 64 73 66 26 52 67 28 47 46 17 59 28 58 10 49 17 21 13 68 70 81 0 54 22 57 7 49 56 3
75 59 21 10 53 18 57 9 27 5 0 42 79 48 24 52 18 52 25 1 33 42 77 56 39 83 50 11 79 41 40 10 84 38 1 71 42 21
51 2 2 49 8 53 79 9 47 66 4 3 62 0 55 47 41 62 2 28 18 15 53 74 73 14 55 82 52 69 47 10 32 16 43 49 11 68
54 42 4 40 2 80 9 38 17 52 47 19 52 37 67 79 38 62 31 54 54 6 30 1 16 4 56 72 71 12 26 48 42 76 78 10 55 70
81 43 27 20 52 68 54 76 46 72 29 60 15 50 43 11 70 60 5 44 51 44 71 50 61 70 76 74 24 33 21 32 79 57 55 65 72 66
27 70 81 69 79 21 43 50 81 52 27 46 55 51 7 57 50 15 63 51 11 25 58 76 76 56 46 32 30 24 0 32 22 61 81 45 58 1
39 50 66 51 19 41 64 11 15 61 77 51 64 42 43 34 37 54 83 81 22 53 41 6 69 9 28 10 41 13 27 50 43 39 26 72 74 48
68 31 15 80 22 41 60 12 37 41 57 57 11 72 47 73 63 2 53 20 79 20 73 2 15 48 72 35 15 70 74 64 49 15 76 33 78 63
22 63 16 77 15 29 29 64 23 49 34 11 55 4 49 21 72 20 23 83 7 22 35 43 29 52 14 59 16 33 16 32 66 63 3 39 42 20
48 44 56 82 75 51 19 56 14 74 52 10 84 40 49 33 20 76 83 16 35 41 41 13 81 79 12 55 22 15 53 8 52 26 20 1 32 51
14 84 57 70 65 19 68 20 73 33 21 55 38 70 28 56 84 79 10 1 69 61 24 81 58 45 27 11 13 59 27 54 74 35 20 19 65 5
34 58 48 24 80 76 18 10 40 37 50 52 58 45 61 2 73 17 71 38 42 34 29 64 67 66 81 33 84 53 79 24 69 18 57 58 39 83
0 20 18 28 73 63 83 27 69 14 75 73 18 38 22 27 44 9 44 27 67 0 81 26 36 21 59 67 26 47 77 63 1 54 69 77 34 10
83 14 82 40 53 41 36 59 31 84 35 36 64 51 26 48 84 26 53 7 54 70 2 66 33 57 81 20 67 41 47 30 77 37 51 81 6 57
59 58 74 15 9 43 29 54 17 18 43 28 19 14 56 62 43 17 66 11 13 30 54 69 59 17 74 37 69 37 74 30 62 75 59 80 3 8
78 36 23 63 66 84 21 61 24 33 19 57 32 8 55 60 27 21 37 17 25 68 64 12 49 52 56 49 6 75 35 44 18 79 14 76 20 24
12 54 52 61 35 32 83 3 68 53 55 31 61 8 4 59 53 62 58 48 36 14 50 7 33 58 18 32 19 46 12 47 21 30 20 76 42 50
24 78 19 75 77 80 68 38 35 50 49 27 84 70 24 60 58 0 31 29 38 54 39 21 47 53 13 83 37 52 53 76 81 34 27 41 47 22
27 71 16 39 8 74 83 47 1 74 6 62 11 79 60 13 81 12 34 55 56 60 74 66 15 48 62 33 21 64 35 66 13 50 19 31 71 68
26 42 69 38 38 35 15 83 16 57 7 63 5 56 20 84 33 17 81 50 77 5 38 46 79 41 83 8 80 69 7 32 12 55 35 75 39 3
12 39 37 11 64 7 83 36 29 84 32 53 59 39 26 72 55 38 47 30 47 47 43 74 18 19 52 73 0 20 83 22 23 5 10 26 26 30
36 27 1 44 17 42 23 51 19 17 84 0 79 37 40 20 40 60 71 13 19 19 54 4 75 24 7 21 67 67 36 74 39 16 43 33 52 7
31 39 71 30 20 6 7 84 41 80 83 8 37 16 11 78 60 67 4 82 43 0 38 25 19 25 44 7 26 1 28 66 71 6 19 4 76 75
24 26 2 53 22 14 11 65 74 82 71 51 10 23 40 62 19 60 2 6 37 57 23 50 81 79 61 38 48 11 14 21 51 0 46 25 66 82
68 21 6 14 41 51 21 63 18 1 62 67 70 20 19 35 65 33 13 1 26 24 3 80 9 76 48 31 1 25 10 34 33 53 2 1 42 36
0 45 43 84 43 11 19 27 9 37 48 19 71 27 57 3 21 71 14 64 67 26 34 17 50 48 50 84 68 28 32 79 77 73 53 77 77 41
60 57 62 57 36 24 63 24 84 84 76 61 72 27 80 2 21 17 0 29 43 59 22 32 10 78 65 7 12 28 36 38 74 0 45 22 25 54
1 74 59 57 15 47 8 54 11 56 52 20 79 47 77 40 68 50 55 52 30 76 51 79 6 10 40 46 58 36 69 6 77 37 5 81 32 68
9 72 72 83 69 25 84 35 25 67 66 81 7 61 47 64 5 34 77 80 36 55 22 65 73 66 39 15 2 58 18 3 78 7 61 69 73 71
77 82 65 73 21 37 10 34 49 64 45 22 40 30 22 47 52 36 69 2 13 77 41 57 32 18 29 73 18 55 0 81 21 82 48 70 67 13
1 13 11 81 73 24 42 35 47 0 5 71 3 8 46 82 58 55 50 36 53 19 15 49 23 46 47 44 3 24 1 72 41 27 67 43 38 37
36 18 8 74 76 28 49 40 28 22 73 82 31 7 3 61 33 17 20 46 70 33 45 13 44 60 36 57 62 23 57 30 62 62 12 20 52 60
53 53 3 11 34 80 80 66 19 33 35 17 39 70 71 69 67 79 50 59 18 4 57 35 19 14 6 82 64 79 5 45 0 40 1 57 34 21
50 79 84 13 27 8 62 29 3 14 55 52 46 6 30 71 45 32 15 53 42 64 48 23 4 40 60 40 63 11 3 1 69 84 18 17 29 20
43 22 11 30 42 78 83 0 2 64 22 83 40 26 38 5 49 62 1 43 62 9 76 62 83 53 28 81 37 41 84 56 12 72 43 63 66 83
75 79 24 58 65 32 54 48 26 49 34 15 1 9 15 67 37 15 73 40 55 24 83 52 30 65 55 17 76 79 38 35 70 11 64 24 49 79
82 39 42 20 4 81 59 34 61 20 0 5 76 34 68 39 34 38 18 25 41 44 30 2 83 71 24 63 1 5 83 9 28 81 16 32 57 14
71 84 82 47 35 45 79 26 54 31 19 13 69 58 26 78 6 47 40 23 44 84 71 4 68 71 21 56 51 34 17 45 66 48 57 79 32 1
71 48 80 81 15 49 8 27 36 30 17 31 50 80 69 82 73 9 13 67 44 31 11 79 82 80 51 10 70 5 1 15 39 77 44 43 3 10
73 74 0 83 42 19 32 12 35 50 17 56 35 66 35 62 37 28 53 38 43 52 56 43 62 44 28 47 48 77 74 58 13 78 65 61 32 58
61 58 34 83 33 58 28 47 48 7 57 50 42 77 2 16 68 13 13 7 30 19 65 57 11 12 31 70 73 82 26 48 38 38 47 17 31 33
48 12 39 29 39 37 72 56 2 36 58 53 23 61 79 46 1 15 34 21 79 13 81 78 10 59 17 19 15 62 15 8 30 0 50 14 28 2
31 11 5 31 77 35 47 62 35 16 74 78 52 42 65 16 11 47 47 18 83 20 56 23 47 83 65 47 4 28 14 53 62 58 58 79 6 82
80 33 78 62 18 32 13 27 60 36 56 6 3 50 17 19 76 22 60 35 77 65 31 13 47 36 41 39 55 64 67 71 11 20 43 66 77 12
75 73 35 11 30 80 56 46 44 83 57 47 50 60 84 25 14 70 43 51 62 6 26 29 33 19 10 34 4 71 45 6 37 46 37 36 3 46
83 57 18 77 16 71 66 77 5 30 74 44 45 3 5 13 66 18 39 53 34 66 21 13 2 6 18 56 16 44 57 26 11 21 56 84 46 40
8 77 84 7 53 43 9 38 11 58 54 47 79 75 70 51 78 57 50 9 29 23 5 58 55 46 27 78 20 32 27 81 48 39 14 3 48 68
67 57 78 54 34 7 30 12 33 83 24 10 21 25 59 28 20 10 20 80 34 78 67 39 71 11 84 79 77 37 55 57 10 42 31 79 1 47
52 36 14 18 42 68 77 24 38 60 55 20 43 61 68 19 50 28 64 76 12 56 23 58 43 12 34 38 60 25 39 30 38 48 50 73 24 80
34 60 34 38 65 23 25 39 59 27 69 73 66 77 69 0 4 1 71 45 11 52 55 31 52 79 81 29 49 77 59 11 13 11 31 47 59 0
28 64 65 72 65 44 12 55 27 54 78 10 83 17 15 26 35 11 9 47 6 57 16 38 2 55 72 54 14 35 53 82 52 51 10 39 19 64
49 3 24 45 23 78 1 32 23 54 68 76 12 66 8 35 58 37 18 78 26 56 60 73 20 24 33 68 63 43 57 27 12 14 36 31 20 41
9 8 69 66 81 70 46 66 52 23 62 44 62 61 81 41 58 79 10 41 67 16 30 71 0 69 66 45 69 66 38 25 12 48 23 18 41 2
67 61 52 59 57 16 10 40 2 34 61 2 23 15 56 80 56 23 73 63 60 41 19 14 52 84 33 83 6 12 31 5 5 65 24 52 26 14
52 12 79 22 9 54 5 69 69 46 5 3 57 45 46 27 51 14 61 50 17 81 84 49 66 71 3 30 83 79 67 38 22 48 39 82 76 1
33 1 41 35 75 24 13 6 54 34 23 47 51 71 37 16 2 32 84 71 11 26 78 15 81 60 42 43 26 55 3 14 73 35 57 51 55 41
1 60 42 71 35 40 58 1 1 3 67 68 76 41 68 24 11 71 80 75 58 56 8 34 41 49 4 61 67 79 20 3 64 1 30 61 9 36
22 71 25 66 47 41 66 5 34 2 63 30 36 33 83 22 41 50 38 66 63 5 8 25 25 34 6 28 2 73 58 27 7 36 16 12 14 10
37 35 54 60 40 2 83 7 35 69 40 77 76 17 38 56 39 16 78 7 20 33 24 53 37 2 68 77 82 72 44 1 29 26 35 20 5 72
57 64 22 28 24 68 59 23 83 70 28 60 0 70 43 38 61 33 37 40 40 10 18 52 3 47 5 76 61 54 35 74 7 0 13 49 50 45
19 19 14 20 43 39 38 18 11 55 50 54 38 43 62 51 20 3 35 60 70 19 0 56 49 0 71 70 19 30 58 16 68 71 0 6 23 66
40 20 52 14 65 61 17 84 80 6 78 3 74 9 16 76 63 4 52 58 18 70 62 8 67 73 23 83 13 28 14 57 52 51 22 55 11 37
75 55 83 42 52 21 52 62 61 16 21 15 5 14 84 80 66 41 41 30 46 84 20 30 15 40 49 59 12 33 38 64 37 43 36 44 12 62
52 24 33 12 44 78 17 9 60 62 21 26 11 52 1 58 64 0 14 84 21 35 54 63 15 64 23 82 16 0 57 49 36 19 31 9 24 42
16 44 25 21 82 52 80 58 65 32 19 3 51 1 73 6 67 60 80 22 7 6 23 73 78 4 72 67 26 31 73 19 6 64 42 4 21 83
32 22 54 69 9 43 61 78 74 54 22 84 75 59 68 56 65 83 18 67 80 37 19 28 52 28 34 45 5 67 42 58 76 11 63 0 0 15
23 22 79 69 30 1 74 64 15 38 51 79 40 23 83 39 79 68 27 2 32 12 75 63 46 5 36 64 35 76 65 58 21 67 46 23 72 8
51 71 82 52 18 51 51 78 55 43 43 73 55 48 24 43 40 78 4 48 75 39 72 73 64 39 28 51 81 13 56 57 55 14 26 54 2 70
26 80 23 46 71 42 55 57 6 39 82 36 8 72 56 80 74 31 57 48 18 64 19 0 17 81 33 28 37 34 72 58 4 29 19 15 25 12
84 41 72 61 69 73 7 2 37 45 44 24 8 17 21 20 15 45 73 34 7 54 53 66 83 47 82 47 25 45 4 80 32 56 66 25 57 17
60 73 57 9 27 77 12 2 23 5 47 20 42 53 10 78 16 50 0 79 26 51 41 16 83 14 32 18 5 46 44 4 3 72 78 30 30 70
2 24 16 18 76 60 40 15 53 60 22 45 30 81 2 13 81 24 63 76 69 68 80 84 70 4 69 59 57 47 81 53 72 32 15 21 41 67
12 32 46 47 56 40 53 70 26 39 10 48 45 67 61 41 84 52 80 35 80 82 61 63 16 16 44 71 22 72 9 80 80 27 57 14 72 1
19 56 22 3 35 52 31 30 39 78 80 55 72 63 40 3 15 66 79 23 44 4 71 3 19 14 2 67 57 51 15 21 76 84 34 11 56 26
20 51 12 45 54 40 35 72 56 66 53 76 41 35 48 24 18 3 15 55 8 41 60 52 49 28 0 67 4 68 2 23 11 36 45 51 62 79
19 57 74 50 37 33 30 52 57 54 0 32 36 31 19 9 78 45 45 75 35 76 33 83 8 8 38 40 31 79 9 32 67 1 24 49 17 59
33 20 54 19 30 40 12 43 56 81 56 35 24 68 27 56 68 36 8 15 79 72 49 19 76 61 50 19 54 10 22 4 65 30 31 11 64 81
10 35 76 26 61 63 39 54 16 39 69 73 23 7 18 70 12 72 75 45 47 54 74 38 43 43 75 59 15 77 63 12 16 33 74 28 19 63
48 34 62 11 16 9 3 11 51 65 70 34 50 62 40 36 34 55 10 11 77 81 46 18 30 7 11 18 71 24 55 21 81 14 42 25 32 23
67 67 35 59 33 61 46 4 25 31 5 49 52 23 25 6 69 15 56 2 36 28 61 34 60 28 80 23 77 44 53 74 62 35 18 47 5 45
50 48 22 45 43 52 36 65 77 14 14 53 61 58 15 77 49 4 51 6 42 29 82 67 0 17 77 56 64 26 17 45 81 75 42 11 75 61
62 29 51 17 49 67 45 78 30 54 14 6 20 80 27 82 22 2 60 4 77 83 45 74 4 74 37 55 74 82 80 17 59 50 45 70 8 15
49 24 17 77 45 57 34 26 29 59 40 45 56 51 50 34 82 31 38 62 73 19 56 70 13 1 8 50 50 12 68 23 19 61 27 5 23 83
55 38 40 28 19 35 52 6 2 76 43 72 65 58 55 20 79 74 75 69 80 55 20 13 9 21 72 79 2 58 48 8 8 78 60 66 66 33
13 57 15 19 29 1 7 59 84 27 43 47 22 63 23 10 3 49 12 5 78 53 32 30 24 8 84 30 26 23 22 48 58 11 54 77 56 13
2 76 47 39 81 73 76 25 5 63 14 68 72 51 63 77 7 60 45 11 29 25 82 69 18 57 35 40 47 68 39 52 39 34 64 56 63 60
15 17 36 69 1 3 23 36 78 56 79 3 55 62 59 45 42 55 28 17 53 59 9 57 20 67 8 52 77 7 17 34 56 22 51 7 58 67
52 35 66 5 47 19 82 14 77 50 23 44 66 49 58 22 51 58 57 41 24 18 58 30 38 20 2 56 16 23 25 23 21 8 54 67 15 34
13 2 61 44 23 11 46 8 65 5 83 61 9 34 8 23 32 74 24 75 36 8 40 54 66 79 25 10 42 76 68 82 46 28 73 27 0 69
10 27 68 53 24 70 79 61 21 79 66 73 18 19 41 62 12 53 2 27 14 69 16 40 30 29 40 66 43 16 35 1 46 84 18 72 65 4
46 55 45 60 49 39 58 48 58 70 14 61 48 5 24 17 63 26 21 66 56 24 80 78 53 18 37 32 23 61 45 81 49 81 15 14 26 7
80 39 62 32 16 8 74 10 33 52 79 24 61 43 32 22 39 76 82 70 84 79 66 13 80 67 33 72 12 31 11 50 82 64 38 2 67 5
38 28 61 73 57 57 14 77 79 16 5 63 45 74 2 37 81 41 63 4 67 20 31 57 33 53 52 66 4 64 69 8 57 41 29 7 52 8
52 53 50 12 53 5 15 73 7 80 79 58 31 23 84 18 75 19 19 1 25 8 52 71 76 9 73 82 4 48 44 20 66 1 3 79 61 6
25 9 0 34 17 19 30 57 29 37 67 30 34 25 54 44 51 2 51 52 78 44 15 19 55 73 69 28 60 47 23 11 13 31 49 55 83 79
69 60 20 54 78 30 15 17 46 23 61 10 16 21 2 54 14 9 19 30 29 74 67 82 55 73 77 64 15 9 16 68 49 17 65 28 5 81
46 82 5 73 35 75 1 45 0 51 15 57 17 70 77 61 47 30 80 64 8 69 65 6 44 84 71 37 37 66 36 51 69 42 24 72 72 15
16 71 45 25 12 55 14 0 15 61 69 84 19 75 26 44 15 53 35 54 46 73 58 76 47 44 18 5 50 77 38 16 27 70 22 18 17 39
79 58 19 44 81 66 2 55 47 2 21 40 18 70 26 32 11 15 56 38 39 14 24 42 20 44 39 23 58 27 56 4 83 47 82 4 69 66
12 57 21 1 64 81 22 61 70 13 75 65 51 51 24 55 47 33 42 58 79 44 55 38 16 81 28 17 2 58 2 70 42 72 2 79 18 34
77 49 68 52 38 59 60 83 3 66 83 14 71 49 64 27 22 35 66 27 73 3 56 42 59 33 2 38 75 55 8 40 42 4 24 82 39 29
41 71 55 47 56 50 25 37 10 80 0 67 21 75 16 56 12 32 23 46 31 31 57 39 80 4 21 30 18 29 34 0 6 62 68 62 72 3
49 45 37 57 31 6 15 6 45 84 20 55 25 79 83 47 2 40 12 42 40 18 65 2 46 84 21 48 39 18 79 25 5 50 43 20 11 34
6 39 24 64 65 38 50 55 38 62 23 51 67 29 43 1 60 49 40 28 47 27 76 16 61 3 56 67 24 58 82 46 63 5 71 79 63 62
51 75 18 15 11 4 15 63 35 44 58 75 59 23 68 33 18 33 26 55 33 22 52 84 3 28 44 64 20 21 62 76 81 66 35 62 70 70
3 56 51 56 19 73 46 6 76 82 49 73 77 51 44 26 40 1 59 5 15 57 83 57 80 19 83 5 40 28 76 30 10 44 7 49 63 17
38 39 37 32 51 16 20 42 12 59 81 17 70 74 77 78 45 13 33 14 18 54 76 24 36 80 22 63 66 75 24 82 56 18 6 17 20 76
59 46 40 83 42 73 46 17 59 71 42 83 35 24 57 32 4 47 23 23 11 82 69 16 52 17 49 15 64 32 32 77 67 45 43 56 15 14
66 23 42 2 57 0 21 59 4 38 57 27 21 66 41 35 77 82 24 45 65 83 23 38 77 69 28 4 49 34 52 53 70 51 49 38 74 4
1 46 24 49 37 74 1 10 0 59 44 57 78 48 36 32 64 29 47 17 36 26 83 21 74 9 8 58 19 61 65 74 32 41 25 17 7 78
8 64 19 49 72 42 17 8 69 45 16 32 53 55 51 60 82 81 27 12 42 24 57 58 16 79 78 54 84 37 10 11 71 45 20 49 12 19
63 77 55 11 29 45 81 81 76 8 52 31 83 61 3 68 11 84 8 74 44 4 51 47 68 62 37 51 33 81 1 25 26 24 19 44 0 39
36 35 34 25 78 27 22 16 52 23 12 35 9 50 25 23 84 83 16 11 83 29 69 7 60 17 50 65 21 40 30 84 35 37 15 24 60 65
0 0 57 35 5 3 57 9 27 30 16 80 78 69 31 84 69 59 16 21 9 55 0 68 68 6 10 6 10 31 63 65 45 16 12 37 16 61
16 24 28 49 49 41 81 2 9 32 75 6 32 2 45 4 34 44 74 3 54 27 65 48 68 53 48 10 23 24 74 66 54 58 31 34 32 84
22 43 44 2 15 16 61 2 16 73 21 33 74 20 4 30 82 34 71 2 4 40 82 46 42 34 35 25 38 53 84 23 6 39 20 26 12 77
