94 48 47
85 13 86 90 45 64 79 88 17 59 40 41 24 6 78 60 63 31 76 55 61 10 42 10 86 34 73 69 81 68 12 43 15 89 26 61 46 24 74 27 21 80 33 45 77 8 38
71 91 75 27 36 90 85 59 44 88 1 91 48 15 50 7 80 6 63 42 79 41 49 84 59 40 1 87 76 83 19 5 8 29 6 2 51 1 35 83 19 24 23 49 3 3 69
20 7 9 33 70 55 65 64 2 68 32 8 43 58 32 21 22 71 90 76 21 16 56 55 76 93 55 69 57 39 35 4 8 27 75 82 71 19 55 93 56 2 79 34 15 55 21
59 22 51 56 34 15 69 62 84 68 93 77 34 74 73 71 43 72 90 78 31 42 32 2 43 6 86 57 31 72 91 85 25 50 38 2 39 77 54 84 68 64 61 63 49 21 67
76 91 34 6 61 66 14 87 71 54 52 3 73 34 51 35 62 34 50 66 73 67 19 48 93 41 41 3 16 11 63 32 71 1 8 35 93 63 91 30 24 66 28 22 68 4 24
27 38 76 86 64 15 72 80 84 25 49 90 0 88 29 52 47 63 51 22 33 29 29 12 64 34 84 91 30 7 20 93 50 70 78 10 90 23 40 57 10 65 59 79 54 38 82
21 54 84 49 39 50 73 87 78 53 42 92 42 35 33 92 50 56 71 64 14 82 40 74 39 27 14 2 30 82 38 4 80 46 0 15 82 92 40 91 24 41 62 77 87 33 42
39 74 44 26 77 68 22 78 61 15 47 1 68 73 59 47 49 23 71 16 10 21 62 81 2 33 62 81 92 30 64 11 22 15 5 12 83 78 87 87 11 27 89 51 46 65 86
62 68 5 9 3 29 2 9 85 15 54 6 40 56 8 55 47 33 69 86 54 5 89 51 44 90 1 75 49 67 74 89 27 88 18 23 26 77 76 32 59 78 65 2 69 84 93
52 8 65 54 90 74 7 14 64 81 17 32 46 89 32 36 27 59 16 13 65 56 70 27 66 72 27 61 48 93 50 71 88 65 11 15 4 65 60 57 60 7 39 5 40 34 49
41 59 45 26 58 55 42 74 44 30 59 64 42 6 16 37 80 88 90 71 90 3 58 78 19 45 6 16 21 47 39 59 28 52 93 7 85 12 26 90 43 21 89 7 61 5 69
42 73 53 67 83 60 91 35 41 19 9 72 46 80 92 63 80 83 71 86 12 34 49 70 50 27 47 68 79 39 88 70 30 74 41 34 56 23 65 45 11 13 1 81 72 61 24
14 23 94 42 8 25 2 52 27 91 58 23 83 75 58 41 58 45 60 33 74 49 56 90 44 47 0 80 27 38 52 81 0 52 27 45 17 88 50 93 1 17 16 61 55 79 93
13 55 69 61 66 91 56 19 33 81 64 80 33 93 51 5 45 51 57 89 33 24 7 61 17 87 65 20 84 83 15 59 16 37 64 60 50 35 28 60 42 14 12 65 86 16 16
46 19 0 46 7 33 66 65 56 79 25 63 29 41 11 73 88 84 59 15 75 15 29 32 56 27 55 79 73 54 34 12 10 73 4 26 93 61 85 69 86 51 63 29 51 26 17
57 77 84 42 48 24 19 81 73 78 15 88 0 91 64 85 60 69 86 78 92 17 44 79 42 47 47 70 61 76 27 51 89 39 3 91 28 74 37 59 48 29 88 3 1 31 90
11 65 16 29 74 12 51 24 77 83 81 5 67 55 23 91 21 24 73 2 86 61 39 0 88 60 4 31 52 14 76 90 22 53 66 7 2 85 77 5 54 79 79 26 87 53 75
17 38 49 69 46 67 69 33 49 50 93 23 69 25 7 54 22 60 92 68 22 30 52 34 37 52 34 59 43 32 66 25 30 53 22 66 5 64 25 65 81 39 46 44 19 31 81
31 27 39 89 81 62 19 45 50 28 40 89 66 22 74 45 37 49 1 87 77 47 44 44 70 42 60 14 16 72 67 11 41 58 53 58 67 92 38 65 42 64 77 43 62 50 55
43 93 57 32 80 45 66 16 8 39 42 83 66 52 50 41 40 50 84 79 31 1 91 31 82 80 39 34 16 17 60 66 17 63 82 93 43 53 87 40 29 46 31 44 45 75 2
34 49 12 9 40 43 86 4 76 91 71 47 78 31 54 41 6 61 66 73 9 13 30 11 59 32 84 91 71 35 64 37 35 11 4 59 56 17 38 39 69 45 44 60 21 90 4
20 14 16 78 0 76 52 2 87 3 15 53 71 22 85 75 68 68 27 84 91 5 34 46 93 54 57 30 43 26 13 84 58 26 55 55 50 81 43 27 48 60 39 13 84 67 34
28 14 51 61 19 15 24 44 4 70 61 24 15 8 19 20 10 38 55 69 2 38 7 78 64 19 28 22 6 44 28 0 17 31 3 15 57 73 83 47 30 20 75 79 74 55 4
53 52 6 66 13 58 85 61 91 7 32 8 52 34 75 2 31 92 29 0 61 39 40 26 83 2 20 19 16 74 85 28 54 81 94 92 77 2 27 27 93 12 52 34 25 16 49
4 43 39 93 90 75 67 68 37 51 21 19 64 63 54 27 60 3 19 51 22 23 84 47 10 43 71 19 2 90 66 68 50 44 67 71 94 22 44 79 90 33 68 59 15 1 57
73 19 12 69 77 10 25 62 75 13 55 26 42 7 51 31 66 17 78 9 73 71 61 38 40 68 15 90 17 47 35 20 19 70 70 71 94 64 33 24 23 72 14 79 8 84 5
4 4 89 60 34 12 18 86 3 36 93 0 52 32 8 68 71 21 25 87 25 94 80 3 78 67 61 23 1 81 24 33 21 45 90 42 57 40 28 42 0 43 91 49 71 18 62
61 45 5 65 63 94 31 43 8 19 8 93 8 52 24 6 46 55 49 29 20 33 77 14 60 10 16 83 67 11 71 36 7 41 22 16 0 83 36 73 52 51 15 24 3 92 38
88 52 62 63 37 22 51 87 24 74 53 0 54 44 25 22 3 0 74 25 9 46 23 87 94 75 57 41 38 1 85 4 40 61 28 25 3 66 3 24 12 37 0 43 16 55 41
75 34 63 94 73 90 15 83 1 55 51 17 90 75 17 11 86 9 70 53 56 92 0 69 38 29 58 63 62 42 52 54 41 49 70 70 14 67 20 60 46 9 40 86 5 53 79
52 39 3 49 72 28 30 38 10 2 69 26 29 5 12 1 56 70 62 26 72 30 62 57 62 41 58 82 58 21 52 1 7 26 68 73 25 49 18 9 77 29 28 62 9 58 48
36 35 10 75 12 29 86 47 11 23 46 72 68 52 27 68 9 59 47 33 17 61 88 74 93 71 60 66 14 66 19 71 65 40 51 68 80 47 91 4 14 29 52 32 21 79 90
0 25 1 1 26 62 89 41 46 46 71 11 64 19 86 18 80 77 66 58 8 36 71 75 10 70 61 84 26 66 5 6 70 36 67 2 86 49 41 69 73 54 17 13 58 47 89
45 47 36 25 75 42 21 47 6 54 81 59 70 36 3 3 25 47 55 51 66 14 24 2 59 38 51 45 32 59 42 49 10 49 54 13 58 2 8 33 18 26 38 32 16 51 36
27 80 75 61 29 79 49 23 8 4 51 77 56 19 75 47 45 68 18 60 71 9 12 34 78 87 51 40 90 55 82 76 7 21 29 83 39 82 7 13 16 23 47 68 11 0 18
64 55 59 94 76 86 27 46 77 53 13 16 45 73 51 43 82 24 2 17 68 93 74 54 64 7 6 14 68 63 12 82 47 48 48 58 68 64 50 25 44 11 58 56 29 21 22
45 40 69 16 67 66 12 63 83 44 77 87 64 54 57 30 32 53 22 7 94 86 27 87 1 86 7 41 17 61 43 3 78 83 1 36 42 61 67 43 33 75 63 63 84 81 61
6 4 53 17 5 16 70 1 70 68 85 48 68 88 70 52 2 7 44 37 64 56 66 93 39 58 38 76 3 16 13 72 68 81 3 64 76 28 94 31 17 83 46 39 13 80 13
44 13 37 38 13 63 43 60 19 25 45 47 63 25 20 85 80 35 44 7 57 35 55 57 74 15 30 89 67 23 25 0 65 55 17 45 93 37 11 56 90 2 28 35 67 32 36
27 49 3 77 57 23 38 26 38 16 32 82 91 68 55 86 91 67 26 11 43 83 46 47 47 50 34 66 78 53 73 22 65 73 25 48 0 50 35 38 67 50 3 82 28 2 16
6 61 0 18 68 66 91 20 12 94 71 11 20 75 87 26 64 32 78 61 53 73 41 39 85 3 69 45 14 56 25 20 32 86 64 15 27 35 14 34 81 41 92 94 9 72 1
67 0 13 37 71 52 46 82 1 93 33 31 11 34 28 67 7 51 54 82 27 14 29 9 48 21 13 14 13 41 10 32 79 78 7 70 81 24 19 45 38 82 23 13 91 43 66
93 50 88 87 50 88 18 12 5 77 49 5 2 6 48 93 56 64 48 7 35 62 39 42 24 62 12 33 57 35 13 25 70 1 79 62 43 12 55 60 2 77 44 11 91 56 48
30 77 8 47 35 59 20 19 57 23 0 85 47 52 93 28 82 66 88 44 50 93 25 45 78 87 34 53 18 44 10 19 71 18 75 46 35 11 69 34 19 78 79 90 9 37 77
75 11 92 30 67 92 77 53 44 70 81 54 38 11 58 65 7 19 72 91 89 52 79 57 21 91 23 26 3 87 91 23 67 10 71 58 48 70 6 93 81 28 89 13 23 56 54
44 64 56 13 48 91 54 67 70 16 62 42 71 21 12 72 5 45 3 11 52 64 55 31 43 23 69 16 27 74 83 21 5 63 11 15 24 31 73 80 16 86 74 22 7 46 26
56 88 68 54 43 83 44 92 43 24 46 77 20 6 30 82 37 17 49 35 35 86 82 3 45 57 29 17 6 89 67 33 26 22 59 13 40 38 19 42 86 16 69 72 88 13 29
55 87 32 44 26 7 63 3 8 63 29 1 75 11 79 22 53 25 82 35 27 63 74 52 80 22 57 87 27 87 14 54 80 21 33 65 58 72 53 24 6 83 90 92 39 18 26
16 34 71 25 28 23 9 60 61 23 9 35 54 74 73 50 19 12 18 68 36 49 60 19 73 45 14 84 0 22 32 42 7 50 2 59 26 46 18 6 0 55 20 68 9 56 90
33 4 85 19 14 1 93 18 50 66 44 52 57 75 20 43 83 83 21 90 45 76 93 64 16 9 10 75 17 34 55 4 90 15 19 82 4 85 26 3 12 69 43 86 42 66 10
38 73 86 92 16 45 53 23 5 83 85 45 28 2 3 21 1 9 61 15 14 35 33 88 10 21 89 72 14 41 25 49 94 90 3 67 9 42 43 20 46 20 44 5 31 42 66
57 15 33 82 69 54 30 73 32 82 58 44 55 28 11 92 18 7 84 7 16 73 55 39 11 61 20 27 4 44 91 88 12 23 64 23 30 61 75 71 20 92 53 15 3 7 21
25 72 50 26 74 72 64 89 94 5 48 11 69 92 39 51 26 33 93 16 58 34 80 1 86 33 13 44 12 93 79 45 41 56 67 24 67 7 92 73 14 22 46 7 48 25 2
92 70 9 73 52 30 20 31 49 1 30 75 24 18 14 50 81 44 11 72 84 24 18 17 40 48 81 72 59 79 65 26 89 59 50 30 13 46 33 29 35 39 81 19 55 84 69
51 28 46 67 9 82 28 62 57 68 11 77 33 19 84 1 20 15 77 26 92 40 34 83 87 93 36 39 2 39 38 94 35 50 28 65 41 12 5 11 93 87 53 55 18 28 7
47 41 31 93 88 86 16 89 47 68 92 17 7 36 13 80 88 32 53 86 13 76 31 77 60 22 58 60 80 54 37 12 66 51 7 44 21 39 34 39 54 41 75 57 74 29 71
18 37 46 40 67 7 71 11 50 27 92 45 32 8 45 41 23 21 26 35 90 77 84 4 89 74 37 64 8 5 34 3 57 65 76 25 34 30 71 58 90 16 94 90 88 13 31
38 54 46 16 74 8 60 17 76 16 2 14 61 7 66 59 62 67 63 26 58 40 69 3 91 72 25 93 71 11 36 37 25 84 76 57 60 79 94 41 9 8 37 68 35 68 62
90 44 57 79 13 20 51 13 92 8 93 85 14 27 65 83 51 11 83 44 56 59 24 71 69 26 58 44 22 48 83 5 53 52 29 36 57 63 94 81 7 38 28 75 52 86 67
37 63 57 55 27 73 32 47 61 11 75 33 34 48 0 55 57 19 8 26 89 60 9 43 78 16 74 10 16 46 24 23 64 4 68 63 12 2 1 89 22 87 60 93 15 23 66
32 35 27 39 25 78 31 44 64 12 50 58 71 21 35 50 86 20 61 26 19 31 3 50 77 57 74 73 79 4 85 91 5 19 81 47 11 3 32 37 21 41 84 24 66 94 91
19 88 19 82 21 89 23 92 54 33 1 33 50 11 2 10 22 70 76 22 30 6 71 27 86 11 22 19 56 60 83 54 32 45 91 31 27 49 87 67 59 62 81 44 38 62 37
64 66 60 90 53 36 25 40 50 77 52 78 90 52 6 89 84 50 7 61 1 42 5 76 34 73 60 44 2 27 43 40 60 94 37 21 70 27 89 27 3 55 60 60 57 6 58
48 93 50 7 28 44 80 64 5 85 88 40 40 20 24 74 53 77 63 5 22 90 52 12 70 85 40 65 24 54 88 87 53 71 66 34 59 32 11 69 37 46 73 9 40 84 53
66 66 91 53 28 48 27 66 89 16 43 24 50 22 41 33 70 7 66 65 24 48 9 65 85 53 90 2 13 7 74 13 84 1 13 71 44 40 83 52 64 21 28 72 64 20 58
81 13 33 71 35 87 64 16 65 22 6 25 49 9 17 11 23 88 69 82 48 3 85 59 90 23 60 12 94 12 80 4 18 16 39 59 4 87 58 42 56 72 10 71 21 43 41
62 78 57 60 77 1 81 14 5 78 10 59 27 50 14 61 62 81 83 75 70 6 6 81 39 54 92 86 11 42 0 57 86 78 74 89 86 90 6 64 46 34 10 81 54 80 34
78 13 84 51 57 43 8 4 50 26 31 19 57 27 80 76 30 59 89 89 46 44 84 48 62 17 27 22 43 37 90 87 8 5 48 94 29 71 17 72 32 24 72 5 51 36 61
1 23 46 59 18 26 44 66 1 42 36 24 36 80 19 21 4 73 10 59 24 16 7 16 74 9 90 16 23 92 0 31 43 46 85 30 32 53 75 71 26 47 75 80 2 1 8
6 41 39 31 34 67 23 41 89 10 33 65 36 50 2 39 22 43 33 32 49 6 11 91 31 83 11 33 67 91 26 20 70 10 79 50 28 32 11 9 22 15 40 83 44 92 8
20 9 29 66 94 54 32 68 79 23 46 40 19 81 1 35 69 28 13 85 32 75 5 61 56 54 71 81 70 70 2 71 7 55 78 86 25 32 64 72 31 80 69 30 49 48 84
50 33 55 33 22 61 58 31 5 61 53 6 2 41 67 80 31 43 85 53 50 92 78 69 54 68 62 39 91 57 7 67 91 17 92 41 76 58 44 24 55 18 46 56 84 77 82
30 81 59 37 40 68 13 34 63 84 82 13 58 89 90 53 44 87 39 25 63 48 54 40 84 91 20 83 2 57 30 91 91 49 72 58 13 48 8 13 35 25 70 64 93 56 26
71 43 77 82 72 17 47 52 94 9 28 77 52 10 50 18 64 80 32 90 0 82 34 88 56 46 86 71 71 56 7 60 14 18 8 52 69 47 91 0 85 19 20 30 66 56 62
32 67 35 18 0 74 49 48 89 65 68 60 40 38 30 23 12 64 87 6 69 35 78 44 31 8 23 75 71 20 67 43 0 78 17 69 78 50 77 12 74 40 45 34 73 73 26
84 7 29 2 61 29 89 61 25 94 8 59 25 35 82 3 65 91 39 66 89 19 22 19 71 80 7 18 91 74 33 83 13 84 6 37 62 73 59 93 81 29 55 69 87 64 86
75 18 65 3 73 90 33 79 15 13 29 53 83 76 44 77 41 7 28 61 26 66 20 8 14 16 11 71 90 90 49 57 59 23 62 48 67 91 0 24 22 13 86 43 1 21 52
79 90 63 81 57 85 38 30 3 4 56 39 20 6 15 58 72 42 57 38 42 53 28 67 49 11 78 33 76 38 20 41 40 87 28 60 71 90 41 15 84 23 64 64 68 20 18
83 23 6 71 92 41 14 56 46 25 44 77 17 16 18 6 87 90 70 38 61 7 18 15 38 70 37 67 14 92 90 77 76 38 88 94 79 78 72 8 94 35 89 20 45 41 6
70 48 8 75 79 17 25 67 23 62 82 40 40 38 80 94 19 73 22 39 36 29 27 47 7 46 82 8 6 19 12 23 32 45 7 60 4 40 50 45 71 53 41 56 11 12 20
60 55 65 31 28 35 16 20 89 89 18 66 73 31 22 43 79 90 45 28 56 19 59 53 56 0 81 89 77 82 19 41 19 30 80 37 88 76 35 39 70 37 69 1 25 63 30
4 72 8 42 16 31 44 65 87 77 15 59 21 16 13 58 78 61 80 66 9 35 46 3 49 12 51 37 52 14 49 89 53 22 26 63 76 62 79 76 31 35 46 45 23 13 82
94 73 29 12 42 92 94 72 71 74 37 93 84 69 90 72 43 30 86 34 44 56 58 63 38 3 37 5 23 71 54 15 25 90 26 14 23 43 0 25 20 9 59 39 56 7 46
83 77 89 13 22 39 53 93 48 7 17 85 45 68 20 19 71 8 3 15 57 21 38 15 36 34 48 3 31 21 19 61 45 17 71 16 54 22 73 20 28 47 87 91 83 59 75
68 12 64 93 23 57 91 23 45 88 4 94 12 4 54 6 14 79 31 65 57 93 30 5 30 40 56 52 84 38 31 2 80 7 26 87 33 24 41 1 90 16 60 86 14 23 19
50 64 80 25 51 21 64 71 84 3 38 18 54 79 15 18 42 67 47 93 25 5 40 2 74 82 23 56 56 48 10 65 60 53 61 7 42 80 82 66 54 70 71 21 62 84 2
94 53 81 13 74 34 65 28 93 54 1 20 65 49 85 77 67 77 61 76 15 70 87 59 59 80 65 15 79 67 22 80 55 86 52 60 19 86 29 89 83 19 2 7 20 69 3
23 46 69 92 51 72 43 17 72 92 3 75 66 58 49 75 23 91 67 2 66 30 70 30 92 37 11 27 74 31 24 30 10 29 71 72 70 3 61 28 94 65 71 63 74 79 60
49 22 11 42 45 36 23 64 42 49 70 33 68 21 35 58 52 92 8 12 79 54 83 22 12 43 32 58 17 92 41 6 13 27 25 76 65 0 7 52 90 0 12 94 42 27 90
61 73 46 17 12 54 80 23 1 75 16 51 79 66 93 20 31 89 6 20 84 31 64 54 47 26 80 91 38 64 32 5 71 39 1 70 28 86 5 30 38 76 25 59 90 58 60
9 31 79 42 90 25 20 82 24 83 61 45 42 12 41 22 83 73 7 24 53 19 26 49 37 33 44 26 23 27 90 76 68 23 0 54 9 68 81 8 88 62 68 67 93 32 33
11 54 56 21 46 74 43 43 19 15 69 33 71 56 71 24 23 91 15 31 42 11 25 65 22 84 88 85 10 33 15 90 72 41 30 16 9 84 38 76 20 45 4 67 16 22 7
2 41 89 18 63 52 30 28 4 4 82 43 73 67 17 89 94 47 80 11 65 88 72 16 5 86 84 31 33 6 11 48 32 6 63 56 12 4 28 48 92 70 49 17 88 30 74
20 8 73 78 53 50 19 46 70 28 91 75 8 51 43 66 26 86 48 88 69 34 71 56 59 59 17 3 57 62 46 58 36 54 3 47 29 50 7 88 90 83 37 55 16 90 88
56 53 70 28 38 74 37 41 39 68 74 62 4 77 91 55 56 57 47 30 1 77 54 53 65 39 68 17 60 73 84 0 53 53 58 94 42 36 9 27 94 9 4 72 71 63 49
47 70 47 37 2 54 21 76 45 8 14 64 1 53 72 37 20 19 94 37 46 51 3 12 5 74 9 88 74 51 47 64 21 76 60 3 89 32 3 46 63 70 6 10 4 17 23
