346881883089162600
341050083329837292
903513893297629583
69476079744204877
379854597897081115
646625557337774905
951604104724324050
839863756192847788
702472676763646659
143812954570804457
323154928101013086
732888032517543352
425982420636109875
55513096393774384
609905208316942610
662053191759784732
582991242225343986
504103773646391818
937449977916850489
226313437626032161
70294615565086414
328368757708997203
278660563129247056
509409278518641673
579095236707575885
783571811388570055
175460890030575930
434411361265009916
830086753597419961
227041866219865909
988353939532546041
885760751443965707
721075483621986856
124999624553798311
752764429343366016
542895492716165697
797730814491641869
764514135884390676
922224945774459777
26287986226929754
550751071992951068
793210198273861498
282719679676969313
872251273164393247
992151230314917904
550751071992951068
544350871167876805
476656256996285124
98511847777991819
148887854364762319
54663278682511407
471846209136698658
879221520294672241
733070081572024638
58705728559985608
365047217199813355
2657871420125464
456934123146437137
625308495512023925
764514135884390676
212749906061383302
690551980121094106
671416265923328448
800548306068197272
708565425449597954
523551796012723223
713155795470163995
735694044645796707
873848598889725634
907377809757309476
351839541621253261
891268237918286774
958440968983800586
551603630814727303
814642763272180207
872251273164393247
783571811388570055
768997132487076909
646625557337774905
998999961613034301
983147603374659826
138427928502592037
1575871260795411
218978853309261948
586345702433946753
218978853309261948
797730814491641869
946723280117716799
322237732623116664
126188662583453158
657053137726350054
988353939532546041
487661257295515328
567603776128542895
678318092885779093
334143956118019520
563338493491920933
478404176002736498
849364276041421137
756167474562706048
800548306068197272
582380414161921258
560728686984573419
876234760688381801
453825254320967538
844362297671086993
75527932099811198
508292531256344094
773463415134901832
229036076521253974
520909275919912388
296427523567772496
198133051016178931
616437672130537276
230180088665456507
480707509243322003
571635786322593503
766295788757588349
161754087976375786
405255261888700079
825363872641229870
418966582752318644
680289576737013996
410473511381477513
678318092885779093
705782209866082475
674298637642647409
985195091255074688
132485528954191715
54663278682511407
708565425449597954
564276420185090342
558174071696689294
961460343690277735
334143956118019520
180115958234067555
230180088665456507
896894801452534020
995901176092830434
687611966185149089
566591301487046407
479710144391101326
247300513365715811
874960850463944932
332167468828902948
304113436961668689
180115958234067555
874960850463944932
571635786322593503
137167514941708161
22613561289160336
986929338626882415
879221520294672241
986929338626882415
714624099424454266
332167468828902948
768997132487076909
484126635911491691
548780957853960778
502595299332575398
290137656066697513
126602625568984728
134694261021815768
51997175421490902
597967341599341344
209861132559826832
621737927328913160
509409278518641673
385487507553839177
371133348479758285
334572196762168557
417495418282217047
978567498658831319
768997132487076909
484126635911491691
637717695249062962
681847946637706484
924645635225021507
306337712840088258
259267856403902487
793210198273861498
905309007064762608
855826960410525008
442114886894998427
162326017438798575
616437672130537276
17233791803645652
83796171100192735
121181330216689237
10683368456622153
575153785497581757
52547904699424110
7007203673296858
229036076521253974
538053431413928648
419873662527748377
556689525725604715
230180088665456507
453825254320967538
764514135884390676
121785712334107930
855671515776409023
105743356277380222
791500820709556886
459149040857716427
104047515828278529
147627059656097675
713155795470163995
693523720051106525
478404176002736498
582380414161921258
741158532857506652
608781617769496403
81697481479269523
590860242238724847
928017624806202373
194673456253171889
793210198273861498
632931893802135603
266159136946515506
724803464289000930
158499896406980422
544335216881348378
347902947383954321
949328705785551244
900524033952352069
98511847777991819
305176227302308537
62290140035945677
5194745486715377
165806647849905691
165806647849905691
104047515828278529
81697481479269523
32590317396723803
60336627040195421
749079080711800810
637717695249062962
8015021266742031
222265935964181600
300953017869259796
773463415134901832
896894801452534020
81697481479269523
245081766014857159
637717695249062962
780064221948833863
124999624553798311
949328705785551244
747186223587426325
667188640542240468
296427523567772496
542895492716165697
282719679676969313
567603776128542895
572135770893231329
994437434324732871
93941462505837523
848287754701285909
566987380805602052
607715466378745450
458655932674845652
169858136867331078
549941969074354393
764514135884390676
822359486200359438
419544555274066289
86561445845695958
246063975386942428
154556540322106550
343692822600139677
965290130433831227
637717695249062962
442454385897777174
858299978896020751
90781054312227787
418757168355951493
537367753262528634
697685485735076310
489877494459764230
335385182120161520
278660563129247056
212749906061383302
83796171100192735
68200384061659977
667320556465327892
805373152199558560
563338493491920933
159690823415181186
578075002725462290
803255573539429513
377240095689691460
48552733140894320
203937805130939502
385487507553839177
262582473200144591
138427928502592037
272605064895256600
424808910613277960
976288108111179592
502595299332575398
724488928642485896
594928468078483785
362176592052690980
793210198273861498
29766409941278812
64365695810695156
140560435151403073
978567498658831319
306549519518212010
449546001948289596
662053191759784732
538053431413928648
204199009040529375
609905208316942610
314848390810748247
259885183814151543
270049169773284722
749079080711800810
863977658901008186
782127658267023986
226313437626032161
668476280807911160
587268447458501476
891268237918286774
467512965418318246
777023371748254847
812913802901308578
578075002725462290
20885403977239469
429742966960372759
30819064692378567
88951767293044043
773463415134901832
340947834141273857
587268447458501476
424808910613277960
983147603374659826
825991417891610078
253727843767038219
631623252099874282
358100434542709067
57979745663999688
582991242225343986
189756736666973560
907989483133209924
241723395146908049
385487507553839177
510902096284752898
596525124834325602
836462158073864560
793210198273861498
664534627175408386
1575871260795411
458655932674845652
285784026933696261
72839099788555897
700903863191482553
207242580505923633
368534049794527937
83796171100192735
460668886654485302
844362297671086993
182686648543008215
259885183814151543
185025663920364969
350452200105317318
900524033952352069
577320991116185089
600903194671274213
496754979420141416
819198744940304278
106216828817105683
178078535064458673
971681129002426687
978567498658831319
311571466621274231
254977562918551930
478404176002736498
459149040857716427
822594952047290055
419873662527748377
39305213396650607
328368757708997203
609289475381891643
898873224360266930
11548217592247489
793210198273861498
637717695249062962
783571811388570055
455447257299895716
983147603374659826
311571466621274231
790186742470539530
476656256996285124
516123737819416072
516123737819416072
52547904699424110
778324320734282418
761310742336510926
473774358952031960
201616483242585823
19097866104089068
667320556465327892
967637589720402812
933238288021165576
442454385897777174
861432638287076609
718336384221176650
756167474562706048
507609562562852802
744451607386388694
616473392945003403
793210198273861498
635489661001685273
687611966185149089
435344720368247447
272664491461771969
935816292215982494
373085148395869751
523259935652666438
79572420580264018
657640018051749229
978567498658831319
396412367450492489
277750989482149865
903513893297629583
453825254320967538
39305213396650607
308749440894841441
973000200822522943
216326394571607390
869129001364026884
290137656066697513
551603630814727303
113113324856591825
654377790641081587
732888032517543352
332167468828902948
858299978896020751
329713783174432833
602971121377418449
607715466378745450
976288108111179592
991596973164098772
470041258410421829
749079080711800810
978567498658831319
519333833549958713
368534049794527937
89872679789629901
857335027248995835
23198501010774518
551603630814727303
32590317396723803
86561445845695958
242594616724116059
921509158095349950
234808411168821526
674298637642647409
832419248736001263
377240095689691460
791500820709556886
236808362739677716
345356643074716540
969037451272297350
616891531801321276
646625557337774905
779029974838699767
836315493266968530
116271232692230911
57979745663999688
989308779414139976
318763107738303216
209861132559826832
239826875330798387
168031290452018501
410473511381477513
442454385897777174
807908457286437629
773463415134901832
874960850463944932
439259902257523229
29766409941278812
557666016999443278
857335027248995835
354721263168265270
931622059334735789
717277939729417804
849364276041421137
935816292215982494
928207060977267356
345356643074716540
63416532060045414
684178889371289184
569524632632416575
154556540322106550
935816292215982494
73758457569487089
528380814352056419
230180088665456507
428413432453487790
247300513365715811
872251273164393247
941219540078426987
72839099788555897
144311566603721041
169858136867331078
114552262388564727
314108198420577045
480707509243322003
604891658300657823
160945865275366572
852503008033523038
121785712334107930
520909275919912388
332167468828902948
216326394571607390
151407557785986226
148887854364762319
247300513365715811
305176227302308537
755653662839275740
447436016611270253
117507307721475673
880497163549235660
935816292215982494
158499896406980422
272605064895256600
140560435151403073
809065826326729822
918142153404916092
208749037050823767
551603630814727303
609905208316942610
155704122541054640
949328705785551244
196902822586418592
958440968983800586
891268237918286774
713155795470163995
590860242238724847
461674238679530459
880122543369539139
428910917291178136
312993903732385492
483864308232993685
702472676763646659
773463415134901832
335385182120161520
247300513365715811
346881883089162600
154556540322106550
991596973164098772
168031290452018501
545601496546959227
230180088665456507
428413432453487790
592938718544705124
299263580795845037
986929338626882415
29749835286788121
204199009040529375
967637589720402812
91757328534599884
2657871420125464
511206026193274862
565080137055641716
630096358727290375
428413432453487790
836462158073864560
505559695192932077
282719679676969313
311936278457483582
30819064692378567
112374102135869666
253727843767038219
126602625568984728
654377790641081587
996909215176483811
524030164213256658
635489661001685273
672886422822043717
242659468536931477
24678338436924429
861432638287076609
726607423883630325
470041258410421829
209861132559826832
459149040857716427
957478864054599858
831045576491456252
954979246151363249
146988721840468294
385487507553839177
582380414161921258
196356823458383144
522656999778616227
106216828817105683
257014612451269641
11970639374792230
315353243441397725
613951998695982219
39305213396650607
567603776128542895
93941462505837523
42508831299136406
405911036032090943
733070081572024638
905309007064762608
374660602516322413
655491927747385451
667188640542240468
158499896406980422
60336627040195421
537367753262528634
695703840429971834
983147603374659826
805373152199558560
150340405987609965
802352863536564928
540315738042601952
747186223587426325
609905208316942610
278660563129247056
586345702433946753
852503008033523038
162326017438798575
731615079762424540
540315738042601952
135294946689249611
381892939215596928
292083874869820391
93276969799157182
172977835495949558
759608971610726272
402404216613387270
648041442188253285
19080943443705240
833489046014112949
978567498658831319
439259902257523229
971681129002426687
488796323965374470
673277781400554580
347902947383954321
471846209136698658
72839099788555897
396412367450492489
278660563129247056
124999624553798311
467512965418318246
471846209136698658
600903194671274213
79572420580264018
802352863536564928
275703235578094415
265002423950070087
216803641189793387
275703235578094415
22613561289160336
816583970652492652
773869813725023935
317553132209185576
854695468507115786
721075483621986856
618668005138155089
306549519518212010
350452200105317318
390763866891884871
793210198273861498
841545129488989309
766295788757588349
946669124841900155
907377809757309476
64365695810695156
976288108111179592
107094593768209218
596726304195225498
234808411168821526
807908457286437629
876234760688381801
520909275919912388
651507089654660891
6074222893225771
362176592052690980
976288108111179592
587268447458501476
332167468828902948
872251273164393247
430857010261324061
373085148395869751
931622059334735789
855671515776409023
958440968983800586
172977835495949558
459149040857716427
34430854947171891
704731259012255876
965290130433831227
429742966960372759
761780444311382298
546728298975558908
928207060977267356
652177361127019369
602971121377418449
935816292215982494
911714419983527630
497459789556472255
924366556027297337
247300513365715811
47954464301103547
459149040857716427
995901176092830434
197834134427222845
585364120345492107
11970639374792230
459149040857716427
283707715234180784
914035467374085437
617804607650016513
693523720051106525
259267856403902487
797730814491641869
149618023105386415
492759890583465495
445141232180331519
238347495193746413
218833410546703812
851050211892476713
764514135884390676
332167468828902948
616891531801321276
434411361265009916
832419248736001263
20885403977239469
5194745486715377
617091175412661932
414560571374646485
247300513365715811
640289110440734349
209861132559826832
582380414161921258
538053431413928648
116271232692230911
429329407959606023
573348169909749496
700903863191482553
683526500608775889
322237732623116664
418757168355951493
538053431413928648
774980260447602112
833489046014112949
862128481592197129
713155795470163995
766295788757588349
343692822600139677
604891658300657823
841225903352522138
151407557785986226
674691378839635060
235356994415482956
460668886654485302
52547904699424110
345356643074716540
10683368456622153
23198501010774518
965290130433831227
613951998695982219
227041866219865909
445073892274971245
30819064692378567
60336627040195421
185025663920364969
684178889371289184
262582473200144591
407181843167936495
970444027789772631
662053191759784732
597967341599341344
168753882869659983
98511847777991819
405911036032090943
144311566603721041
456934123146437137
464665629349595118
396412367450492489
643062373156105488
455966846561288107
783571811388570055
367266339955684444
637717695249062962
227041866219865909
135294946689249611
592938718544705124
323154928101013086
602971121377418449
907989483133209924
365047217199813355
314848390810748247
586990385022726250
839863756192847788
582380414161921258
438596415477715972
879221520294672241
957478864054599858
122562989810605609
20885403977239469
719127224635929838
143812954570804457
181528231157247321
721075483621986856
590860242238724847
727748850184864821
178800164411051103
646625557337774905
486708639721889237
613067219770205085
729166370122449612
311936278457483582
208749037050823767
79572420580264018
497459789556472255
510655996526192632
724803464289000930
42565684597703011
497459789556472255
713155795470163995
575153785497581757
464665629349595118
318163225155663997
844362297671086993
20885403977239469
102136551091720485
643272238495551400
582380414161921258
343692822600139677
735694044645796707
637717695249062962
719127224635929838
782127658267023986
836315493266968530
392077873730801868
631623252099874282
290137656066697513
460668886654485302
697752388601463846
325808912793336275
700903863191482553
39305213396650607
266159136946515506
510902096284752898
267411710606180876
323154928101013086
593135473102787881
411157550135401861
592938718544705124
560378907596391356
573003565507130706
293286377216308958
708565425449597954
329713783174432833
45642502189446018
7007203673296858
617091175412661932
909350720608978877
538053431413928648
962397621309307278
559876946169891199
841225903352522138
253727843767038219
212749906061383302
483864308232993685
812913802901308578
390763866891884871
229036076521253974
528557571878481195
640289110440734349
26746078312042761
582380414161921258
66670264689958899
224524066570680711
575153785497581757
215387579843507004
891268237918286774
846208699380701006
617804607650016513
50442428333109420
54663278682511407
839863756192847788
17233791803645652
962397621309307278
921509158095349950
46730685051330238
72839099788555897
285784026933696261
880497163549235660
880497163549235660
350452200105317318
452927934139774698
588882546741244601
565080137055641716
969037451272297350
990902872513515004
169858136867331078
456934123146437137
618873841735137506
236808362739677716
942821014614698232
390154929406879100
113113324856591825
429329407959606023
807908457286437629
563338493491920933
229036076521253974
392077873730801868
199577485639206843
690551980121094106
654377790641081587
202865309008796347
98511847777991819
385487507553839177
841545129488989309
608781617769496403
112374102135869666
768997132487076909
585364120345492107
978567498658831319
114219335732705891
312993903732385492
885760751443965707
93941462505837523
646625557337774905
178078535064458673
517396593684784754
507286918668851255
213297177188226857
237200119973948783
528557571878481195
122562989810605609
497459789556472255
113113324856591825
737690400749116140
423305329514799572
396413280666614810
501251208392299107
546728298975558908
680289576737013996
467512965418318246
596726304195225498
176705188100329321
203769588788363650
609905208316942610
176705188100329321
577320991116185089
431851620875472774
132485528954191715
8015021266742031
823650761562974135
900524033952352069
594916103323295781
621737927328913160
983260313204394427
243404540816324462
75527932099811198
564276420185090342
830086753597419961
352978081639835106
807908457286437629
325808912793336275
714624099424454266
579095236707575885
501251208392299107
511206026193274862
88951767293044043
773869813725023935
496754979420141416
556689525725604715
825991417891610078
867302252319587616
630096358727290375
880497163549235660
942821014614698232
822922247116737552
42508831299136406
905309007064762608
371133348479758285
551298399348641671
340947834141273857
396413280666614810
713155795470163995
752764429343366016
456934123146437137
689818908574185773
971681129002426687
75352107038692555
931622059334735789
50442428333109420
882038244503462500
