116033153597039588
100307192819777038
775804325177764372
811885850221482591
534774790207553180
103408882388678749
923739164150550659
591714620240618581
490540588144559519
414952321591276227
64365201163492128
938305037934998645
340743198878923096
961943960577799479
112353519096372804
100241027108710650
463194876469870428
162342124287281751
487287502877963270
621632338739841961
127202886787035172
749614032860837093
246638040423265368
908929838863251055
859530482974062016
822645321290522681
686802735703388357
486194432024874600
22610474473550313
637096659446400421
396519967885770582
414952321591276227
319212220839839499
224156337699959683
364862898226589139
461139282621125317
171704766310841706
66486098519539452
618273200026103636
522021961792789791
17048110003268031
173827000187304510
347830757796128875
201102793191983120
501094226926402143
434646245400901062
941457672332969674
490540588144559519
537678110947674915
443987508026525384
992685977012539547
405810475246076504
64365201163492128
140549186797919652
557495990672626162
104053932810044749
109959087347850490
894713845544111645
227456937028640732
692679416396164942
719706223216758251
353549061836970314
17048110003268031
572751180457782697
333656521833627358
102867445491521134
873305316544872308
283966459808027281
62775306702134843
908929838863251055
180230742951516587
27021419628589835
158680996321313279
523997088286646182
434646245400901062
276609477136495911
998470771277385389
108405896360021672
522021961792789791
799204494867034377
492765954932999655
638857816180200925
540117584048916261
562285273861065890
171704766310841706
473729785719734135
948045977674620150
209443841684881782
904178155723549267
246638040423265368
302417376166438353
146551737671134713
992685977012539547
370625493146503211
559015720707703747
582468337977043432
441687862479863061
759052502431341628
916728811873379715
501094226926402143
55030368917082539
291524540349727614
401015450453759348
599484900386263160
124944681832786926
438256667331540037
708212486715158
447928011194041981
69097609964702157
674724032193409595
882508073551991219
86401560687931945
716035569577865203
666691463180448805
34590408885120278
49555861435232797
440526672655815430
378981188116729218
378981188116729218
281667408330960986
923739164150550659
79179934791884067
30200820980011008
865562721457490445
149230658738545959
703787996920918127
696817067258617223
579139669442449943
507939984719060975
630686571963508975
605507529361515044
378981188116729218
346088880865957591
637096659446400421
683000880837017881
317982834786541855
207265205889023410
63247994829454381
571591520252280311
70440957632320772
40725817184618972
11700652103398533
127202886787035172
838605400761807002
405785055990993250
492376752635504426
890406815237869298
428270265056132186
19275246854066931
716035569577865203
568556196140892918
370256909132501110
490540588144559519
957853940979714685
876504360866373370
302417376166438353
478174184594805882
109959087347850490
478174184594805882
711447605452241949
183818691478682519
918217764621950788
128835775634762546
522021961792789791
682316116326576530
200451870690190712
34166414316775804
435616755085837932
352364271788071266
622770961127687383
37392317609862422
887763688667266043
352364271788071266
914892156281449541
64365201163492128
515991017753571022
146551737671134713
740344327914110517
209443841684881782
88171872489144631
183818691478682519
713661708865380500
414119435899517789
900586366854774211
471088490424012584
528732271425992017
898386822086369328
60812635351918106
40725817184618972
768235447755956016
173827000187304510
247066483132043453
515991017753571022
207265205889023410
620169421305743506
593144515699939981
436705022021762532
291524540349727614
688470896400451149
49555861435232797
17048110003268031
391749634342656118
336104576379596808
637096659446400421
583935994516094186
977641555732394510
637096659446400421
420845390504223486
933904264455845803
207265205889023410
495371028996196600
817896540007637240
59279412866942223
576670878416054631
319212220839839499
364862898226589139
574941978448925473
471088490424012584
183818691478682519
198033138217108807
89812365862132412
808535180800490365
983000520909263272
234103399193261617
310744538322979517
523997088286646182
759052502431341628
203408954788852125
904178155723549267
318284557356286182
368289686083076452
557495990672626162
827445048630552603
649634217732111524
717743387953199500
810954921716097134
666691463180448805
202046784157764061
244757912637867976
86401560687931945
708376667296720790
183818691478682519
439636211056343934
511678966797803318
112862680664635898
459118498738135148
352364271788071266
215231958157892755
872762743220280743
628794228001516304
663882728418431525
954537524455012775
567488558866670765
8515351384065285
708212486715158
338893779674687447
336104576379596808
748914413704457632
193182564172687129
140549186797919652
560563787454567587
708212486715158
693072752914474967
284588500769568461
597467418941488131
703787996920918127
923739164150550659
582468337977043432
246025875024407114
352364271788071266
942721229066006419
562285273861065890
200451870690190712
333844559107827906
528732271425992017
151309954928732656
628794228001516304
786057868230600416
165810373193446250
260135801100292049
11700652103398533
264939922295847254
481821430531634859
509961578514095775
237108087234530154
659051597396622779
298540402956085052
846584041420648002
72777285183839597
340757216108609487
483685962340445059
471088490424012584
204370847351300912
940102963658774293
838605400761807002
964475577745322438
282256703071372206
825205818385151675
630686571963508975
867727864662238664
881619193942106518
780159161719625752
942721229066006419
281667408330960986
93686316166052976
163777033538746991
833755102858597207
942721229066006419
378981188116729218
368289686083076452
641955182661835175
119786064505140930
299923507203257958
304389662874535088
862086687172497235
811885850221482591
711133979617612203
936332863326915330
948045977674620150
18258255769140773
140549186797919652
838605400761807002
838605400761807002
428270265056132186
63247994829454381
537678110947674915
237108087234530154
948045977674620150
918217764621950788
591714620240618581
118455018897070551
682316116326576530
281667408330960986
281667408330960986
755308869992123760
227456937028640732
826189637046031840
502989179705652968
173293610400563591
979797391856609201
60154897112805547
419238949612863494
599484900386263160
748961365579333791
666218309498113939
708212486715158
964475577745322438
477312489340982081
579139669442449943
64365201163492128
792817611152410342
637096659446400421
933904264455845803
753040371887227387
731725767973030634
515991017753571022
494084843696985071
88171872489144631
882508073551991219
79179934791884067
408395724584563933
97407001114027279
915319811474297711
641955182661835175
960764311018448168
452110778829561552
325672241335889152
463194876469870428
105468032412367926
567488558866670765
140549186797919652
346088880865957591
753040371887227387
630686571963508975
588776310976702436
792359817283183453
823417537905543267
49555861435232797
264704796930734282
414958137475149231
306917607266877651
165810373193446250
405785055990993250
283484884058791301
131612627651031187
364862898226589139
777300885061718944
261821800074935458
399051837871285113
806079164922395918
918217764621950788
96696613646609061
608534121362178984
641955182661835175
86951025849370859
855748219542474613
918217764621950788
823417537905543267
759052502431341628
473729785719734135
703787996920918127
501094226926402143
608276126236551666
785901252673167053
273302066878340451
945854683960138176
830391931449425722
288356843450694155
787431645822023530
218916042829165230
506438013257076424
173827000187304510
346088880865957591
93686316166052976
576670878416054631
204370847351300912
475320698630014588
761195169623403458
393255956311185944
817896540007637240
222756891882870593
102867445491521134
872762743220280743
847263550531717519
694836944356542862
14048442936291970
582468337977043432
122969889411401906
60812635351918106
310744538322979517
515991017753571022
973703575571271750
651355640672597350
81125467008258549
659051597396622779
969575973600539164
458604148522738316
371937341480320973
420598133786483846
18258255769140773
833755102858597207
641390233562975505
775804325177764372
122969889411401906
297534103058851255
149835851075792965
649634217732111524
81125467008258549
802482752961822901
992685977012539547
729375294064957810
808535180800490365
271394272219675930
304389662874535088
860295866069554996
471088490424012584
256118666659562907
487620826602657726
918217764621950788
637096659446400421
872762743220280743
84551058133651072
674724032193409595
913017488238900788
195900599595801580
284588500769568461
394635996505986400
575428393582164647
194869513582368383
688470896400451149
574099563973181520
193182564172687129
553462497761656056
182840525820917672
627185588744511534
110143740251672886
233260958709398515
705250481020874923
206548385671816396
378981188116729218
281667408330960986
156259560398863539
838605400761807002
658740396957698575
336104576379596808
325672241335889152
378981188116729218
948045977674620150
833755102858597207
600386370459018073
827958609684375603
52753246185690618
931648647542470647
119786064505140930
158680996321313279
297023543652067751
708212486715158
951337651374406157
529912662788948399
923739164150550659
429059034518439191
992685977012539547
105468032412367926
867421773016016289
682316116326576530
79179934791884067
302417376166438353
246025875024407114
146551737671134713
705250481020874923
283966459808027281
99092598091065698
624123021165687625
988346842697964431
748914413704457632
900586366854774211
605230396948119505
37392317609862422
475320698630014588
637096659446400421
443987508026525384
41717651614471697
637096659446400421
753040371887227387
811885850221482591
135081150055415561
19275246854066931
299923507203257958
206548385671816396
34590408885120278
903111659390867838
43391700925677658
48168149543343257
178403462391500023
605230396948119505
347830757796128875
117461895082740098
647898665230268235
299923507203257958
988346842697964431
826784894149797576
96696613646609061
460493631287854885
739723742904501364
877551683164588710
708376667296720790
106195023561387817
651355640672597350
150756311636592872
471088490424012584
356187967685206845
827958609684375603
285045459245464453
699229451344746926
708212486715158
215231958157892755
799204494867034377
347830757796128875
954372839222716547
591714620240618581
180230742951516587
956563767661544679
729375294064957810
285045459245464453
406746459358309828
945854683960138176
331731319346147679
553462497761656056
843032110378152351
275724585144789516
95678364234056868
859530482974062016
637096659446400421
855748219542474613
81125467008258549
716035569577865203
236343205090563658
112353519096372804
957465283812512155
330110414772801898
310744538322979517
838605400761807002
302417376166438353
533437037774446751
846584041420648002
597467418941488131
785901252673167053
463194876469870428
424039744419348260
209443841684881782
47579786841558539
286824335235995002
983000520909263272
725006814611275781
434646245400901062
399051837871285113
779093702956621975
710062789675730675
17048110003268031
432571739571992700
600386370459018073
180230742951516587
459371501043193901
331731319346147679
674724032193409595
458830818599811592
281667408330960986
312587558194510274
693072752914474967
19275246854066931
876504360866373370
923739164150550659
146551737671134713
414119435899517789
386334056337052942
610232173500452290
264939922295847254
778666740436632575
463194876469870428
386334056337052942
158680996321313279
557495990672626162
710926522357084933
850891630625374937
79179934791884067
830391931449425722
515991017753571022
511177233320104909
884606543391642802
792359817283183453
764491605641467242
879695644085792729
948045977674620150
626137407829896691
233260958709398515
140549186797919652
708212486715158
862086687172497235
163777033538746991
586555596432217269
352364271788071266
638857816180200925
522021961792789791
495371028996196600
244757912637867976
495371028996196600
95678364234056868
264939922295847254
591714620240618581
768235447755956016
298540402956085052
142802065778822041
515991017753571022
961530012143698476
495371028996196600
603622174371876143
656625680110850467
777300885061718944
102168835784134650
923739164150550659
977641555732394510
258935196616160291
364862898226589139
745217452630099386
868846576881734124
450588300275005838
780159161719625752
218916042829165230
371937341480320973
511678966797803318
527271419522954283
895755932464667755
8515351384065285
818604931434663158
181980412100811717
608276126236551666
112862680664635898
522021961792789791
808535180800490365
352364271788071266
502989179705652968
754699818557900507
978939434605481919
374200264817951774
420845390504223486
779093702956621975
198033138217108807
127202886787035172
887763688667266043
705250481020874923
502989179705652968
674724032193409595
356187967685206845
599484900386263160
608534121362178984
964475577745322438
683816004643316458
595364126040369396
833755102858597207
9735288084257816
342927029507871552
641955182661835175
353549061836970314
347830757796128875
378981188116729218
774864472605361305
180230742951516587
34590408885120278
794817400932777099
536066880062760299
792359817283183453
729375294064957810
127202886787035172
923739164150550659
510779967559441994
386334056337052942
162342124287281751
37392317609862422
32618670178559353
183818691478682519
693072752914474967
605507529361515044
843032110378152351
401015450453759348
694836944356542862
656625680110850467
59828650473499055
656625680110850467
312587558194510274
813496398216095743
264939922295847254
459118498738135148
408395724584563933
638857816180200925
386334056337052942
647898665230268235
813496398216095743
151309954928732656
611848183711571628
441687862479863061
453507385955490548
163777033538746991
672840768916983832
651211489264107325
342152390034553442
356187967685206845
106195023561387817
146551737671134713
49555861435232797
498188283909470262
599484900386263160
651355640672597350
553209082618682615
152732119030439726
664038216959892479
84397866579571832
429059034518439191
190454494646261754
116033153597039588
158680996321313279
241588421192426381
45177566514119898
449023471798129200
51627784052876795
276609477136495911
992685977012539547
501094226926402143
600386370459018073
908929838863251055
567488558866670765
710062789675730675
261821800074935458
562285273861065890
602507120758855206
54421569566096175
682316116326576530
576670878416054631
116033153597039588
951337651374406157
146551737671134713
463194876469870428
717863266281876488
908929838863251055
406746459358309828
56196417960299826
973703575571271750
368289686083076452
55030368917082539
637096659446400421
683816004643316458
571591520252280311
461139282621125317
336558634518731824
336104576379596808
140549186797919652
375316408319796494
48168149543343257
289411269715290732
929334718966617476
368289686083076452
774864472605361305
26423441943506854
651355640672597350
405785055990993250
618273200026103636
948045977674620150
99092598091065698
319212220839839499
333844559107827906
400192684123023965
926989147277346446
433750798952078979
446245675346402723
628794228001516304
18258255769140773
559015720707703747
209443841684881782
191860114604998031
983000520909263272
656625680110850467
311404792305337166
849205627011381499
475320698630014588
918217764621950788
17048110003268031
960764311018448168
714506619816050521
522682276209630223
938807084129497891
608534121362178984
544227469301200113
755308869992123760
34590408885120278
264704796930734282
591714620240618581
751241895157788129
798697114809110119
490540588144559519
708212486715158
858767065609758311
406746459358309828
105468032412367926
86951025849370859
529912662788948399
209443841684881782
337584068797454142
393580571595758738
439422470543313681
389371487580187671
630686571963508975
249134724345176130
753040371887227387
485743206173827179
814837026239286123
890406815237869298
878025682689006146
140549186797919652
393580571595758738
333656521833627358
190454494646261754
331731319346147679
152324897256952820
486194432024874600
8515351384065285
674724032193409595
338844241258996388
550653202433556994
806014233655992546
792359817283183453
826189637046031840
222155209490102926
93686316166052976
544227469301200113
19275246854066931
883739674118200677
833755102858597207
463194876469870428
283471102433592159
527271419522954283
433106166669850271
325672241335889152
135081150055415561
230591245995591927
853967831102312347
708212486715158
414119435899517789
761195169623403458
792359817283183453
446245675346402723
268948055068743200
897013786517830103
621632338739841961
611848183711571628
719706223216758251
925273462571219808
342927029507871552
951337651374406157
378981188116729218
374200264817951774
794412706535599300
809915563793724732
333656521833627358
973703575571271750
319212220839839499
819030941870899614
870555868022433227
985220494805718611
515991017753571022
881619193942106518
193182564172687129
926256037122960699
259306895324996064
782283765104210173
799204494867034377
945854683960138176
428270265056132186
173293610400563591
364862898226589139
435616755085837932
24605943787420990
356187967685206845
72777285183839597
364862898226589139
683000880837017881
52753246185690618
250677606983179725
483685962340445059
766135852017204178
274104089462613917
866255560570235033
386334056337052942
588776310976702436
568556196140892918
992685977012539547
888204923250779572
364862898226589139
49555861435232797
299923507203257958
522021961792789791
375316408319796494
522021961792789791
46505232630638963
264939922295847254
511177233320104909
408395724584563933
306917607266877651
37392317609862422
127202886787035172
112862680664635898
658740396957698575
605230396948119505
412954339163152751
60154897112805547
641955182661835175
782283765104210173
641955182661835175
288526140103616227
926256037122960699
26423441943506854
515991017753571022
58382211559219913
399051837871285113
294080043516528683
93686316166052976
760178262057967316
798697114809110119
942721229066006419
325672241335889152
956563767661544679
900586366854774211
