280861442154144489
117514114732418692
943998358539241965
961548133027099913
788027912448850359
606253948851081432
91268266815081666
761109432931447460
528581312280639470
496576982315692166
334921596375929996
251327669000525838
416839952494369450
674894838421029046
219454511889515544
243047993732833057
797240003074578322
188252396451818256
291178120298873253
9411798445298596
351896054413688758
532380761702381452
164287105740446045
313095708993963672
361688213479013421
592231336609904669
476899974490911730
781448749063849062
211289682948733101
672273186831499261
364386584360103807
556412688371271312
849535740540911020
641803102940642407
238605317247111720
234054550966008342
804272185727949525
585147800588388970
669997943206306335
650374494076022489
624150544221949162
364386584360103807
486276992116824361
104806208924360032
981223480230577307
735119806809770729
919371459679148375
329297223716989676
672273186831499261
251327669000525838
287295216971686631
191613891137603750
313095708993963672
762874384629717387
805658395869689209
978404103423059771
576269233034877446
22214218584765
959864728499032822
184162239592387643
21432730702049538
757628177458118122
422419811117572516
758876864796800113
735119806809770729
556665830892553771
61610134876226254
786564124564606054
319795513314003573
535498902213763727
238605317247111720
315594014043059848
49522115348813133
383057172192728094
99086558108390186
887177462087232710
416839952494369450
780071998892269978
753091670215174061
596778525568105642
885567245381416848
321237654138687625
342850145233161310
334921596375929996
565235234844178024
739562895875060886
949564728592490850
875841719433923742
86160427686998430
156780706513988878
207968499025238057
361688213479013421
532943631603271857
251327669000525838
813004220189985766
781448749063849062
364386584360103807
893416674288022820
212647740779383996
27227342431469645
106197450506120569
291178120298873253
919371459679148375
355323373241702626
276161872802986782
219103649782331696
92771899661451279
107547043278607162
565235234844178024
82632527195839356
395225826315744039
315125063492149580
10798723392109709
199114808934407573
978404103423059771
532380761702381452
677148002693226156
733650684672201574
770984816000691128
556665830892553771
725552284744766151
981223480230577307
949564728592490850
516045863277720922
946369883015218243
156780706513988878
517862506152923516
650846182767227543
229548293376106750
765714169444022629
71327338707539147
789856003527020466
604205748403018961
904906920812475452
541487194002174366
390764820402948197
949564728592490850
395225826315744039
797240003074578322
359176208987888069
808561377805799602
970537066965762496
764353422763726565
401408336686743725
976249864623983704
226382267039048323
154715099346311658
210247051155053777
164792125734142510
637790272175131653
286378711181137823
845024313537684420
535498902213763727
419944127537491371
355323373241702626
613277915977422772
317101017880238190
212647740779383996
429017445195225130
864588495459039016
713814023536717990
674894838421029046
954538581288655280
47030216959693485
291178120298873253
250109893267524812
695905284628857182
647957794010414825
313095708993963672
260977760771506423
946369883015218243
28254723133384827
355323373241702626
487239257848593943
498705625785771321
45977094869377756
35421918067061048
846972736218026655
420695675926759044
