599549247950344686
113749301429040688
69582754454972422
987619103823126746
883528927606812659
31829199748740999
724918707855802925
383440649259340911
476755403962168251
504043520425783363
779015994308471703
423675252061901571
492541886989300221
813685982767329122
304721897348807870
533473591534787481
62751127354049327
730105226055663706
353075215182785099
263480988731869796
577142329259803207
762559493635507172
85085223330872427
888558922661488847
283718302880688950
181195012589715350
901103699208793303
228976238438640188
918346570038212464
180756263737921493
392850626324738015
686974329321101953
883528927606812659
543811219601734074
31829199748740999
113749301429040688
730105226055663706
341875881830761011
543811219601734074
276935347794915736
905441795090217079
448980502046010025
80101002853470349
657905780813385328
444575817352305580
695951641961573640
208206878768507789
524876759600921989
444575817352305580
63897660553042973
846557174406847934
383440649259340911
559658176054175777
188786550980800102
617616875823673725
980284990674536172
912021241545280130
263480988731869796
17588764071645256
243806067465135799
304721897348807870
790983062676773809
377112569394399797
905441795090217079
762559493635507172
67297981452197697
793703213060258500
479673822225953508
377112569394399797
294043261083181597
724918707855802925
16453971836591690
680271608943509069
283718302880688950
133555630291125925
876506401909126169
31829199748740999
99104473809063577
331958388247501532
488462642019358780
752918347296131587
392850626324738015
92289658182007701
612697951379852614
392850626324738015
930933654223509688
964217726482425979
62751127354049327
188786550980800102
912021241545280130
445732300568220372
80101002853470349
793703213060258500
99104473809063577
543811219601734074
62751127354049327
846557174406847934
321404707858217042
846557174406847934
713136139463733228
517768245986024004
883528927606812659
738939735719058954
686974329321101953
492541886989300221
559658176054175777
488050235749715003
31829199748740999
25784238837400798
559658176054175777
738939735719058954
188786550980800102
80101002853470349
194967014729237378
328863674113007895
846557174406847934
133555630291125925
500990506390092643
31829199748740999
476755403962168251
341681871258875129
779015994308471703
549483321021831769
891154276027300007
805740515065293162
62751127354049327
62751127354049327
876506401909126169
654213671870951084
649002879547798419
250407509048978327
886577367310584953
208206878768507789
181195012589715350
948325362018032993
597643726850479059
901103699208793303
31829199748740999
102215305852558817
396875327995873009
107632165781568764
975667044980924690
159481781430162699
294043261083181597
906070798892797156
846557174406847934
396875327995873009
180756263737921493
906070798892797156
968654818202918018
530839998870834669
120072563843917040
612697951379852614
660384723501924700
392850626324738015
166201098557706602
209070376532171960
802491032248523692
69582754454972422
964217726482425979
680271608943509069
396875327995873009
353075215182785099
113749301429040688
444575817352305580
459854523602070860
85652406808746629
304721897348807870
543811219601734074
686974329321101953
597643726850479059
31829199748740999
120484909262409974
928283436777288733
599549247950344686
649002879547798419
703141318227154026
92289658182007701
559658176054175777
617616875823673725
318119881049024821
453428726160984146
599549247950344686
677495694685905698
928283436777288733
31829199748740999
512228397952123597
513950997093376252
854926166947738930
188786550980800102
867218015746791146
951913058718239967
154201080024224239
724918707855802925
69582754454972422
617616875823673725
304721897348807870
713136139463733228
975667044980924690
612697951379852614
392850626324738015
289747624260416069
824680440291236057
353075215182785099
977388414864108487
999642587500755130
577142329259803207
968654818202918018
852915336104978142
248434503502209577
289747624260416069
677495694685905698
412413938289790884
243806067465135799
62751127354049327
980284990674536172
404392290638526924
703141318227154026
353075215182785099
263480988731869796
326240781300416345
434217516133823825
657905780813385328
521787296683353160
227581871322984994
453428726160984146
738939735719058954
543811219601734074
846557174406847934
228976238438640188
166365081124323919
154201080024224239
802491032248523692
819826735057490004
108887822502053244
263480988731869796
910087485645072880
559658176054175777
243806067465135799
444575817352305580
597643726850479059
968654818202918018
488050235749715003
296669110358828464
220566831608435448
867218015746791146
16453971836591690
289747624260416069
341681871258875129
512228397952123597
377112569394399797
651224123607876338
660384723501924700
479673822225953508
559658176054175777
928283436777288733
199752874024160277
530839998870834669
968654818202918018
459854523602070860
479673822225953508
133555630291125925
752918347296131587
730105226055663706
852915336104978142
504043520425783363
731501208432193775
577142329259803207
62751127354049327
85652406808746629
166365081124323919
194967014729237378
559658176054175777
434217516133823825
383700333498498174
154201080024224239
25814583889561178
321404707858217042
327807492079184455
891154276027300007
276297972398388996
987619103823126746
423675252061901571
752918347296131587
276935347794915736
248434503502209577
142147903348262733
31829199748740999
476755403962168251
396875327995873009
910087485645072880
120484909262409974
943963232369527179
243806067465135799
577142329259803207
294043261083181597
504043520425783363
99104473809063577
918346570038212464
500990506390092643
377112569394399797
341875881830761011
296669110358828464
85085223330872427
905441795090217079
326240781300416345
649002879547798419
964217726482425979
521787296683353160
166365081124323919
377391818647950154
188786550980800102
31829199748740999
142147903348262733
181195012589715350
335954863096725107
852915336104978142
166365081124323919
793703213060258500
730105226055663706
713136139463733228
724918707855802925
396875327995873009
289747624260416069
521787296683353160
964217726482425979
964217726482425979
876506401909126169
677495694685905698
16453971836591690
444575817352305580
419152871118499174
276297972398388996
500990506390092643
92289658182007701
867218015746791146
263480988731869796
194787380338217999
377112569394399797
243806067465135799
649002879547798419
876506401909126169
99121290116735492
159481781430162699
785098552969722482
891154276027300007
341681871258875129
228976238438640188
680271608943509069
459854523602070860
392850626324738015
660384723501924700
199752874024160277
987619103823126746
776499380471498374
603356318066016878
16453971836591690
533473591534787481
479673822225953508
120484909262409974
492541886989300221
251658229454044359
263480988731869796
724918707855802925
549483321021831769
99104473809063577
680271608943509069
862946579690873894
559658176054175777
677300816197379003
649002879547798419
937986024211984514
188786550980800102
479673822225953508
25784238837400798
142147903348262733
577142329259803207
617616875823673725
488462642019358780
353075215182785099
901103699208793303
867218015746791146
660384723501924700
651224123607876338
830463704903089439
985846279201300802
80101002853470349
680271608943509069
910087485645072880
549483321021831769
181195012589715350
752918347296131587
377112569394399797
377112569394399797
488462642019358780
500830634560612086
120484909262409974
142147903348262733
577142329259803207
218306352780590738
377112569394399797
597643726850479059
17588764071645256
883528927606812659
255061538884096459
901103699208793303
713136139463733228
660384723501924700
692507159857805631
950918412849566705
423675252061901571
492541886989300221
500830634560612086
63897660553042973
243806067465135799
928283436777288733
826666836330590995
987619103823126746
227581871322984994
63338160325674397
762559493635507172
657905780813385328
243806067465135799
263480988731869796
392850626324738015
69582754454972422
968654818202918018
353075215182785099
826666836330590995
660384723501924700
533473591534787481
599549247950344686
99104473809063577
937986024211984514
730105226055663706
891154276027300007
762559493635507172
16453971836591690
883528927606812659
649002879547798419
891154276027300007
404392290638526924
901103699208793303
512228397952123597
296669110358828464
328863674113007895
194787380338217999
968654818202918018
85652406808746629
31829199748740999
377391818647950154
617616875823673725
294043261083181597
888558922661488847
263480988731869796
738939735719058954
62751127354049327
92289658182007701
500830634560612086
434217516133823825
577142329259803207
31829199748740999
785098552969722482
159481781430162699
335954863096725107
181195012589715350
133555630291125925
377112569394399797
533473591534787481
500830634560612086
617616875823673725
85085223330872427
846557174406847934
543811219601734074
85085223330872427
220566831608435448
404392290638526924
985846279201300802
99104473809063577
901103699208793303
964217726482425979
713136139463733228
577142329259803207
31829199748740999
779015994308471703
99121290116735492
62751127354049327
16453971836591690
987619103823126746
453428726160984146
852915336104978142
463126703443303352
453428726160984146
444575817352305580
142147903348262733
901103699208793303
251658229454044359
276297972398388996
113749301429040688
543811219601734074
133555630291125925
25784238837400798
228976238438640188
377112569394399797
166201098557706602
463126703443303352
459854523602070860
392850626324738015
699707815196706306
793482632120212255
63897660553042973
557533402690372795
987619103823126746
384234729026825207
423675252061901571
16453971836591690
392850626324738015
975667044980924690
80101002853470349
349041784802299884
99104473809063577
209070376532171960
738939735719058954
934680280286398545
854926166947738930
142147903348262733
318119881049024821
16453971836591690
377112569394399797
943963232369527179
724918707855802925
209070376532171960
154201080024224239
724918707855802925
120072563843917040
296669110358828464
166365081124323919
120484909262409974
577142329259803207
476755403962168251
62751127354049327
209070376532171960
883528927606812659
928283436777288733
85085223330872427
703001231166244483
987619103823126746
463126703443303352
891154276027300007
107632165781568764
453428726160984146
108887822502053244
419152871118499174
830463704903089439
577142329259803207
341875881830761011
318119881049024821
552602810132491152
521787296683353160
559658176054175777
294043261083181597
453428726160984146
243806067465135799
826762212669507790
16453971836591690
559658176054175777
557533402690372795
154201080024224239
283718302880688950
674981771891472820
248434503502209577
377112569394399797
99104473809063577
395417307478001458
283718302880688950
133555630291125925
815193276612216439
951653008317671728
120072563843917040
353075215182785099
699707815196706306
660384723501924700
649002879547798419
876506401909126169
815193276612216439
703141318227154026
846557174406847934
918346570038212464
194787380338217999
861979430549310831
463126703443303352
209070376532171960
862946579690873894
449096824050595009
180756263737921493
876506401909126169
492541886989300221
69582754454972422
703141318227154026
377112569394399797
980284990674536172
92289658182007701
500830634560612086
724918707855802925
819826735057490004
31829199748740999
107632165781568764
102215305852558817
552112192760298818
577142329259803207
830463704903089439
533473591534787481
444575817352305580
846557174406847934
649002879547798419
883528927606812659
912021241545280130
243806067465135799
803678020738696499
883528927606812659
738939735719058954
25784238837400798
520465578002004377
353075215182785099
62751127354049327
762559493635507172
154201080024224239
350293898995243306
353075215182785099
248434503502209577
524876759600921989
504043520425783363
649002879547798419
980284990674536172
649002879547798419
304721897348807870
738939735719058954
968654818202918018
220566831608435448
649002879547798419
692507159857805631
16453971836591690
724918707855802925
521787296683353160
463126703443303352
142147903348262733
730105226055663706
606152441490589389
16453971836591690
349041784802299884
597643726850479059
69582754454972422
16453971836591690
695951641961573640
459854523602070860
968654818202918018
793703213060258500
617616875823673725
318119881049024821
830463704903089439
543811219601734074
649002879547798419
975667044980924690
577142329259803207
987100381505229308
453074000190399633
350293898995243306
396875327995873009
500990506390092643
476755403962168251
16453971836591690
735050570190424328
805740515065293162
341681871258875129
341681871258875129
533473591534787481
479673822225953508
62751127354049327
695951641961573640
674981771891472820
517768245986024004
67297981452197697
321404707858217042
107632165781568764
108887822502053244
679117668873619740
62751127354049327
453074000190399633
276297972398388996
228976238438640188
281114597283013484
404392290638526924
876506401909126169
377112569394399797
512228397952123597
459854523602070860
353075215182785099
937986024211984514
463126703443303352
948325362018032993
353075215182785099
854926166947738930
194967014729237378
16453971836591690
918346570038212464
793703213060258500
491034644635159655
504043520425783363
108887822502053244
31829199748740999
597643726850479059
353075215182785099
188786550980800102
674981771891472820
243806067465135799
263480988731869796
80101002853470349
610441954339648005
479673822225953508
127635415068436374
62751127354049327
62751127354049327
444575817352305580
188786550980800102
703141318227154026
779015994308471703
680271608943509069
793703213060258500
660384723501924700
166201098557706602
327807492079184455
108887822502053244
396875327995873009
674981771891472820
350293898995243306
304721897348807870
377112569394399797
752918347296131587
255061538884096459
657905780813385328
181195012589715350
459854523602070860
830463704903089439
434217516133823825
657905780813385328
905441795090217079
651224123607876338
353075215182785099
404392290638526924
318119881049024821
861979430549310831
883528927606812659
603356318066016878
577142329259803207
752918347296131587
476755403962168251
25784238837400798
802491032248523692
686974329321101953
188786550980800102
504043520425783363
500830634560612086
876506401909126169
304721897348807870
830463704903089439
444575817352305580
25814583889561178
968654818202918018
142147903348262733
17588764071645256
434217516133823825
69582754454972422
674981771891472820
276297972398388996
500830634560612086
846557174406847934
987619103823126746
154201080024224239
549483321021831769
62751127354049327
304721897348807870
331958388247501532
846557174406847934
504043520425783363
444575817352305580
752918347296131587
203975216804957821
423675252061901571
724918707855802925
752918347296131587
533473591534787481
453074000190399633
846557174406847934
296669110358828464
476755403962168251
975667044980924690
649002879547798419
876506401909126169
610441954339648005
324232474673309624
948325362018032993
166365081124323919
530839998870834669
852915336104978142
950918412849566705
867218015746791146
577142329259803207
243806067465135799
500990506390092643
99104473809063577
263480988731869796
154201080024224239
199752874024160277
396875327995873009
968654818202918018
404392290638526924
341875881830761011
25784238837400798
197129696807150763
208542315928037867
552602810132491152
807004355370992657
846557174406847934
901103699208793303
423675252061901571
617616875823673725
113749301429040688
785098552969722482
31829199748740999
243806067465135799
377112569394399797
92289658182007701
154201080024224239
543811219601734074
453074000190399633
699707815196706306
159481781430162699
448980502046010025
62751127354049327
612697951379852614
349426431330383501
512228397952123597
263480988731869796
577142329259803207
968654818202918018
62751127354049327
220566831608435448
987619103823126746
846557174406847934
724918707855802925
738939735719058954
263480988731869796
17588764071645256
964217726482425979
341875881830761011
762559493635507172
886577367310584953
281114597283013484
412413938289790884
434217516133823825
392850626324738015
674981771891472820
597643726850479059
543811219601734074
166365081124323919
968654818202918018
861979430549310831
713136139463733228
577142329259803207
209070376532171960
102215305852558817
