227 871
674981771891472820 815193276612216439 730105226055663706 802491032248523692 912021241545280130 599549247950344686 830463704903089439 888558922661488847 448980502046010025 383700333498498174 331958388247501532 980284990674536172 133555630291125925 414990786518577412 188786550980800102 276935347794915736 519528023460823128 752918347296131587 686974329321101953 326240781300416345 415330569728181836 776623660212217577 987619103823126746 63338160325674397 227581871322984994 377112569394399797 25784238837400798 120072563843917040 154201080024224239 445732300568220372 805740515065293162 113749301429040688 695951641961573640 946142698830807764 612697951379852614 218306352780590738 606152441490589389 530839998870834669 423675252061901571 901103699208793303 738939735719058954 199752874024160277 677495694685905698 977518754721785306 492541886989300221 524876759600921989 987100381505229308 504043520425783363 108887822502053244 67297981452197697 127813920236484130 353075215182785099 444575817352305580 17588764071645256 549483321021831769 703001231166244483 906070798892797156 807004355370992657 102215305852558817 677300816197379003 166365081124323919 597643726850479059 818591789792171182 488462642019358780 281114597283013484 691380079366934129 166201098557706602 63897660553042973 62751127354049327 513950997093376252 453074000190399633 99104473809063577 120484909262409974 933574438421357653 928283436777288733 491034644635159655 649002879547798419 476755403962168251 334032344299634639 891154276027300007 964217726482425979 283718302880688950 377391818647950154 194967014729237378 604840170896270500 985846279201300802 289747624260416069 883528927606812659 449096824050595009 419152871118499174 552112192760298818 700637202738183684 651003237165975899 699707815196706306 209070376532171960 731501208432193775 814012965576586043 950918412849566705 434217516133823825 617616875823673725 69582754454972422 107632165781568764 327807492079184455 951653008317671728 918346570038212464 250407509048978327 181195012589715350 80101002853470349 887734175878420685 603356318066016878 245847311499348452 785098552969722482 395417307478001458 559658176054175777 276297972398388996 948325362018032993 826762212669507790 341875881830761011 861979430549310831 819270855400889272 937986024211984514 679117668873619740 203841435672165024 304721897348807870 31829199748740999 779015994308471703 16453971836591690 762559493635507172 905441795090217079 660384723501924700 543811219601734074 350293898995243306 228976238438640188 349041784802299884 396875327995873009 159481781430162699 651224123607876338 943963232369527179 512228397952123597 500830634560612086 650298997861476311 686717919977437363 520465578002004377 321404707858217042 463126703443303352 999642587500755130 142147903348262733 318119881049024821 479673822225953508 951913058718239967 852915336104978142 25814583889561178 180756263737921493 803678020738696499 294043261083181597 243806067465135799 939321018258144668 977388414864108487 766461675075291154 384234729026825207 197129696807150763 713136139463733228 92289658182007701 790983062676773809 203975216804957821 208206878768507789 930933654223509688 255061538884096459 248434503502209577 341681871258875129 533473591534787481 521787296683353160 552602810132491152 194787380338217999 934680280286398545 412413938289790884 654213671870951084 826666836330590995 793703213060258500 220566831608435448 296669110358828464 703141318227154026 349426431330383501 910087485645072880 732827073289491525 500990506390092643 724918707855802925 127635415068436374 753546014634034787 886577367310584953 383440649259340911 735050570190424328 680271608943509069 862946579690873894 85085223330872427 793482632120212255 557533402690372795 328863674113007895 692507159857805631 453428726160984146 477742425878148940 251658229454044359 813685982767329122 657905780813385328 846557174406847934 711133608415020338 263480988731869796 968654818202918018 208542315928037867 819826735057490004 459854523602070860 577142329259803207 335954863096725107 488050235749715003 854926166947738930 610441954339648005 85652406808746629 824680440291236057 404392290638526924 99121290116735492 517768245986024004 392850626324738015 324232474673309624 876506401909126169 867218015746791146 776499380471498374 975667044980924690
599525161352512886
112197441909432086
70522082326351812
987889516475449102
881399733315722621
46326441210122285
727347302176777476
383110065734843460
476909504213567442
506645747387915097
779381825554564200
423555263438500467
495099574789202307
813593489021989295
310392053796303611
536794582775635556
60013001587440156
728123943295395264
357644617100769356
261078165031862145
583245809224161796
763932753523313884
84737414987308109
889560903779235829
285364060486583348
183389732622497902
899379288541657587
231225699527789701
920374164175904889
179910492574235969
388587154326136241
687121143588665562
880147745164426327
539269043583188550
45926734495041267
115387047769085595
729621529548498823
341857966424845846
545654057161698724
277235921123362679
904069483988880330
448330628836792241
77490187923025910
658862450144657636
441882426313073156
696327972970577146
207425638594858613
527441155763525095
444615295114235443
65360175159544333
840770692639907542
382711023375792643
560168108066156810
187914109703068890
619725736977186410
981604974399558573
911737904681639174
261687497899481809
19932978719878821
239180839477298100
300723295142552214
789581202214039199
365983154650412290
903623135258326884
761902456836067348
67643848584766091
794815204303242480
479855528971590617
376716230488549838
294708689242018754
722177093302682297
7460039162694837
680388295556571835
285220265556386301
131069119615565039
874750807352929446
29103949497327187
95824905003064880
331626168256496245
488278778505937043
749752319679776252
391311407577178506
93862074041514148
615038179130018396
391881264135949997
929738039470177554
961911481619555971
55994015219604903
191464350408314937
912464154977027886
447227855335284754
77821646575440692
795010085874961044
98729144229095167
540902025396126782
50511663842908796
844992198976469567
321997800969242178
847644630088150347
715627035256119457
518491248856627622
881821738224033698
741344343061625002
687779354631009439
492833511068121031
560597304326110781
485178645980798997
40234437443712151
23616497538613888
558951302246440024
738565294480566629
188726026080303021
76672182370686778
194911720533812059
328637669145045783
840415856519071374
137601345417033746
502000032609309211
29849452628601307
474237145577002228
340271028711211535
781018590454706817
550073724327758946
894420150653054512
804931181655973875
49578316554737702
54922206060075961
876731711416197807
652880021510743527
635241463210452695
250126723010844423
885172258580624221
206280295544441852
183029748496128270
948869119934139925
595508629356286671
899973019800662674
29887821036925971
102878771044384283
398717732127954128
107397090481015522
975048760196746050
157467896380441710
294339985063668743
907558042945171835
848799090209195348
398206351812017111
174978844699265524
906607928009293162
970227413576553123
528389407710105779
118114316948914051
613430363260375001
659818383898376722
392042738874606693
164809305694864394
213666612596380576
801969191808436965
72441618352514060
963334594114503696
681994594946445301
399712809442282626
359481833585862849
115375958992604254
441667491135529032
456963262634215969
86098056233771606
304196139390480288
538707157905519503
689030903278938550
596002693938720783
40259780445215818
123142487917443516
929095808986448771
601433044098365701
645431246067247747
706505797555787549
91684127648085227
559926786259460894
627949009311164250
312944467112515884
456488763097357260
600338189544132972
677858072449508988
927168051239898432
37322725911545949
512699504085448394
515793758902021152
857312147590116037
188717696143662091
865824515697742406
952753448350966703
153495105906301992
722319191952455169
71414980806720631
617934837755424265
305827727633868766
714053822422450139
976260317918836114
613629979520520706
393093489780592929
290154567925622541
824829409044576536
353484577668592799
976794004557953172
994119606298771566
570383353026898491
967293622372211581
850962847708993825
248951458039397144
288536217368513806
677933059333275073
412643857897793715
241372147587295529
57592567676883482
980143948906643470
402180932374412324
705538171292936822
358436463308638424
267237651875267604
326082367664080465
430416687727468095
657855471262622116
523291284311270771
225642803291714550
453809453729745991
742566293847515449
546254285186829585
843515694455150860
229281811428585081
168169832101680615
148627685755269070
800215286684848690
821504041891379775
109723873853279336
268230422729019575
909124949481402220
565026616229886893
242222084005494050
442893717547464075
593064588489520385
969810524327761495
486330386627354237
297843650632112213
220440398854125585
871523263756141800
8984774730496197
287794871927183745
340643026270021596
508966541588825595
368974548899925583
651639204299754430
660053124705795773
479998383914896393
565918144007696907
927917262288983914
199737815106443621
528206905072504006
969351204440598431
460794801285065996
479621186841304846
136253133161502794
747964616658919922
728969240087507044
850604965098513665
505728375273255874
731632255394125528
574661361168217716
62709691811673753
85780481519940877
166872087758476957
195563053141523836
561471697615044125
432711445192749644
383633984314611019
152450705204440544
28539682517452714
320137921328164192
328180249637634514
892127882462954943
275419164518847860
989672617247507203
421799529250602566
752352469875439397
277155030908166075
248979757564049467
144031223810432659
37171170847800819
470352461405544486
399850947992325002
909100227174759696
120753028836016069
943878838289982529
240659671434606479
583589108359539545
293002059533400783
503449040898388980
98843228490062061
921803116121214125
502458682109675584
369941406014376194
342781702903691619
300094490083539293
83766090595305037
903583374110695543
326486005629826230
634170634634923374
965002331177396323
522400606664212624
173049554308776940
378924180028784545
187700255173421604
32602817609492830
144017815889746144
184593082055182174
338078041728616410
852704020075658644
173504611619947459
795366461411192519
730059501769608252
713969348088060226
721375962469534177
397022745077711579
288770642648759041
523146799415383046
963439519221180466
960931670797050788
873737209747779616
677794095394994378
16254489139224591
440109688120874903
420374977114445430
275969601876010201
501716874471580435
90685329883869546
869938938051977572
266244813184797544
192631933205788046
366526838481398944
237591770282516547
642439362819898446
876206377074212162
99277369201445848
162013691474955915
786895530569025026
889946150970964398
340408924462356306
231046169929823024
682526332484269415
460742296239563706
391206779422832076
661299291800821213
200096074358113681
990887222880753340
772531349500926299
602566202016770010
12704985300281481
536115358198260731
482032020459561675
122782098487902691
494360814457450733
252943672433179532
259916990689912725
723995359043525881
548807713213098136
97408021035001468
681082812594125365
863003492272471094
563202718046202270
676439678429026432
636826916188204514
937682519243392835
188850761266404754
479494242808143620
25271951241829735
139679054001043321
571943640693863986
620909188415701700
488527875125274036
354197400893164746
897668792320108595
868661646830770470
660821538188407140
652227037504289657
830327805519092725
986302836233539333
79973487151694811
680382824416134093
910867679497910317
546724660931900049
183255377892130217
752969536524281326
372474219675949210
371913381203801704
489080443443224498
498977457383086629
123347335987462357
141445014126955644
582542586719547253
214341615605938953
372508404022683532
598314748029228408
19671338231732746
881712060704242933
254328630718520992
897836949414216694
714394875589793325
666536996983763337
692988194758755583
950648294498195057
423986025979826781
494765253108696608
499801112191884220
64700071852263435
237046014066639290
929437384077496511
825710963698407006
992637277156250817
225458527096163779
63232562284609005
758624202535307798
656841197907197741
243819911848534854
263522563614461686
390511702125292945
70188155150679220
971013192646817132
362403846856028207
825788257674225031
663998087144340702
537244692218485260
600604236560726406
99018717123426228
938250413843857836
727963963161247118
893356785331179924
763932634613007290
4682961647980783
883760778057347060
637897288234377621
894071438425715152
403611848012072466
900853636307417727
512200338754942066
295532991383432766
329496813456281869
194619243274408026
971624123875793868
88743650150029983
30027076778553766
377403668912365212
616574085965314991
292373517788571778
889619402590085378
269364464226297739
742526637589355093
48554546776341940
91248114247764389
498756474174911340
434954108159963308
570709807191970577
28897889476396241
783178112736414097
157075104842521885
337677535856129948
182054363889451455
131679026023029736
366320329275960732
535341080186734189
500237282737942111
617696993391298666
82928975125227507
840016478035585079
544615383366972996
83571859276121032
221006259019774455
405812844503582058
986167544599238871
98702267961505015
902190044246093973
963262385058679441
718879304373176145
573084159326944451
40197627017683960
779171434239383170
100344331740847616
58880155480103861
11775929583896421
989116122453041570
454572714855862859
853348214158765346
469501531362633014
456612683679631543
443617817556938519
143613627650040789
903143254299060382
251941116217520998
270798901022738628
112661826371023308
539123212493815567
133251265115133152
21918892118378674
235964553040373658
374473629745400595
164011017068580809
468309316693810249
460710921544831441
389948042611665547
699317536338076700
792903051644231275
64373911553113657
556821919451781794
990309133598423392
385553516088075305
423462377460232372
5127237867351442
392275745684712260
973911891426339916
78755991425266471
348255612200580560
95986041825648945
211207915873176333
739399737844844542
934774656644284410
854390955785187571
138409958580100652
312674005589788145
13136542919524656
376000667815349502
943631834408384230
726372076659408933
210484151305209434
155877820329839247
723915767380284070
117512042427758409
298792709855955332
171784123399340583
120601386220702133
578523857969966722
471143837186069701
62179660306461206
210645050760578902
882778167399363738
925277422777205589
84891791292628379
701959845508948295
988583962308621140
465012410354736082
892342123748201154
106432552399880418
456423363432625259
111099707367942824
419037232546636120
831111707042094258
573353921389110337
342433156864037390
312543893084353374
552414359046398059
521372322514720862
562105767702259710
292706095085388482
453409141418569320
236447100607809167
827070730286947792
6767422624512535
565956050756955519
555987201305767831
152561965153393577
286569709078456591
668914758426317796
249193794972996468
372937108551587852
97271408942457575
394767984963263063
285976309824939005
135680863148619901
816356105874010614
951759750062797864
118205196494329793
363088169406870539
699401933212085261
660370427544790143
635876635949917719
873167634934023738
815994336506254195
705232483323369289
844269182121838922
922889835816900019
192929115059021001
862382033558651176
463340047754647515
211132621096468730
864888892825317286
450640008871638725
178394530194940447
872167612324817672
495091168909274918
72181775922753284
705471868600087290
377113503056162148
980571059002685719
89827675616509761
496700887781412099
720698331106384487
820534975266099620
38417492587445397
108253810860575113
103553764579693498
550860611236014916
586259903419342681
836306729884194087
536265756760394841
443254462632438689
848091907175688414
641076938782693942
881671256785914304
914736573854437507
244420462513690373
804362618723269295
882399777981194833
742489356298171301
22316284780930129
519997102229662295
355659510291946189
51469665711620054
762157989340793756
156292776213449614
350593488814631181
354889622401597524
249011461307751987
525957184515574667
507468227492839183
633487941013515498
982435762735843030
648274222617934350
301138988591957562
743831754084034118
966960667844692086
220881345037122747
638432629045926042
692751541771352686
8446575985120329
719944135543638699
522347342235016145
467199136530680058
145259137216528327
728081258435821754
606191487194013268
5386217565234669
348563691570661189
588578401157249083
70732822731702704
11876202963745248
696856439905566185
461097308137640656
969299052045286665
794926520812607507
618518418852658192
311811539471830345
833346583308718370
546229494958593003
643452085807084114
972955598424592727
586478234856954214
987073088791048837
452973199818942135
350220614657115357
397980537217205835
501962871242957962
470223237012427118
14295419789194960
735220578501748304
805912403894181305
340095380073428950
339221200413724613
532196792531049657
479951062873405237
60266729748037959
695171231709499042
669596493894348752
516946693233993018
65990221326738922
320978939744464524
107793529177896054
109060144444080325
678948733530246410
60217535396845357
452216893386418504
270347351699640360
233300952824426741
279955297444958840
401077891177975174
875639858152571425
374886348341119266
511957532159392862
458011960432138304
351858828960561939
936927723865676375
464926070124623662
948156897634189533
353176713527105157
855407328780229191
194986700728785968
6573419865101988
918713945507074829
793955958991321841
491543065190978939
504665371262817710
109195332104451889
46257336619489674
592407086711612499
360612353773780984
187539171178013446
675741182509603054
237217891723780433
267899815952589258
74969412718171223
608356082835142895
479087897980784015
127139885150919293
47706433968000363
48121270476021207
441389390296699621
189318398244111075
704352040985786645
779076850240187868
682903405418116498
794087975027259814
667272380562587705
166092428366809715
328041984042000337
108901388434233910
396848681607776307
672984841765242777
351560705305910673
304073972522599416
372284139251537213
746776475991390230
256382531413931927
656393308948007360
181393114405047498
457292666475358639
831770157690609837
430278141446458710
656658848382430566
903963864700171530
652677372529020151
362260763324904420
405933066232768484
314554466578674081
858825974442505081
880761917816984818
603570279207009431
573705091596991109
746241013850854141
475931453281641705
25028549217114102
801836324800433687
688531766116784405
189004595502651597
507538423226931226
498250687086877472
874759083513140653
301152096498182927
836394689791196549
443468547782459338
27613310986560049
969117320155004382
138778749355507923
17765305539569585
431814558663869483
69338253367992820
674383004231612548
274933318577585021
499792651864416442
848438669203910928
988830372325781926
153996993598306295
546848726801428380
55049043217837429
305016529335655074
330603141529979885
844560191168641928
503973030579372866
441974729753281550
747008331287404651
205945284346814865
423779974722378645
721002123561784532
750734363979355405
537283069415250753
451525189979305250
849172915059128684
297257607979256484
474065830239556510
973284985742372080
638338577027071768
878991664570443150
609647333198094504
324313205400509024
949012776642802832
170427567092306637
530812832347290838
849757460149175072
949632697095463229
866807501675397986
575560007752907549
244626499957720153
501033004596267836
98922734569041605
261672656669153863
149429437753813491
200782581314082490
397768682712312612
971889370383522002
407611672949903155
344742169673471935
25184453678839349
197916525606634036
208396260791496711
554490201962410454
806570949380689824
843598101580102009
901798082966233626
421957848045672860
632308327287361238
116038944587745587
783886592706660517
36250183067469031
244192380743269855
365544174427552836
94791536432819124
155273656193938244
541242054074374748
452870333872504001
699629346941309853
161464784356164624
447988265518417574
55790266703166774
614600056828073870
349455019365852984
512200146271346307
268185297870873304
573336242650916670
968816567971274016
53842222165496427
220964483980160584
993362885615502594
841336617718473600
723785260256339942
737851238458909814
263407610737539261
17181327954966131
963786025187239868
343080721052800452
760343223339211427
885998795827716084
281172076254309148
409483707456422870
433424794359955916
392215114498035098
670418754240465792
588065262822216386
544570658960013140
171645996705617267
966867110769069793
859710980446515031
715855753393714309
582374639644324475
210683927554942604
100690498212893928
