603103169241496974
194067754255641958
935095553729263909
603103169241496974
603103169241496974
424163378183937390
574848092594596704
603103169241496974
424163378183937390
935095553729263909
603103169241496974
194067754255641958
194067754255641958
316491786160614670
603103169241496974
603103169241496974
267876839227355671
996546747088333005
574848092594596704
935095553729263909
935095553729263909
194067754255641958
603103169241496974
574848092594596704
935095553729263909
574848092594596704
194067754255641958
302023344529097304
574848092594596704
267876839227355671
996546747088333005
935095553729263909
194067754255641958
574848092594596704
210283357632461055
194067754255641958
603103169241496974
316491786160614670
574848092594596704
194067754255641958
574848092594596704
194067754255641958
603103169241496974
935095553729263909
424163378183937390
316491786160614670
316491786160614670
603103169241496974
603103169241496974
316491786160614670
194067754255641958
996546747088333005
424163378183937390
267876839227355671
935095553729263909
603103169241496974
935095553729263909
574848092594596704
424163378183937390
574848092594596704
267876839227355671
603103169241496974
574848092594596704
574848092594596704
267876839227355671
194067754255641958
194067754255641958
194067754255641958
935095553729263909
574848092594596704
424163378183937390
935095553729263909
935095553729263909
194067754255641958
316491786160614670
935095553729263909
210283357632461055
194067754255641958
194067754255641958
316491786160614670
194067754255641958
935095553729263909
935095553729263909
996546747088333005
603103169241496974
194067754255641958
210283357632461055
272914578359039458
935095553729263909
194067754255641958
316491786160614670
935095553729263909
424163378183937390
294649103181117815
935095553729263909
424163378183937390
194067754255641958
194067754255641958
574848092594596704
194067754255641958
935095553729263909
424163378183937390
267876839227355671
194067754255641958
603103169241496974
603103169241496974
935095553729263909
935095553729263909
424163378183937390
603103169241496974
210283357632461055
574848092594596704
603103169241496974
424163378183937390
194067754255641958
996546747088333005
574848092594596704
267876839227355671
935095553729263909
574848092594596704
194067754255641958
935095553729263909
603103169241496974
267876839227355671
935095553729263909
603103169241496974
194067754255641958
574848092594596704
603103169241496974
603103169241496974
424163378183937390
194067754255641958
194067754255641958
210283357632461055
316491786160614670
935095553729263909
316491786160614670
603103169241496974
194067754255641958
194067754255641958
574848092594596704
424163378183937390
424163378183937390
603103169241496974
935095553729263909
996546747088333005
424163378183937390
603103169241496974
935095553729263909
603103169241496974
603103169241496974
424163378183937390
194067754255641958
194067754255641958
996546747088333005
996546747088333005
272914578359039458
194067754255641958
194067754255641958
316491786160614670
603103169241496974
424163378183937390
424163378183937390
424163378183937390
935095553729263909
316491786160614670
316491786160614670
574848092594596704
935095553729263909
316491786160614670
316491786160614670
996546747088333005
424163378183937390
424163378183937390
935095553729263909
210283357632461055
935095553729263909
194067754255641958
424163378183937390
194067754255641958
267876839227355671
603103169241496974
574848092594596704
194067754255641958
603103169241496974
424163378183937390
935095553729263909
272914578359039458
603103169241496974
267876839227355671
210283357632461055
935095553729263909
574848092594596704
935095553729263909
267876839227355671
935095553729263909
424163378183937390
935095553729263909
603103169241496974
603103169241496974
603103169241496974
574848092594596704
194067754255641958
574848092594596704
603103169241496974
603103169241496974
603103169241496974
574848092594596704
603103169241496974
574848092594596704
316491786160614670
935095553729263909
194067754255641958
996546747088333005
603103169241496974
996546747088333005
935095553729263909
935095553729263909
935095553729263909
194067754255641958
424163378183937390
574848092594596704
424163378183937390
272914578359039458
294649103181117815
603103169241496974
603103169241496974
935095553729263909
194067754255641958
574848092594596704
603103169241496974
194067754255641958
574848092594596704
267876839227355671
935095553729263909
424163378183937390
424163378183937390
603103169241496974
603103169241496974
194067754255641958
424163378183937390
935095553729263909
316491786160614670
210283357632461055
294649103181117815
194067754255641958
194067754255641958
267876839227355671
294649103181117815
194067754255641958
935095553729263909
603103169241496974
603103169241496974
210283357632461055
935095553729263909
603103169241496974
603103169241496974
574848092594596704
