12 258
210283357632461055 194067754255641958 935095553729263909 267876839227355671 574848092594596704 272914578359039458 302023344529097304 294649103181117815 996546747088333005 424163378183937390 603103169241496974 316491786160614670
654248660461527342
124282098456394922
897984068681511147
668644140398225145
670348128229411195
407688356264830238
557585022700740524
714480078421299213
392117089123899808
829301200428165717
630935959528575941
59056577758754565
173089242783758906
331299581606016497
613425450951585361
672654993072252221
240055441530566514
976972700145086604
531643115110436298
775372782876809325
940903079577296207
41155904799039441
650835282970196486
566825080618838328
809214272906631875
555619855675461962
74515886273337450
300529522989336333
578825642058406569
247687058137383294
980335327052124801
830506503730730504
34105469683234835
505341830865674633
226635142953122379
115221170029048205
719604807807852150
356051152344823472
558790791431878490
19554070876255170
527752734778898644
14878585792282571
666137676925786642
850335594152762145
435202593668265333
318760614150124913
347414034163386743
717485385985686300
762228561583548296
313199144565914136
124353351642212140
996612921452702595
476680410473677579
257176332535892540
792394666603497418
755197759283226504
874283169809400976
503772402688714379
458770963198870746
539309818168636374
246524987692262070
745739011322659498
568062873758522938
504460493669137020
243189975863353676
20475057253960967
158895694995075999
51317455741249214
772195755481800281
502117924401577853
404849910662531042
928045961121488678
915466928705581569
160604931088588247
321961458758254957
930552863674350135
236587077198036688
120117271358402206
172889598284849267
356110523199824252
127173699799064638
836468211673062400
792702729301705136
975583442111545292
741490929698692648
103501606562332460
203100278922872500
276014176522538590
847543951840430556
197615443055427994
348822784814017417
923511009064609489
412284862701860009
287073654601378860
943631485698238391
475083663207341454
90472350384284643
57080582884616361
523719768869707169
76309146481634466
937673605612557519
437050432720076798
248163514073647926
159364619031955209
641810511922754149
726756035888513928
791469847804442167
960328686003390779
431345310370124834
710630417576417682
227769145460982811
502854567322015654
701144348526722391
481074207088856793
162279478152024687
982273924905768750
516120112757392169
243010154685151686
857090466762753305
503546227927704915
103926303459193748
893590786765246433
744053281229206287
264963983079966523
775184576281706129
606990562856364569
79371030174539519
519505198218572682
690586356583272250
617940737335062461
435716036258409021
101338050332956301
8932905572412066
226192502229014658
337880067474987672
868177893919232981
361779350250092769
660530535769790416
143235975980152804
85823457490118459
569761052566327946
496782187528572127
426109671539838531
666666766527446565
954664898243097142
996058493823692576
463678427635380753
601412938118835209
775763291041248537
694605297075720190
644871894089060379
379794691887936392
17656124273910143
54606438900947276
998478243724917216
974064380293269079
282361611920372539
30355773454212218
56398408878554634
314513088820501099
683133691652085892
378635127856689995
478316195267211709
464965790390485511
928366370177271197
312282550664726473
322849333696692271
556170959123446520
888931440652438420
365888307705518521
352309972124158204
972894587216400523
465723365976065931
489600499121136567
885260525086424339
230725112213675485
913617566997697570
67526046746694526
401997676441703774
41176261110262783
255308559573691922
746993325527712711
588105387745180402
71443824913462028
693634863761152083
499086157723482355
867099419089112365
283533367560318993
766484164655592383
264010538138286253
224122985519323174
829789271995301838
510659170692012742
890072467416794069
255652010064372231
933612908844831655
442987423680290122
922914687621293967
722529758181124057
718475080077835907
664249730016120282
578904218312131663
152755380621159188
516632557156699835
670675613289290266
713976375848244849
675850361252556651
540404580837992277
694997638969068537
556664527263057901
324410060724233133
922466792036485941
112961441534970201
976341216713688937
720636333205245821
975289898653215050
843203200910495272
949482756011362356
776302079891622880
20135090040022834
388532722394789637
543550452701478763
430666325330808286
275512977571047886
291296925398353680
627322527760040106
663223362003560379
786322287465104064
163432554165948827
528052264437384492
720609355255922745
169308329480293713
553251812672534870
241129642292818202
908801234567232542
484540683206651856
447567032334014553
656332178610662715
706490290784613879
36328065028222584
376148349919574590
779356147621423200
350451856580115608
231818061217174646
283897967971226530
164188378545403628
55763561360424942
268446752476998973
293469602130961583
52823738800123530
931647536949101726
692175199723862702
593965588104626921
218836751472240520
922775962706838396
642955595759703879
672989507561886745
504200167947137316
