959759659203797664
787663249613615097
450977574685663402
558645077338969006
256493040111132478
778644978148942568
280141064783171967
481040622534788362
150502245976882314
959759659203797664
514321113360631730
650099242071745686
590420083323849083
635787893489425134
570501317469858850
968325912634488660
569129341938574110
18098734213338766
507530778889991183
437801933218890228
823835210996313184
168477853320209131
95279416316753885
845985146825716910
787663249613615097
168477853320209131
112702278927745182
464107061442898275
827441286361730238
613641616124812482
656672060910660082
79026019180748513
485602889083941356
201964054777712432
558645077338969006
153399101033883749
464107061442898275
172370018828596341
571598045308533730
209525947592370688
217010416829276503
227731543199286118
569129341938574110
833058812126014696
500299744977267939
108847219341804052
121462036699062488
288357500999002224
468590892326774408
209525947592370688
656672060910660082
36237711074670918
526057107374136452
53334358122335477
386690903013271386
893251504554045371
243657030027681149
387216910581793557
515416829002774938
88123195714272453
647341720936998427
386690903013271386
602018424591801686
415589882089044823
903926346552365923
432491148524380394
275194047322614019
324887845015996762
481040622534788362
219429208324038305
957033426581164235
481040622534788362
628838775811106046
296283620968848490
415589882089044823
168477853320209131
697465080532843175
590420083323849083
450698365079039777
814590758577977879
721395318805814457
355814118361817394
302111203016032454
113951407555890499
598153803234389628
318298374292940621
884959905215475655
25871587487098228
526057107374136452
628838775811106046
548563088768598759
386690903013271386
417226349867404042
635787893489425134
468590892326774408
148624686730862316
528022021214744494
423363705827489031
72473115749150798
876601679908435033
415589882089044823
797241743681139289
417226349867404042
355814118361817394
925045349046500297
920484912076066912
897476035787281444
951325716954113824
650099242071745686
223559550916138339
72473115749150798
72473115749150798
526057107374136452
873075230863995483
139673691574339032
399444123790859577
324887845015996762
225543796359252915
406000600583997144
426368386853814376
225162229245941300
6112227339520392
36237711074670918
660541437678884548
368761285159645364
823835210996313184
399444123790859577
876601679908435033
66584792186654617
256493040111132478
339615815367457751
339615815367457751
90365898754047515
485602889083941356
223559550916138339
324887845015996762
849804226460464978
832630018476567718
53343497867249373
841506696829274678
626733204021041091
352257285839500120
8756655980175663
66584792186654617
201964054777712432
558645077338969006
999052915773395869
143768263832803271
310444365986479339
201964054777712432
243657030027681149
18098734213338766
481803184638817995
368761285159645364
450698365079039777
883069243617543389
53343497867249373
200840855876026867
729783503578309880
386690903013271386
464107061442898275
641350769119048639
925045349046500297
73199896889514293
102701074314744885
132964398494709671
168477853320209131
8756655980175663
223559550916138339
387216910581793557
25871587487098228
606671940458488981
697465080532843175
615628957063244525
97968776527133988
168477853320209131
452829507590911707
102701074314744885
97968776527133988
944868328292461272
243657030027681149
740007714131998054
613641616124812482
883069243617543389
277272150938840309
164017783524899673
406000600583997144
86616513283237545
729783503578309880
721395318805814457
800548123057185875
893251504554045371
302111203016032454
102533837616994964
386690903013271386
598153803234389628
296283620968848490
507530778889991183
558645077338969006
800548123057185875
423400919343252201
343604955913479493
961073684133568948
906352255377914067
452829507590911707
464107061442898275
558645077338969006
497193963977800564
334700801937668080
959759659203797664
314686845123538429
66584792186654617
386690903013271386
280141064783171967
288892159752727527
755893773961881662
823835210996313184
677082861114875311
971280559155360109
569129341938574110
968325912634488660
873075230863995483
18098734213338766
641350769119048639
635787893489425134
66584792186654617
533241061141518337
635787893489425134
132964398494709671
153399101033883749
526057107374136452
345523692701033095
464107061442898275
715151174579253563
171481687642473621
230731877686063750
492121826096904713
334700801937668080
543321960049457929
957033426581164235
230731877686063750
918718351977081579
660541437678884548
867084909796601106
975658433786794626
647341720936998427
368761285159645364
368761285159645364
884959905215475655
558645077338969006
209525947592370688
362249295734994059
399444123790859577
867084909796601106
368761285159645364
214692911419254376
362249295734994059
995752348156661351
598832683154286428
230731877686063750
36237711074670918
867084909796601106
234372359327358171
581387865262773284
406000600583997144
314686845123538429
8756655980175663
401109104370220216
771910775666099501
841506696829274678
53343497867249373
154598349974624091
532253834528639465
417226349867404042
415589882089044823
641874516340057555
613641616124812482
957033426581164235
464107061442898275
113951407555890499
717619499455208799
660541437678884548
264742095459563863
352257285839500120
573192444037011034
951325716954113824
787663249613615097
849804226460464978
577320946444906844
292749427404992118
577320946444906844
806901595749507118
981487023320900655
256493040111132478
73199896889514293
740007714131998054
827441286361730238
834236973972578880
53334358122335477
464107061442898275
386690903013271386
72473115749150798
677082861114875311
288357500999002224
66584792186654617
941678078513984944
443595197712276457
940120109689772997
452829507590911707
339615815367457751
685759331959086093
197605159149841562
883069243617543389
598832683154286428
73199896889514293
164017783524899673
288357500999002224
573192444037011034
726517305085612608
825661783521442418
136034434987992287
845985146825716910
729783503578309880
731875005206729446
876601679908435033
481917362928431547
925045349046500297
657057919231882287
857341873404420220
999052915773395869
590420083323849083
492121826096904713
432491148524380394
148624686730862316
1456459880220027
232406513330433819
873075230863995483
173797959359390775
280141064783171967
913602739724766826
544458130930648431
602018424591801686
132964398494709671
148624686730862316
548563088768598759
582379555711433943
334700801937668080
79026019180748513
660541437678884548
263470481401504765
749872306028369247
484152516531171432
468590892326774408
401109104370220216
582379555711433943
767102064652986850
903926346552365923
73199896889514293
590420083323849083
417226349867404042
386690903013271386
606671940458488981
913602739724766826
387216910581793557
944868328292461272
801470298059175096
999052915773395869
573192444037011034
543321960049457929
677082861114875311
140848455628305760
302111203016032454
135155702157725543
995752348156661351
814590758577977879
334700801937668080
468590892326774408
53343497867249373
606671940458488981
677082861114875311
968325912634488660
150502245976882314
481040622534788362
690822373716299595
641350769119048639
485602889083941356
192073047164851890
249996826808906329
873075230863995483
268395062919598011
429066844497712375
537451905661281243
399444123790859577
446021304006030266
548563088768598759
959759659203797664
368761285159645364
849804226460464978
918718351977081579
45822725763254457
406000600583997144
437801933218890228
95279416316753885
25871587487098228
526057107374136452
818112673281018504
464107061442898275
125989553221162576
628838775811106046
685759331959086093
660092398940963743
256493040111132478
468590892326774408
386690903013271386
426368386853814376
324887845015996762
324887845015996762
209525947592370688
443595197712276457
399444123790859577
406000600583997144
18098734213338766
102533837616994964
641350769119048639
452829507590911707
537275646624604042
782153001594834292
573192444037011034
823835210996313184
124541551306052703
961073684133568948
867084909796601106
437801933218890228
282711380646562557
841506696829274678
598832683154286428
740007714131998054
582379555711433943
733458990821590225
401109104370220216
432491148524380394
625098325740689280
121462036699062488
603198979668002865
677082861114875311
36938942277350340
735820769050132236
489288233664347157
415589882089044823
717619499455208799
386690903013271386
355975542620187627
415589882089044823
464170943992721156
268395062919598011
598153803234389628
918718351977081579
36237711074670918
897476035787281444
164017783524899673
613641616124812482
355975542620187627
968325912634488660
721395318805814457
352257285839500120
197605159149841562
274087648486183208
249996826808906329
426368386853814376
97968776527133988
903926346552365923
767102064652986850
97968776527133988
368761285159645364
999052915773395869
925045349046500297
590420083323849083
468590892326774408
288892159752727527
173797959359390775
405727846118779940
836141337948840857
164017783524899673
526057107374136452
510787689992726142
638209976396543465
124541551306052703
302111203016032454
310444365986479339
913602739724766826
225543796359252915
792099010759431152
832630018476567718
834236973972578880
102533837616994964
288357500999002224
933708316664901932
981487023320900655
740007714131998054
66584792186654617
386690903013271386
92721926247765972
884959905215475655
781492310683902527
164017783524899673
806901595749507118
570501317469858850
656806584244147470
968325912634488660
214692911419254376
401109104370220216
223559550916138339
464107061442898275
751237068844850073
548563088768598759
215990015332276025
528022021214744494
526057107374136452
883069243617543389
867084909796601106
343604955913479493
590420083323849083
219429208324038305
671171080666207044
25871587487098228
767102064652986850
777216127355351066
464107061442898275
464107061442898275
620826692164300517
355814118361817394
288892159752727527
749872306028369247
25871587487098228
464170943992721156
437801933218890228
95279416316753885
613641616124812482
526057107374136452
468590892326774408
721395318805814457
979322098981628620
876601679908435033
102533837616994964
18098734213338766
590420083323849083
387216910581793557
884959905215475655
857341873404420220
558645077338969006
515416829002774938
538905697147663664
230731877686063750
154598349974624091
164017783524899673
613641616124812482
399444123790859577
740007714131998054
582379555711433943
755893773961881662
973273944410128104
489288233664347157
590420083323849083
292749427404992118
185885711159783946
921301232542902779
432491148524380394
897763137373228479
288357500999002224
401109104370220216
692836063122661119
173797959359390775
268395062919598011
102701074314744885
951325716954113824
933708316664901932
274087648486183208
225543796359252915
921301232542902779
268395062919598011
429066844497712375
606671940458488981
386690903013271386
468590892326774408
107430705945883342
423363705827489031
37215459235425106
893251504554045371
8756655980175663
515416829002774938
18098734213338766
386690903013271386
498163297504372589
814590758577977879
243139542211251578
401109104370220216
635787893489425134
406000600583997144
656672060910660082
785125166758900190
128947999368001772
777216127355351066
214692911419254376
263470481401504765
102701074314744885
558645077338969006
417226349867404042
976453750071293204
669839324120296983
690822373716299595
352257285839500120
481040622534788362
362249295734994059
53343497867249373
496857444642021853
883069243617543389
797241743681139289
823835210996313184
807917947245352391
979103591323902561
995752348156661351
368761285159645364
86616513283237545
721395318805814457
528022021214744494
173797959359390775
818112673281018504
501295241304457557
582379555711433943
701159603189805571
8756655980175663
325739408723055043
936134322771717740
240012386258327453
355814118361817394
569129341938574110
324887845015996762
867084909796601106
228269840079361732
515416829002774938
995752348156661351
443595197712276457
976453750071293204
243657030027681149
740007714131998054
797241743681139289
692836063122661119
641874516340057555
975177880879323746
225162229245941300
934436067318063323
496857444642021853
45822725763254457
249996826808906329
920484912076066912
590420083323849083
150502245976882314
854966185433841139
515416829002774938
685759331959086093
489288233664347157
192001876197629854
735820769050132236
709667116774114811
296283620968848490
197605159149841562
492121826096904713
200840855876026867
749872306028369247
940120109689772997
906352255377914067
752215085830856799
598832683154286428
893251504554045371
717619499455208799
981487023320900655
18098734213338766
347479570344274389
918718351977081579
827441286361730238
569129341938574110
883069243617543389
121462036699062488
302111203016032454
481040622534788362
715151174579253563
386690903013271386
685759331959086093
677082861114875311
314686845123538429
883069243617543389
481040622534788362
41398455976982306
771910775666099501
355814118361817394
6478080239396237
288357500999002224
36237711074670918
582379555711433943
214692911419254376
268395062919598011
426368386853814376
277272150938840309
362249295734994059
452829507590911707
8756655980175663
897476035787281444
164017783524899673
677082861114875311
944660892881484780
715151174579253563
468590892326774408
767361149298203002
66584792186654617
181458510580498103
903926346552365923
827441286361730238
515416829002774938
386690903013271386
368761285159645364
107430705945883342
423363705827489031
399444123790859577
797241743681139289
66584792186654617
107430705945883342
66584792186654617
143768263832803271
558645077338969006
201964054777712432
228269840079361732
849804226460464978
532253834528639465
558645077338969006
256493040111132478
79026019180748513
292749427404992118
