680159538949479587
393572324584355844
36586912196803353
108799582042033517
480685974364417093
351038214286337832
884900907992448367
785753775323411542
338012156301769996
884900907992448367
65050120648424027
140510349220688752
704666118611983712
473231152613443762
680159538949479587
762686012473805042
159635842138111999
702240287001526807
140510349220688752
95332830170515512
218253126357113611
564112489374018961
680159538949479587
935658388270848051
609039741203414700
785753775323411542
884900907992448367
298649680283330126
524286690424029389
827413211954333607
276454616042483986
238465153086567671
656930664342818379
542864260738536554
524286690424029389
480685974364417093
424807743741885210
591790607775596841
140510349220688752
276454616042483986
827413211954333607
742358387045122195
994584865498110014
612656120769448895
680159538949479587
616598573119386228
794619227516974088
889950051377872294
884900907992448367
473231152613443762
168949076695667083
419734746897563006
564112489374018961
338012156301769996
612656120769448895
961602763156376495
564112489374018961
656930664342818379
218253126357113611
803037855018462990
238465153086567671
742358387045122195
36586912196803353
35068165747453793
218253126357113611
548731505880217181
487847805432463289
20713397431204891
159635842138111999
238465153086567671
455582291379516943
487847805432463289
961602763156376495
295810023531581235
986755403387355522
324444342863529657
680159538949479587
591790607775596841
65050120648424027
351038214286337832
385921004973463830
9603620469211147
702240287001526807
803037855018462990
168949076695667083
790411492172180945
51227836124365314
884900907992448367
790411492172180945
385921004973463830
490340786876660033
827413211954333607
790411492172180945
481425205834726193
218253126357113611
381274023933725994
36586912196803353
9603620469211147
762686012473805042
986755403387355522
538174459571927784
480685974364417093
351038214286337832
923295496129771342
889950051377872294
168949076695667083
538174459571927784
680159538949479587
218253126357113611
140510349220688752
656930664342818379
680159538949479587
159635842138111999
35068165747453793
159635842138111999
95332830170515512
26460992103317897
108799582042033517
276454616042483986
381274023933725994
351038214286337832
723679431838624474
406970482843368729
424807743741885210
571189888397981102
487847805432463289
704666118611983712
884900907992448367
785753775323411542
923295496129771342
609039741203414700
591790607775596841
9603620469211147
616598573119386228
680159538949479587
702240287001526807
140510349220688752
737447994965720466
490340786876660033
36586912196803353
737447994965720466
218253126357113611
436809017258350836
393572324584355844
702240287001526807
444819897145508302
218253126357113611
95332830170515512
238465153086567671
140510349220688752
51227836124365314
276454616042483986
835461524547337156
884900907992448367
997704220087116157
351038214286337832
702240287001526807
218253126357113611
644700323807720110
835461524547337156
680159538949479587
923295496129771342
351038214286337832
490340786876660033
490340786876660033
785753775323411542
835461524547337156
548731505880217181
51227836124365314
218253126357113611
835461524547337156
785753775323411542
65050120648424027
581241541056203035
473231152613443762
473231152613443762
336349273145537830
835461524547337156
276454616042483986
723679431838624474
884900907992448367
95332830170515512
35068165747453793
65050120648424027
159635842138111999
963039530950588488
835461524547337156
644700323807720110
889950051377872294
571189888397981102
461297059957438069
794619227516974088
785753775323411542
571189888397981102
409541184346817318
218253126357113611
591790607775596841
168949076695667083
218253126357113611
542864260738536554
835461524547337156
803037855018462990
218253126357113611
656930664342818379
140510349220688752
656930664342818379
884900907992448367
992947910586534951
827413211954333607
461297059957438069
238465153086567671
65050120648424027
406970482843368729
276454616042483986
351038214286337832
992947910586534951
831207569846778724
704666118611983712
140510349220688752
790411492172180945
609039741203414700
490340786876660033
835461524547337156
716999243853187075
295810023531581235
986755403387355522
168949076695667083
742358387045122195
406970482843368729
51227836124365314
161171148957229277
351038214286337832
644700323807720110
381274023933725994
65050120648424027
591790607775596841
461297059957438069
581241541056203035
835461524547337156
51227836124365314
417136413607145831
95332830170515512
490340786876660033
963039530950588488
548731505880217181
680159538949479587
723679431838624474
564112489374018961
884900907992448367
656930664342818379
524286690424029389
168949076695667083
393572324584355844
961602763156376495
737447994965720466
165271024499751033
835461524547337156
435646277515753293
218253126357113611
95332830170515512
108799582042033517
108799582042033517
923295496129771342
406970482843368729
238465153086567671
444819897145508302
406970482843368729
238465153086567671
161171148957229277
329801466263693372
419959504260944165
542864260738536554
393204586998701776
723679431838624474
538174459571927784
298649680283330126
609039741203414700
218253126357113611
835461524547337156
95332830170515512
238465153086567671
961602763156376495
564112489374018961
65050120648424027
785753775323411542
140510349220688752
409541184346817318
702240287001526807
9603620469211147
581241541056203035
424807743741885210
564112489374018961
835461524547337156
417136413607145831
935658388270848051
704666118611983712
455582291379516943
48535372880285818
524286690424029389
923295496129771342
461297059957438069
490340786876660033
473231152613443762
159635842138111999
276454616042483986
490340786876660033
961602763156376495
108799582042033517
737447994965720466
925059090947409741
538174459571927784
455582291379516943
644700323807720110
298649680283330126
218253126357113611
987089915876889215
238465153086567671
108799582042033517
762686012473805042
35068165747453793
218253126357113611
436809017258350836
238465153086567671
9603620469211147
36586912196803353
992947910586534951
790411492172180945
490340786876660033
702240287001526807
794619227516974088
612656120769448895
296987746632937280
36586912196803353
538174459571927784
238465153086567671
524286690424029389
548731505880217181
140510349220688752
737447994965720466
473231152613443762
994584865498110014
723679431838624474
65050120648424027
889950051377872294
524286690424029389
490340786876660033
65050120648424027
473231152613443762
737447994965720466
435646277515753293
803037855018462990
794619227516974088
835461524547337156
95332830170515512
65050120648424027
36586912196803353
108799582042033517
785753775323411542
108799582042033517
168949076695667083
276454616042483986
564112489374018961
351038214286337832
935658388270848051
564112489374018961
963039530950588488
283028831086174466
762686012473805042
835461524547337156
298649680283330126
884900907992448367
95332830170515512
704666118611983712
564112489374018961
656930664342818379
351038214286337832
168949076695667083
963039530950588488
704666118611983712
889950051377872294
884900907992448367
168949076695667083
762686012473805042
925059090947409741
424807743741885210
490340786876660033
742358387045122195
889950051377872294
65050120648424027
298649680283330126
490340786876660033
548731505880217181
461297059957438069
283028831086174466
276454616042483986
827413211954333607
393572324584355844
218253126357113611
276454616042483986
538174459571927784
283028831086174466
95332830170515512
564112489374018961
571189888397981102
963039530950588488
168949076695667083
785753775323411542
704666118611983712
785753775323411542
218253126357113611
48535372880285818
644700323807720110
609039741203414700
140510349220688752
461297059957438069
276454616042483986
591790607775596841
108799582042033517
524286690424029389
424807743741885210
20713397431204891
591790607775596841
381274023933725994
644700323807720110
276454616042483986
609039741203414700
324444342863529657
616598573119386228
609039741203414700
742358387045122195
168949076695667083
35068165747453793
51227836124365314
935658388270848051
581241541056203035
295810023531581235
35068165747453793
276454616042483986
935658388270848051
835461524547337156
165271024499751033
238465153086567671
315600779411311544
95332830170515512
276454616042483986
424807743741885210
409541184346817318
702240287001526807
473231152613443762
339569124697768147
680159538949479587
351038214286337832
9603620469211147
159635842138111999
351038214286337832
656930664342818379
381274023933725994
424807743741885210
742358387045122195
417136413607145831
656930664342818379
680159538949479587
923295496129771342
381274023933725994
218253126357113611
963039530950588488
987089915876889215
9603620469211147
490340786876660033
168949076695667083
923295496129771342
35068165747453793
36586912196803353
417136413607145831
35068165747453793
986755403387355522
935658388270848051
276454616042483986
95332830170515512
538174459571927784
591790607775596841
218253126357113611
548731505880217181
283028831086174466
26460992103317897
831207569846778724
803037855018462990
351038214286337832
884900907992448367
762686012473805042
935658388270848051
36586912196803353
424807743741885210
9603620469211147
461297059957438069
835461524547337156
455582291379516943
435646277515753293
65050120648424027
803037855018462990
238465153086567671
315600779411311544
48535372880285818
524286690424029389
51227836124365314
794619227516974088
436809017258350836
218253126357113611
986755403387355522
548731505880217181
524286690424029389
20713397431204891
785753775323411542
992947910586534951
935658388270848051
923295496129771342
65050120648424027
889950051377872294
889950051377872294
419959504260944165
785753775323411542
742358387045122195
524286690424029389
312676717455154006
168949076695667083
65050120648424027
961602763156376495
884900907992448367
524286690424029389
218253126357113611
238465153086567671
168949076695667083
762686012473805042
283028831086174466
298649680283330126
644700323807720110
167863928128056118
419959504260944165
339569124697768147
889950051377872294
238465153086567671
992947910586534951
923295496129771342
790411492172180945
65050120648424027
461297059957438069
524286690424029389
9603620469211147
581241541056203035
409541184346817318
140510349220688752
963039530950588488
35068165747453793
803037855018462990
381274023933725994
20713397431204891
616598573119386228
473231152613443762
140510349220688752
524286690424029389
481425205834726193
591790607775596841
646686045237880509
889950051377872294
963039530950588488
803037855018462990
702240287001526807
923295496129771342
884900907992448367
935658388270848051
923295496129771342
95332830170515512
581241541056203035
538174459571927784
884900907992448367
95332830170515512
108799582042033517
218253126357113611
473231152613443762
716999243853187075
108799582042033517
835461524547337156
351038214286337832
889950051377872294
140510349220688752
35068165747453793
36586912196803353
889950051377872294
884900907992448367
803037855018462990
168949076695667083
571189888397981102
490340786876660033
417136413607145831
716999243853187075
835461524547337156
406970482843368729
276454616042483986
723679431838624474
26460992103317897
351038214286337832
424807743741885210
20713397431204891
329801466263693372
393572324584355844
884900907992448367
762686012473805042
329801466263693372
884900907992448367
723679431838624474
351038214286337832
884900907992448367
644700323807720110
827413211954333607
644700323807720110
986755403387355522
803037855018462990
612656120769448895
435646277515753293
742358387045122195
785753775323411542
108799582042033517
108799582042033517
963039530950588488
218253126357113611
36586912196803353
218253126357113611
168949076695667083
884900907992448367
702240287001526807
564112489374018961
835461524547337156
312676717455154006
276454616042483986
168949076695667083
762686012473805042
524286690424029389
884900907992448367
381274023933725994
986755403387355522
737447994965720466
65050120648424027
963039530950588488
393572324584355844
548731505880217181
168949076695667083
329801466263693372
9603620469211147
581241541056203035
742358387045122195
283028831086174466
835461524547337156
329801466263693372
889950051377872294
803037855018462990
165271024499751033
609039741203414700
218253126357113611
108799582042033517
835461524547337156
26460992103317897
524286690424029389
564112489374018961
889950051377872294
723679431838624474
737447994965720466
459141052711263720
581241541056203035
680159538949479587
524286690424029389
923295496129771342
742358387045122195
295810023531581235
276454616042483986
612656120769448895
986755403387355522
644700323807720110
524286690424029389
835461524547337156
435646277515753293
283028831086174466
885871689386441612
992947910586534951
884900907992448367
961602763156376495
20713397431204891
656930664342818379
762686012473805042
276454616042483986
609039741203414700
889950051377872294
298649680283330126
36586912196803353
723679431838624474
351038214286337832
436809017258350836
524286690424029389
315600779411311544
393204586998701776
218253126357113611
986755403387355522
108799582042033517
298649680283330126
961602763156376495
827413211954333607
524286690424029389
961602763156376495
961602763156376495
524286690424029389
168949076695667083
140510349220688752
925059090947409741
276454616042483986
419959504260944165
351038214286337832
963039530950588488
283028831086174466
644700323807720110
218253126357113611
835461524547337156
616598573119386228
548731505880217181
20713397431204891
616598573119386228
564112489374018961
330452580647230837
95332830170515512
571189888397981102
591790607775596841
385921004973463830
455582291379516943
381274023933725994
26460992103317897
276454616042483986
644700323807720110
65050120648424027
351038214286337832
827413211954333607
794619227516974088
20713397431204891
381274023933725994
381274023933725994
612656120769448895
218253126357113611
616598573119386228
742358387045122195
564112489374018961
884900907992448367
168949076695667083
381274023933725994
9603620469211147
997704220087116157
803037855018462990
218253126357113611
564112489374018961
283028831086174466
591790607775596841
889950051377872294
167863928128056118
524286690424029389
238465153086567671
406970482843368729
20713397431204891
168949076695667083
65050120648424027
935658388270848051
312676717455154006
548731505880217181
963039530950588488
488416025045466658
48535372880285818
644700323807720110
140510349220688752
925059090947409741
381274023933725994
218253126357113611
835461524547337156
723679431838624474
276454616042483986
548731505880217181
140510349220688752
351038214286337832
108799582042033517
381274023933725994
742358387045122195
616598573119386228
436809017258350836
884900907992448367
168949076695667083
723679431838624474
9603620469211147
459141052711263720
762686012473805042
737447994965720466
238465153086567671
935658388270848051
324444342863529657
564112489374018961
704666118611983712
140510349220688752
381274023933725994
656930664342818379
616598573119386228
742358387045122195
923295496129771342
581241541056203035
393572324584355844
524286690424029389
218253126357113611
168949076695667083
785753775323411542
480685974364417093
835461524547337156
680159538949479587
889950051377872294
95332830170515512
108799582042033517
542864260738536554
961602763156376495
218253126357113611
935658388270848051
591790607775596841
702240287001526807
490340786876660033
524286690424029389
835461524547337156
616598573119386228
612656120769448895
884900907992448367
218253126357113611
168949076695667083
548731505880217181
591790607775596841
935658388270848051
716999243853187075
406970482843368729
436809017258350836
644700323807720110
385921004973463830
351038214286337832
65050120648424027
794619227516974088
742358387045122195
65050120648424027
36586912196803353
9603620469211147
935658388270848051
324444342863529657
889950051377872294
409541184346817318
884900907992448367
339569124697768147
591790607775596841
803037855018462990
548731505880217181
702240287001526807
889950051377872294
742358387045122195
140510349220688752
238465153086567671
716999243853187075
680159538949479587
424807743741885210
884900907992448367
646686045237880509
168949076695667083
140510349220688752
538174459571927784
381274023933725994
48535372880285818
963039530950588488
238465153086567671
935658388270848051
108799582042033517
455582291379516943
794619227516974088
564112489374018961
997704220087116157
794619227516974088
276454616042483986
298649680283330126
963039530950588488
455582291379516943
276454616042483986
455582291379516943
218253126357113611
238465153086567671
473231152613443762
737447994965720466
95332830170515512
315600779411311544
51227836124365314
140510349220688752
381274023933725994
48535372880285818
338012156301769996
35068165747453793
336349273145537830
218253126357113611
325372372343852631
612656120769448895
961602763156376495
571189888397981102
26460992103317897
961602763156376495
986755403387355522
935658388270848051
459141052711263720
108799582042033517
298649680283330126
644700323807720110
481425205834726193
381274023933725994
835461524547337156
803037855018462990
680159538949479587
680159538949479587
737447994965720466
218253126357113611
490340786876660033
381274023933725994
65050120648424027
238465153086567671
961602763156376495
762686012473805042
444819897145508302
827413211954333607
296987746632937280
884900907992448367
351038214286337832
140510349220688752
108799582042033517
298649680283330126
51227836124365314
424807743741885210
785753775323411542
997704220087116157
742358387045122195
884900907992448367
680159538949479587
168949076695667083
312676717455154006
680159538949479587
835461524547337156
218253126357113611
716999243853187075
581241541056203035
108799582042033517
161171148957229277
351038214286337832
737447994965720466
108799582042033517
140510349220688752
609039741203414700
742358387045122195
737447994965720466
140510349220688752
794619227516974088
276454616042483986
218253126357113611
36586912196803353
324444342863529657
381274023933725994
9603620469211147
762686012473805042
381274023933725994
889950051377872294
644700323807720110
330452580647230837
238465153086567671
790411492172180945
168949076695667083
656930664342818379
108799582042033517
328050776403325003
785753775323411542
481425205834726193
51227836124365314
935658388270848051
473231152613443762
538174459571927784
803037855018462990
20713397431204891
238465153086567671
20713397431204891
961602763156376495
524286690424029389
238465153086567671
140510349220688752
803037855018462990
935658388270848051
785753775323411542
417136413607145831
702240287001526807
238465153086567671
680159538949479587
548731505880217181
95332830170515512
444819897145508302
835461524547337156
723679431838624474
35068165747453793
616598573119386228
65050120648424027
238465153086567671
324444342863529657
571189888397981102
283028831086174466
312676717455154006
680159538949479587
238465153086567671
140510349220688752
616598573119386228
935658388270848051
742358387045122195
889950051377872294
108799582042033517
351038214286337832
935658388270848051
923295496129771342
9603620469211147
762686012473805042
381274023933725994
656930664342818379
538174459571927784
963039530950588488
961602763156376495
925059090947409741
48535372880285818
140510349220688752
524286690424029389
238465153086567671
524286690424029389
571189888397981102
444819897145508302
276454616042483986
159635842138111999
473231152613443762
480685974364417093
26460992103317897
961602763156376495
168949076695667083
36586912196803353
723679431838624474
723679431838624474
159635842138111999
612656120769448895
218253126357113611
935658388270848051
548731505880217181
564112489374018961
923295496129771342
542864260738536554
276454616042483986
424807743741885210
140510349220688752
444819897145508302
548731505880217181
923295496129771342
108799582042033517
328050776403325003
831207569846778724
644700323807720110
961602763156376495
609039741203414700
762686012473805042
923295496129771342
65050120648424027
409541184346817318
581241541056203035
884900907992448367
238465153086567671
324444342863529657
65050120648424027
481425205834726193
646686045237880509
591790607775596841
108799582042033517
159635842138111999
542864260738536554
742358387045122195
108799582042033517
656930664342818379
312676717455154006
923295496129771342
238465153086567671
65050120648424027
716999243853187075
609039741203414700
406970482843368729
218253126357113611
381274023933725994
992947910586534951
987089915876889215
591790607775596841
461297059957438069
612656120769448895
656930664342818379
283028831086174466
218253126357113611
95332830170515512
762686012473805042
238465153086567671
581241541056203035
963039530950588488
762686012473805042
165271024499751033
20713397431204891
351038214286337832
65050120648424027
218253126357113611
444819897145508302
238465153086567671
680159538949479587
986755403387355522
925059090947409741
65050120648424027
312676717455154006
140510349220688752
295810023531581235
609039741203414700
935658388270848051
609039741203414700
986755403387355522
409541184346817318
381274023933725994
351038214286337832
315600779411311544
524286690424029389
409541184346817318
283028831086174466
524286690424029389
538174459571927784
524286690424029389
218253126357113611
108799582042033517
36586912196803353
436809017258350836
656930664342818379
723679431838624474
312676717455154006
455582291379516943
218253126357113611
591790607775596841
828391788311731127
925059090947409741
276454616042483986
351038214286337832
884900907992448367
168949076695667083
218253126357113611
762686012473805042
490340786876660033
51227836124365314
381274023933725994
381274023933725994
312676717455154006
238465153086567671
65050120648424027
65050120648424027
455582291379516943
548731505880217181
444819897145508302
140510349220688752
490340786876660033
591790607775596841
542864260738536554
9603620469211147
218253126357113611
827413211954333607
723679431838624474
835461524547337156
95332830170515512
95332830170515512
436809017258350836
656930664342818379
889950051377872294
48535372880285818
524286690424029389
923295496129771342
473231152613443762
538174459571927784
616598573119386228
26460992103317897
923295496129771342
609039741203414700
95332830170515512
835461524547337156
680159538949479587
424807743741885210
785753775323411542
835461524547337156
315600779411311544
108799582042033517
644700323807720110
417136413607145831
524286690424029389
48535372880285818
159635842138111999
702240287001526807
923295496129771342
315600779411311544
490340786876660033
548731505880217181
351038214286337832
963039530950588488
330452580647230837
923295496129771342
473231152613443762
51227836124365314
490340786876660033
168949076695667083
48535372880285818
612656120769448895
656930664342818379
168949076695667083
65050120648424027
424807743741885210
524286690424029389
424807743741885210
238465153086567671
923295496129771342
884900907992448367
65050120648424027
835461524547337156
737447994965720466
168949076695667083
328050776403325003
889950051377872294
238465153086567671
762686012473805042
925059090947409741
393204586998701776
65050120648424027
218253126357113611
159635842138111999
548731505880217181
884900907992448367
884900907992448367
218253126357113611
923295496129771342
564112489374018961
295810023531581235
238465153086567671
831207569846778724
923295496129771342
48535372880285818
159635842138111999
35068165747453793
609039741203414700
884900907992448367
961602763156376495
656930664342818379
762686012473805042
702240287001526807
680159538949479587
742358387045122195
218253126357113611
381274023933725994
140510349220688752
704666118611983712
716999243853187075
490340786876660033
835461524547337156
481425205834726193
616598573119386228
312676717455154006
656930664342818379
963039530950588488
889950051377872294
20713397431204891
65050120648424027
616598573119386228
961602763156376495
884900907992448367
218253126357113611
296987746632937280
935658388270848051
159635842138111999
737447994965720466
26460992103317897
409541184346817318
108799582042033517
351038214286337832
884900907992448367
238465153086567671
315600779411311544
790411492172180945
616598573119386228
827413211954333607
65050120648424027
218253126357113611
835461524547337156
884900907992448367
51227836124365314
393572324584355844
616598573119386228
51227836124365314
218253126357113611
95332830170515512
324444342863529657
490340786876660033
312676717455154006
276454616042483986
381274023933725994
923295496129771342
680159538949479587
785753775323411542
961602763156376495
487847805432463289
385921004973463830
644700323807720110
884900907992448367
835461524547337156
548731505880217181
295810023531581235
9603620469211147
987089915876889215
702240287001526807
26460992103317897
218253126357113611
490340786876660033
276454616042483986
238465153086567671
238465153086567671
737447994965720466
459141052711263720
835461524547337156
785753775323411542
923295496129771342
140510349220688752
935658388270848051
26460992103317897
616598573119386228
481425205834726193
339569124697768147
325372372343852631
571189888397981102
218253126357113611
963039530950588488
616598573119386228
889950051377872294
487847805432463289
616598573119386228
51227836124365314
925059090947409741
616598573119386228
935658388270848051
444819897145508302
889950051377872294
835461524547337156
385921004973463830
444819897145508302
283028831086174466
742358387045122195
168949076695667083
762686012473805042
656930664342818379
381274023933725994
312676717455154006
159635842138111999
889950051377872294
548731505880217181
803037855018462990
276454616042483986
591790607775596841
488297729038535763
218253126357113611
444819897145508302
218253126357113611
238465153086567671
803037855018462990
283028831086174466
238465153086567671
298649680283330126
835461524547337156
473231152613443762
925059090947409741
564112489374018961
276454616042483986
385921004973463830
65050120648424027
680159538949479587
591790607775596841
716999243853187075
923295496129771342
339569124697768147
51227836124365314
381274023933725994
831207569846778724
835461524547337156
381274023933725994
923295496129771342
785753775323411542
680159538949479587
168949076695667083
935658388270848051
424807743741885210
481425205834726193
680159538949479587
935658388270848051
461297059957438069
646686045237880509
276454616042483986
889950051377872294
51227836124365314
295810023531581235
992947910586534951
218253126357113611
524286690424029389
140510349220688752
20713397431204891
312676717455154006
762686012473805042
95332830170515512
524286690424029389
108799582042033517
9603620469211147
646686045237880509
644700323807720110
884900907992448367
159635842138111999
935658388270848051
140510349220688752
417136413607145831
140510349220688752
238465153086567671
591790607775596841
680159538949479587
923295496129771342
564112489374018961
161171148957229277
986755403387355522
283028831086174466
108799582042033517
26460992103317897
702240287001526807
168949076695667083
831207569846778724
737447994965720466
564112489374018961
581241541056203035
436809017258350836
884900907992448367
312676717455154006
9603620469211147
548731505880217181
923295496129771342
609039741203414700
742358387045122195
925059090947409741
591790607775596841
161171148957229277
542864260738536554
435646277515753293
283028831086174466
381274023933725994
298649680283330126
381274023933725994
702240287001526807
835461524547337156
923295496129771342
165271024499751033
218253126357113611
461297059957438069
381274023933725994
935658388270848051
571189888397981102
417136413607145831
794619227516974088
381274023933725994
742358387045122195
315600779411311544
95332830170515512
616598573119386228
238465153086567671
385921004973463830
473231152613443762
762686012473805042
406970482843368729
616598573119386228
490340786876660033
923295496129771342
831207569846778724
65050120648424027
473231152613443762
473231152613443762
680159538949479587
51227836124365314
963039530950588488
140510349220688752
419959504260944165
168949076695667083
480685974364417093
315600779411311544
785753775323411542
963039530950588488
406970482843368729
238465153086567671
336349273145537830
168949076695667083
95332830170515512
524286690424029389
571189888397981102
524286690424029389
803037855018462990
480685974364417093
644700323807720110
381274023933725994
925059090947409741
276454616042483986
490340786876660033
656930664342818379
238465153086567671
524286690424029389
961602763156376495
963039530950588488
238465153086567671
785753775323411542
925059090947409741
742358387045122195
487847805432463289
762686012473805042
168949076695667083
548731505880217181
9603620469211147
609039741203414700
296987746632937280
986755403387355522
737447994965720466
992947910586534951
885871689386441612
461297059957438069
785753775323411542
444819897145508302
65050120648424027
591790607775596841
238465153086567671
330452580647230837
315600779411311544
616598573119386228
884900907992448367
538174459571927784
935658388270848051
884900907992448367
591790607775596841
26460992103317897
737447994965720466
406970482843368729
591790607775596841
51227836124365314
794619227516974088
803037855018462990
351038214286337832
680159538949479587
835461524547337156
108799582042033517
923295496129771342
473231152613443762
827413211954333607
159635842138111999
704666118611983712
140510349220688752
393572324584355844
168949076695667083
490340786876660033
961602763156376495
238465153086567671
581241541056203035
238465153086567671
827413211954333607
409541184346817318
723679431838624474
283028831086174466
680159538949479587
591790607775596841
435646277515753293
473231152613443762
167863928128056118
742358387045122195
140510349220688752
9603620469211147
51227836124365314
159635842138111999
656930664342818379
168949076695667083
656930664342818379
9603620469211147
581241541056203035
218253126357113611
742358387045122195
889950051377872294
238465153086567671
406970482843368729
238465153086567671
95332830170515512
835461524547337156
803037855018462990
935658388270848051
167863928128056118
168949076695667083
417136413607145831
315600779411311544
656930664342818379
444819897145508302
444819897145508302
923295496129771342
923295496129771342
831207569846778724
298649680283330126
571189888397981102
923295496129771342
351038214286337832
762686012473805042
680159538949479587
884900907992448367
490340786876660033
336349273145537830
393572324584355844
524286690424029389
108799582042033517
889950051377872294
351038214286337832
51227836124365314
351038214286337832
168949076695667083
925059090947409741
542864260738536554
986755403387355522
381274023933725994
827413211954333607
406970482843368729
65050120648424027
9603620469211147
461297059957438069
435646277515753293
987089915876889215
524286690424029389
889950051377872294
680159538949479587
140510349220688752
656930664342818379
616598573119386228
65050120648424027
923295496129771342
762686012473805042
835461524547337156
704666118611983712
108799582042033517
298649680283330126
790411492172180945
935658388270848051
385921004973463830
417136413607145831
762686012473805042
716999243853187075
490340786876660033
409541184346817318
48535372880285818
925059090947409741
455582291379516943
218253126357113611
835461524547337156
835461524547337156
140510349220688752
424807743741885210
218253126357113611
140510349220688752
406970482843368729
9603620469211147
276454616042483986
325372372343852631
986755403387355522
455582291379516943
591790607775596841
490340786876660033
276454616042483986
35068165747453793
393572324584355844
716999243853187075
571189888397981102
276454616042483986
884900907992448367
26460992103317897
298649680283330126
276454616042483986
762686012473805042
656930664342818379
140510349220688752
424807743741885210
885871689386441612
339569124697768147
95332830170515512
538174459571927784
716999243853187075
716999243853187075
680159538949479587
409541184346817318
168949076695667083
961602763156376495
168949076695667083
702240287001526807
339569124697768147
616598573119386228
159635842138111999
616598573119386228
65050120648424027
616598573119386228
455582291379516943
140510349220688752
616598573119386228
538174459571927784
656930664342818379
312676717455154006
716999243853187075
351038214286337832
571189888397981102
283028831086174466
762686012473805042
140510349220688752
612656120769448895
238465153086567671
961602763156376495
935658388270848051
794619227516974088
161171148957229277
330452580647230837
680159538949479587
95332830170515512
524286690424029389
393204586998701776
283028831086174466
140510349220688752
702240287001526807
490340786876660033
168949076695667083
20713397431204891
884900907992448367
26460992103317897
524286690424029389
609039741203414700
656930664342818379
51227836124365314
435646277515753293
803037855018462990
785753775323411542
884900907992448367
140510349220688752
238465153086567671
338012156301769996
737447994965720466
680159538949479587
20713397431204891
794619227516974088
564112489374018961
803037855018462990
51227836124365314
935658388270848051
218253126357113611
656930664342818379
218253126357113611
762686012473805042
95332830170515512
140510349220688752
218253126357113611
339569124697768147
168949076695667083
616598573119386228
351038214286337832
923295496129771342
9603620469211147
65050120648424027
986755403387355522
312676717455154006
935658388270848051
889950051377872294
548731505880217181
963039530950588488
168949076695667083
524286690424029389
785753775323411542
238465153086567671
298649680283330126
218253126357113611
646686045237880509
351038214286337832
65050120648424027
330452580647230837
986755403387355522
935658388270848051
339569124697768147
295810023531581235
524286690424029389
108799582042033517
963039530950588488
351038214286337832
276454616042483986
276454616042483986
742358387045122195
961602763156376495
616598573119386228
218253126357113611
616598573119386228
95332830170515512
923295496129771342
461297059957438069
963039530950588488
889950051377872294
218253126357113611
95332830170515512
381274023933725994
963039530950588488
444819897145508302
961602763156376495
884900907992448367
351038214286337832
827413211954333607
542864260738536554
295810023531581235
435646277515753293
827413211954333607
889950051377872294
48535372880285818
351038214286337832
644700323807720110
238465153086567671
168949076695667083
424807743741885210
140510349220688752
159635842138111999
218253126357113611
923295496129771342
351038214286337832
218253126357113611
381274023933725994
238465153086567671
591790607775596841
48535372880285818
168949076695667083
480685974364417093
884900907992448367
923295496129771342
238465153086567671
704666118611983712
616598573119386228
276454616042483986
65050120648424027
295810023531581235
218253126357113611
548731505880217181
803037855018462990
419959504260944165
935658388270848051
481425205834726193
987089915876889215
835461524547337156
276454616042483986
923295496129771342
168949076695667083
459141052711263720
609039741203414700
723679431838624474
444819897145508302
9603620469211147
218253126357113611
646686045237880509
935658388270848051
923295496129771342
992947910586534951
238465153086567671
963039530950588488
315600779411311544
168949076695667083
644700323807720110
723679431838624474
803037855018462990
339569124697768147
702240287001526807
581241541056203035
564112489374018961
716999243853187075
538174459571927784
315600779411311544
218253126357113611
835461524547337156
994584865498110014
473231152613443762
742358387045122195
381274023933725994
351038214286337832
108799582042033517
538174459571927784
835461524547337156
656930664342818379
218253126357113611
218253126357113611
65050120648424027
168949076695667083
168949076695667083
490340786876660033
831207569846778724
238465153086567671
168949076695667083
963039530950588488
803037855018462990
923295496129771342
762686012473805042
716999243853187075
406970482843368729
276454616042483986
616598573119386228
680159538949479587
564112489374018961
827413211954333607
95332830170515512
424807743741885210
644700323807720110
140510349220688752
524286690424029389
108799582042033517
315600779411311544
803037855018462990
564112489374018961
762686012473805042
762686012473805042
737447994965720466
680159538949479587
473231152613443762
324444342863529657
108799582042033517
564112489374018961
393572324584355844
935658388270848051
935658388270848051
723679431838624474
95332830170515512
542864260738536554
218253126357113611
168949076695667083
487847805432463289
702240287001526807
161171148957229277
161171148957229277
702240287001526807
9603620469211147
963039530950588488
548731505880217181
986755403387355522
315600779411311544
524286690424029389
716999243853187075
436809017258350836
435646277515753293
716999243853187075
831207569846778724
36586912196803353
581241541056203035
238465153086567671
742358387045122195
298649680283330126
381274023933725994
26460992103317897
935658388270848051
218253126357113611
581241541056203035
283028831086174466
336349273145537830
835461524547337156
762686012473805042
238465153086567671
276454616042483986
108799582042033517
9603620469211147
329801466263693372
168949076695667083
702240287001526807
339569124697768147
95332830170515512
538174459571927784
571189888397981102
827413211954333607
238465153086567671
742358387045122195
889950051377872294
461297059957438069
961602763156376495
20713397431204891
351038214286337832
538174459571927784
65050120648424027
762686012473805042
168949076695667083
591790607775596841
591790607775596841
963039530950588488
409541184346817318
884900907992448367
762686012473805042
609039741203414700
417136413607145831
218253126357113611
490340786876660033
238465153086567671
884900907992448367
295810023531581235
351038214286337832
884900907992448367
737447994965720466
336349273145537830
351038214286337832
161171148957229277
238465153086567671
95332830170515512
51227836124365314
168949076695667083
987089915876889215
835461524547337156
95332830170515512
935658388270848051
65050120648424027
762686012473805042
95332830170515512
218253126357113611
963039530950588488
889950051377872294
609039741203414700
961602763156376495
616598573119386228
409541184346817318
538174459571927784
168949076695667083
935658388270848051
835461524547337156
538174459571927784
923295496129771342
609039741203414700
459141052711263720
436809017258350836
524286690424029389
381274023933725994
95332830170515512
276454616042483986
140510349220688752
218253126357113611
298649680283330126
473231152613443762
827413211954333607
737447994965720466
276454616042483986
835461524547337156
762686012473805042
20713397431204891
455582291379516943
616598573119386228
409541184346817318
923295496129771342
935658388270848051
51227836124365314
238465153086567671
108799582042033517
835461524547337156
785753775323411542
716999243853187075
762686012473805042
444819897145508302
36586912196803353
444819897145508302
680159538949479587
238465153086567671
351038214286337832
108799582042033517
835461524547337156
884900907992448367
473231152613443762
140510349220688752
542864260738536554
108799582042033517
140510349220688752
827413211954333607
490340786876660033
581241541056203035
473231152613443762
51227836124365314
762686012473805042
444819897145508302
65050120648424027
762686012473805042
480685974364417093
238465153086567671
338012156301769996
35068165747453793
381274023933725994
935658388270848051
581241541056203035
218253126357113611
680159538949479587
935658388270848051
48535372880285818
646686045237880509
35068165747453793
616598573119386228
283028831086174466
524286690424029389
238465153086567671
803037855018462990
168949076695667083
168949076695667083
680159538949479587
35068165747453793
65050120648424027
935658388270848051
680159538949479587
140510349220688752
835461524547337156
961602763156376495
884900907992448367
298649680283330126
473231152613443762
140510349220688752
963039530950588488
762686012473805042
298649680283330126
65050120648424027
218253126357113611
455582291379516943
36586912196803353
490340786876660033
324444342863529657
884900907992448367
168949076695667083
644700323807720110
218253126357113611
542864260738536554
889950051377872294
168949076695667083
564112489374018961
339569124697768147
591790607775596841
790411492172180945
490340786876660033
381274023933725994
393204586998701776
762686012473805042
524286690424029389
581241541056203035
381274023933725994
238465153086567671
48535372880285818
218253126357113611
459141052711263720
835461524547337156
963039530950588488
571189888397981102
923295496129771342
108799582042033517
656930664342818379
490340786876660033
762686012473805042
324444342863529657
835461524547337156
276454616042483986
680159538949479587
835461524547337156
35068165747453793
140510349220688752
168949076695667083
831207569846778724
609039741203414700
656930664342818379
803037855018462990
644700323807720110
571189888397981102
835461524547337156
381274023933725994
329801466263693372
581241541056203035
487847805432463289
480685974364417093
716999243853187075
461297059957438069
406970482843368729
20713397431204891
238465153086567671
424807743741885210
835461524547337156
524286690424029389
298649680283330126
487847805432463289
161171148957229277
444819897145508302
762686012473805042
723679431838624474
51227836124365314
95332830170515512
835461524547337156
538174459571927784
9603620469211147
455582291379516943
65050120648424027
737447994965720466
218253126357113611
381274023933725994
963039530950588488
315600779411311544
351038214286337832
238465153086567671
108799582042033517
218253126357113611
20713397431204891
168949076695667083
65050120648424027
276454616042483986
827413211954333607
794619227516974088
35068165747453793
339569124697768147
385921004973463830
168949076695667083
48535372880285818
564112489374018961
827413211954333607
435646277515753293
548731505880217181
65050120648424027
591790607775596841
351038214286337832
609039741203414700
827413211954333607
742358387045122195
9603620469211147
524286690424029389
884900907992448367
742358387045122195
95332830170515512
51227836124365314
95332830170515512
548731505880217181
538174459571927784
742358387045122195
424807743741885210
644700323807720110
538174459571927784
986755403387355522
591790607775596841
803037855018462990
48535372880285818
680159538949479587
704666118611983712
992947910586534951
564112489374018961
986755403387355522
218253126357113611
646686045237880509
538174459571927784
963039530950588488
298649680283330126
295810023531581235
923295496129771342
656930664342818379
923295496129771342
644700323807720110
992947910586534951
542864260738536554
612656120769448895
473231152613443762
168949076695667083
9603620469211147
238465153086567671
315600779411311544
159635842138111999
835461524547337156
925059090947409741
95332830170515512
542864260738536554
315600779411311544
702240287001526807
159635842138111999
762686012473805042
351038214286337832
742358387045122195
51227836124365314
680159538949479587
218253126357113611
140510349220688752
548731505880217181
95332830170515512
168949076695667083
95332830170515512
524286690424029389
591790607775596841
935658388270848051
827413211954333607
644700323807720110
108799582042033517
835461524547337156
680159538949479587
9603620469211147
108799582042033517
406970482843368729
986755403387355522
65050120648424027
312676717455154006
276454616042483986
238465153086567671
644700323807720110
218253126357113611
742358387045122195
889950051377872294
884900907992448367
616598573119386228
276454616042483986
616598573119386228
835461524547337156
9603620469211147
312676717455154006
963039530950588488
644700323807720110
351038214286337832
238465153086567671
564112489374018961
298649680283330126
95332830170515512
923295496129771342
716999243853187075
548731505880217181
312676717455154006
961602763156376495
435646277515753293
140510349220688752
835461524547337156
704666118611983712
276454616042483986
986755403387355522
835461524547337156
417136413607145831
524286690424029389
884900907992448367
742358387045122195
961602763156376495
276454616042483986
794619227516974088
26460992103317897
48535372880285818
616598573119386228
336349273145537830
461297059957438069
524286690424029389
762686012473805042
656930664342818379
406970482843368729
324444342863529657
159635842138111999
884900907992448367
218253126357113611
481425205834726193
723679431838624474
581241541056203035
680159538949479587
935658388270848051
884900907992448367
490340786876660033
9603620469211147
406970482843368729
238465153086567671
644700323807720110
524286690424029389
295810023531581235
159635842138111999
644700323807720110
704666118611983712
963039530950588488
238465153086567671
95332830170515512
95332830170515512
298649680283330126
656930664342818379
218253126357113611
644700323807720110
336349273145537830
935658388270848051
9603620469211147
564112489374018961
218253126357113611
108799582042033517
480685974364417093
884900907992448367
961602763156376495
716999243853187075
961602763156376495
168949076695667083
48535372880285818
339569124697768147
36586912196803353
609039741203414700
339569124697768147
828391788311731127
140510349220688752
238465153086567671
238465153086567671
935658388270848051
646686045237880509
884900907992448367
295810023531581235
140510349220688752
835461524547337156
762686012473805042
923295496129771342
723679431838624474
591790607775596841
385921004973463830
296987746632937280
524286690424029389
238465153086567671
351038214286337832
95332830170515512
646686045237880509
167863928128056118
742358387045122195
48535372880285818
424807743741885210
827413211954333607
51227836124365314
481425205834726193
393572324584355844
827413211954333607
646686045237880509
742358387045122195
140510349220688752
935658388270848051
835461524547337156
36586912196803353
455582291379516943
656930664342818379
923295496129771342
963039530950588488
889950051377872294
393204586998701776
835461524547337156
986755403387355522
276454616042483986
702240287001526807
591790607775596841
108799582042033517
238465153086567671
785753775323411542
393572324584355844
48535372880285818
351038214286337832
794619227516974088
65050120648424027
591790607775596841
609039741203414700
524286690424029389
646686045237880509
644700323807720110
393572324584355844
276454616042483986
656930664342818379
218253126357113611
524286690424029389
140510349220688752
803037855018462990
218253126357113611
238465153086567671
564112489374018961
95332830170515512
644700323807720110
51227836124365314
51227836124365314
424807743741885210
65050120648424027
538174459571927784
656930664342818379
644700323807720110
925059090947409741
218253126357113611
935658388270848051
312676717455154006
742358387045122195
762686012473805042
406970482843368729
36586912196803353
140510349220688752
828391788311731127
168949076695667083
48535372880285818
238465153086567671
656930664342818379
702240287001526807
803037855018462990
65050120648424027
680159538949479587
276454616042483986
742358387045122195
218253126357113611
165271024499751033
548731505880217181
161171148957229277
381274023933725994
295810023531581235
238465153086567671
315600779411311544
538174459571927784
704666118611983712
524286690424029389
835461524547337156
591790607775596841
680159538949479587
336349273145537830
571189888397981102
238465153086567671
283028831086174466
884900907992448367
581241541056203035
108799582042033517
490340786876660033
524286690424029389
656930664342818379
742358387045122195
461297059957438069
935658388270848051
723679431838624474
961602763156376495
65050120648424027
742358387045122195
702240287001526807
159635842138111999
994584865498110014
884900907992448367
168949076695667083
737447994965720466
889950051377872294
393572324584355844
168949076695667083
351038214286337832
702240287001526807
762686012473805042
591790607775596841
473231152613443762
276454616042483986
481425205834726193
312676717455154006
393572324584355844
385921004973463830
381274023933725994
524286690424029389
961602763156376495
238465153086567671
168949076695667083
140510349220688752
986755403387355522
315600779411311544
716999243853187075
35068165747453793
923295496129771342
591790607775596841
419959504260944165
238465153086567671
762686012473805042
95332830170515512
312676717455154006
742358387045122195
315600779411311544
140510349220688752
986755403387355522
338012156301769996
762686012473805042
218253126357113611
835461524547337156
276454616042483986
591790607775596841
351038214286337832
381274023933725994
461297059957438069
488297729038535763
95332830170515512
9603620469211147
524286690424029389
65050120648424027
444819897145508302
803037855018462990
95332830170515512
935658388270848051
218253126357113611
889950051377872294
923295496129771342
108799582042033517
884900907992448367
455582291379516943
9603620469211147
48535372880285818
167863928128056118
884900907992448367
435646277515753293
26460992103317897
168949076695667083
276454616042483986
65050120648424027
351038214286337832
168949076695667083
419734746897563006
338012156301769996
992947910586534951
524286690424029389
581241541056203035
444819897145508302
218253126357113611
564112489374018961
961602763156376495
884900907992448367
884900907992448367
723679431838624474
95332830170515512
785753775323411542
312676717455154006
884900907992448367
987089915876889215
140510349220688752
393572324584355844
351038214286337832
702240287001526807
591790607775596841
656930664342818379
168949076695667083
680159538949479587
218253126357113611
538174459571927784
803037855018462990
803037855018462990
742358387045122195
704666118611983712
26460992103317897
831207569846778724
490340786876660033
963039530950588488
218253126357113611
9603620469211147
444819897145508302
490340786876660033
742358387045122195
424807743741885210
218253126357113611
490340786876660033
656930664342818379
385921004973463830
644700323807720110
424807743741885210
385921004973463830
417136413607145831
524286690424029389
963039530950588488
276454616042483986
298649680283330126
680159538949479587
646686045237880509
218253126357113611
612656120769448895
296987746632937280
935658388270848051
473231152613443762
20713397431204891
831207569846778724
538174459571927784
444819897145508302
785753775323411542
168949076695667083
997704220087116157
723679431838624474
961602763156376495
276454616042483986
616598573119386228
95332830170515512
762686012473805042
925059090947409741
444819897145508302
490340786876660033
312676717455154006
218253126357113611
702240287001526807
794619227516974088
961602763156376495
108799582042033517
424807743741885210
889950051377872294
644700323807720110
108799582042033517
646686045237880509
159635842138111999
168949076695667083
680159538949479587
238465153086567671
218253126357113611
312676717455154006
680159538949479587
835461524547337156
702240287001526807
351038214286337832
424807743741885210
108799582042033517
716999243853187075
65050120648424027
424807743741885210
490340786876660033
737447994965720466
702240287001526807
644700323807720110
276454616042483986
140510349220688752
762686012473805042
444819897145508302
680159538949479587
963039530950588488
26460992103317897
548731505880217181
238465153086567671
218253126357113611
609039741203414700
419734746897563006
9603620469211147
609039741203414700
538174459571927784
51227836124365314
612656120769448895
884900907992448367
490340786876660033
963039530950588488
548731505880217181
218253126357113611
473231152613443762
803037855018462990
159635842138111999
298649680283330126
339569124697768147
26460992103317897
831207569846778724
994584865498110014
987089915876889215
