101 2737
831207569846778724 417136413607145831 963039530950588488 167863928128056118 794619227516974088 238465153086567671 609039741203414700 986755403387355522 296987746632937280 409541184346817318 616598573119386228 324444342863529657 65050120648424027 716999243853187075 444819897145508302 159635842138111999 702240287001526807 487847805432463289 785753775323411542 329801466263693372 385921004973463830 885871689386441612 548731505880217181 680159538949479587 461297059957438069 835461524547337156 36586912196803353 828391788311731127 790411492172180945 51227836124365314 9603620469211147 298649680283330126 140510349220688752 488416025045466658 393204586998701776 612656120769448895 393572324584355844 656930664342818379 481425205834726193 925059090947409741 564112489374018961 480685974364417093 35068165747453793 95332830170515512 961602763156376495 435646277515753293 490340786876660033 436809017258350836 488297729038535763 889950051377872294 742358387045122195 48535372880285818 542864260738536554 884900907992448367 419734746897563006 315600779411311544 108799582042033517 737447994965720466 325372372343852631 419959504260944165 283028831086174466 803037855018462990 994584865498110014 312676717455154006 351038214286337832 336349273145537830 276454616042483986 762686012473805042 459141052711263720 473231152613443762 455582291379516943 581241541056203035 923295496129771342 406970482843368729 704666118611983712 997704220087116157 571189888397981102 330452580647230837 987089915876889215 338012156301769996 524286690424029389 295810023531581235 827413211954333607 218253126357113611 26460992103317897 646686045237880509 723679431838624474 591790607775596841 644700323807720110 381274023933725994 538174459571927784 328050776403325003 161171148957229277 339569124697768147 935658388270848051 489208217285413541 20713397431204891 992947910586534951 424807743741885210 165271024499751033 168949076695667083
669017222954561924
396531137935849874
41687548889167782
119530098973969047
480398978068385093
357071042776305943
873210093262984190
786786843575029226
338083880457757707
871911001493507801
68321701787832679
126174033052508580
709424545105229549
476377256206877612
683885238370411049
762471754139471824
158900895311549632
692846185705482065
131994807601226068
83072397091274253
202597500562291663
557177657857045649
679954569762656409
939942136265508826
603781608603116473
778652264866018393
878175128909167344
303945179766993242
518582585238629967
824486736018760642
260121930278608262
251025846307277089
653085193581970472
545230114864701027
511669186762315710
477914491001848395
429150141189734213
588289589659281688
125381910783790716
270442007124529666
824777660464261500
746218082534196580
995015860184734626
612402764109751736
676583376729011482
619907266944204641
795533861550494294
904133509614553069
863367336540105136
468902546545209987
186993565260640995
418783608808780658
564111621017790769
338288569087277061
613512282042470560
949269897506492838
562330800376000724
658820096742535808
224747634963419866
808760589510573799
257153100811513241
741066333055887949
36161968844393820
33495983002681897
207267966727055849
554745451532964024
487428510163912230
18735360169386390
157606126003946016
230285531744033464
454109694580268481
488066414244570889
954923958972436683
291737498671754645
983384811909677469
324416796996949197
678156767995366441
599853906900016936
73674126275598556
363076821120287696
385803813475628010
6088188346789510
696586353628079623
806570013973848746
189248193510050888
791326568272743125
51459654398490221
879022254981191099
788501904800373775
386070562208479234
489809281242892439
824009424288808657
791255281915240408
481919403064697649
202334060241669863
379906095889339448
36925774498502188
989832038423999
760802742568781644
980804143977885883
532213551831834787
480144712845702875
362069523791603965
918325976178718167
897797899197983099
183761204582597996
533533155922861437
685236424331803841
204695483708136811
124973465129736496
652196685831729257
687062874544993051
153956450884781256
30815438732872443
150978656389865100
96335438064899513
23615074964009624
108069707719406520
269478373814496516
369746866231076872
348528423265304784
724265322918458302
406418127643239598
429410021925989641
568062829928556147
486450149215269154
709831439441200156
874376789022655473
785239184723755860
913836634470047089
601038892336243761
593179554095574642
13101993907741705
625468774671512100
672096568242849000
700275225861849517
136371237071884010
733143040397697312
491477764787863116
35989545671641353
732985779233696063
220425171145184118
440638827837722193
394135489449260853
699212067499609929
445607275649598535
219637012618696332
96642909119283972
245481886924717827
125383136741089607
56688201601858246
274126687087821254
840545594974764270
874346713018431962
999107336345195729
345818382541521077
692187257016408723
216237978975758437
645319208764308030
841097265647731863
682907637058523033
916627794888279458
351547794617309204
505512262750631241
498228376104232956
787393974536105309
847790900706422283
555434844746212429
55661529676303414
198799585705184918
857027497564553440
776369174354665705
58688079934930169
581827179680411457
472360896262624581
467672821275447560
337024837120861237
840344916476612849
267777935148397658
724998965295076693
862455504289028308
93247965834426992
33999847164024269
67683342284647423
157991301695981803
965544987616883000
850641364939584816
639046641733639162
904667161083640301
569537689933004273
464825895173867204
796901424080850721
776348738652529958
570662551650397439
408538576874052321
222714439051056192
598681341836728310
168632487412576742
227631316132086027
541071039344429414
850584466977260826
804414317203597609
193892547794142290
658655694755773737
141550993179372745
652039321065598352
884849202661705973
990294146429004044
819814808854730451
467071483857852995
257159377392224561
78133127112636491
404173251102794666
263151288588530754
348100721321391227
992764229698290908
833330005189326072
708472829336143721
143056224935396651
789759238726316262
609687246048479397
505702592057813870
839799043139456093
713196296101945363
292314312525946605
979871348638536277
173050569469885038
750569617552643234
403316945973644143
58120681835594327
162836845662063755
354372546198134454
643995969103830889
369611291098508266
77681375893578881
594568911731047706
462961427568254854
581352340677603123
859480849178118606
52447414077093069
417866797759618442
99440825723500038
498789460493133938
964025382966813734
555280120485629598
686595706859727241
727489825946636938
558700291965480753
874152757072061609
666641357729844621
524821521057800183
173999582987300851
396523397250562656
951332825763901877
738275394780318385
163700306118467558
848407637166764461
432735546613201135
218349215370825354
95143260117331228
120970778057989433
110864163771484522
908278610578005707
405566553157908786
244560937078933665
446465175032657462
403080056083363513
255040147893566766
161951243760797057
330011992294753199
419917340001166541
541912982894379475
390707553046476547
725679405089743999
536615542637825807
299541748336216985
600973425017255051
194026171988972316
843247426389335219
86141157517700008
244603083136106282
953445273212113173
562111716239207700
71655030260566245
774348623907282387
148967833392228344
409225825311309400
695262851483838397
12466850370400177
578141352174051067
424198849883773660
556438781669749940
840956745707361522
413385948938023068
931313194741074427
703879831493236475
451552339109208252
48811734770277235
522967065259566886
923713271212917095
462370561707730620
505147500336069941
470890537892987516
160216328289151657
267062750168849194
494207213070341662
950085887541608477
118543267014547227
733631349992997903
926723551536914801
537124299948124506
452795188897870477
642934512363814730
301455753493152717
221430238926437847
989483505193503934
233641154824133993
122004667262865089
753926884176910321
34479494957594412
215035289080371740
436585032279689784
251691162724571130
7720024534087184
42230448723214120
992568233278846870
789034470944994770
494897756713979117
703212862155614250
793354909559245620
614338584828196728
296969479843679021
40610013482671111
537744457209686575
238219997545838577
523820506813756643
548077195381822199
141017142766994538
733921765962882723
474602027608574540
995013304665532004
729138872118710645
67859185673992212
895500098229571071
528391356064379335
493684655417517330
70976619937264149
471594500675445147
730735963261382863
431570963201194095
799468651231903823
798372136247612415
853701973315248318
96679229948011771
65042419601534451
35985865827126230
121232548077738946
780125014991499653
123331425472134741
191226339876850573
269842270997065052
558536007141521794
346126128820800996
930678473083429492
558805035685709364
965549521315392187
285021159901396515
755338908691192846
843695130119817585
298295188833416025
865424260612963603
84192073664231996
707518957019116127
565577820816788924
652985588788357494
350969704052488303
191360369842831520
967707573782257569
710578659027037396
893507990740661695
874422912193177376
190628896850376030
762658722108946209
929630665381010856
422430030533501627
497725250126793871
746433866865749426
898899551858388760
75914785906974717
299863924841897149
498848774331186977
546536184840998640
460758769985320467
283612997959895046
265597323360977073
818473370729592043
399229212724271284
228296353918864805
276667110776745140
537237555497800313
282531292096556141
98821500413785928
564826901171398208
573710779926773030
967514236724828505
170805235747040045
784321931282020017
704906037379961793
778274356676134335
227479420226752925
48703529427369103
634177870760147211
602947264374739678
149691228207134002
464160663887841564
261132082919630074
590281409252170590
103661620727094409
508067302300576130
427014563561566645
17898472911782242
590892456346914400
366927776285669427
639243495789315444
259159669791998047
600734138634836185
321534114351033265
615596599094457580
610119170447266459
748143698759299743
169288005775118343
35372742667673877
56277089181599228
935025750648306984
586089409983782306
290996068715187037
35550539441590971
267740456704285863
943378196394428458
839761181293730002
166174911511216398
234264508707390019
316498247932256822
81965178855084107
258709156175476996
427559854172502054
408407245721495420
697045553052862593
474267531523294992
340624992306958528
674055126475462900
352017017886798168
13433074347698328
153037029080057502
359625621013898028
666407783181736247
368776798323562568
426869358713212171
747020786698046080
414337130364576243
653301864167403984
681098834225280301
910860875726811909
378669889747957800
205107273536816590
967102885821884163
989220703070465796
10242091138062672
504507408819068638
172605466385293540
919150032509134249
32307288762021533
38439269594235312
414839089766476178
33527646970098935
985648115959462881
947273054418049700
260366845293375748
98738559114033790
539748728719271435
599103961943948816
199407561586461450
546020052377564049
283685302637217123
25579447018387649
830897321646808760
806832969235622686
354758952632184171
869925283422084284
756979839725366885
933288979531759315
42295863311173880
428183522662488239
10098032350973535
462498575100243440
845966256460815319
452816143251581697
433473726383901817
66574961723913154
801344419162645776
249099504926222504
319221196403206657
44588743046832531
508937751285049216
53668157723645938
796901996616883635
437579437954258652
201851894064559444
983848505464700516
555611274528180557
531228823476033756
16537845920293145
780302577853016888
992016892801666655
931604348747879209
907701318192551691
77104819257483634
898306720228390835
904813896206065466
420694684737581582
783658467134549655
742492581024127432
524275343062514688
306285893842369585
170997023650082156
64324376275189944
951725096552436764
880503514407032827
508297832942858165
208663674776748750
243472034327433964
177149351959682226
772661942417139755
282482835479882022
298990191002530182
640777550245840990
166987840297251432
420475043181490093
343802400664619876
899252042360600812
236327298901779814
992715467571865325
912880528495788108
788157088280462686
66471658907327850
461156939303611582
518303035728966817
7163826532010682
585392423829357084
411735893881161426
125640842918085045
962430723249528151
32852940649126975
813748414347358318
369420693190401278
23151633764055795
619291622789808574
472316953513077829
134088120556009253
521439490801482781
481733179726267314
596970851707316606
646316670778462170
889651692192386460
968196816835059805
809385160128088184
698471645821915062
912030315545028643
885316044066752423
937354633628765073
921282953820314026
80641427765902661
578165219710972660
540183205841855918
877857390713534631
98794981553135998
117727048416551980
201163431215187931
471795118551584667
719019678826989353
113510755805722682
843696679810017453
361524064943636589
893333071646312473
142134734712800327
30963460837480629
41475176894957428
891637142389505017
883323076380209183
804538975939414320
183716556111958714
573779463770253640
493365963885223010
417749930867275744
714056274635080373
859708701442530535
401866230900691571
260354642998424372
722071234699759344
29565344357564133
354664684473815204
422840651452094000
23456752016356559
329765372370857282
393507673161315207
878472363391191486
761406336213454031
330001072180326457
882696791917940304
724998058210784474
355756464617692997
879367281874596220
636315361096729911
823551795808947367
632875256201629344
976651476039797713
802514068419134464
612108524812461178
435246617465770962
743762806016753136
785720888784269522
115137647295442686
107070368119899966
974709132960071808
227632425008449783
36556546936243205
212028137344075492
184926938563187219
881509754912866858
694991698712014845
558411115297112974
839335672654815836
313432550479415140
264085429747502708
184577347102700117
765111541562567601
509719767568781015
879759695375393845
375907796405521045
983961240793717948
731038581756418535
65664684284573345
970367306452915773
399845186909674347
546950480260190885
180969249175283809
329346003715533795
3391323462218206
582506475938746963
750633477341342446
288675206274127404
835616945812940074
330032275172676018
890589565841737720
809489365587467069
166534188304043834
605387129945558995
202141979929887416
108014249117655951
850742280215518766
30291531488256990
513607565791279468
558957141322404575
888418518025703563
722205955994160582
731293990861976712
457415351023545873
583641397417380525
669528803592730183
516835597124987670
906856739545880681
742818218920436742
290175372997664688
257846197503890210
613057160021069446
984587462501756623
633335345045647821
510994606424986025
842651725151080426
432126228996756073
285934580105601370
887862647571928686
990024199830425526
882911299532695166
950515561779109987
16874579765162931
660005915813316147
761038136002953474
259445172846034369
603668682179607999
891981625114762625
305500123790361827
37533310499795236
723875232440650011
355389070138462429
439167337755103245
528973121363381892
314724479178054301
391900057610968371
225996764509950147
982507338111512854
117997604501659014
304369505443263080
950666404657722788
824940588060493068
518343385768257538
955105494949582767
957491915551203399
513426356244342481
182195206383926384
145178496036910782
926017414284823297
276008611622797889
420969910277671504
350134020830908088
974681153592888450
289326004483598360
630719121412286423
197314534273517240
853671577881567658
618120566501252107
548437562460328152
15415031732654840
618585674758374003
557616661887695610
332855845934366975
81059041285975366
574417384516895019
594176468894682044
387890931505431791
456138908705921323
383474438102510933
26416580383100372
266104262034606211
634931368036455139
77831808324980546
348811652785379308
822991231076314454
794965497838126716
15486278385958525
374554941658724738
366821558505985908
613869391123169123
216070542577997804
618297871290446411
750396687706648006
557087906687368679
878762404675256625
171509752147063928
369492192051201531
13069983586891884
997301467892592622
814868129049199667
210315957747357899
559420266861200727
288297637130362108
596939161966309866
904249445236080627
166606804914529149
520952566069718861
246019027335337530
400771735528743386
19984742928896333
191918301020917730
71768612459105701
936383800335599346
312748924139417504
551016324995055338
973466269588265645
488519632352651116
49257855618027457
633394473878109425
142811293937242336
930088209381691255
368367435604696921
226111655016164714
840468757888354889
725603175135701997
259049589372844180
547696049357620083
124939798341018590
354720914095604510
103339289156866079
373876958092132260
749378637896916807
629083839177265081
436652917347976253
879460483326876253
192942421905999377
722711060962445129
10049834453975784
459941611888684107
756181348565222734
734445733719370247
253671640717964571
939444801524075756
323703568259298833
560856261131722044
705406490747126185
129364760192367407
372994255738100827
654353612410233359
616076851749587682
747867085173619490
913542376462060058
585977581184202588
394868619502573434
507396526732807581
206930825802701846
188818923047142002
786421614801511143
477397140601637463
855185244117047563
675299571060090232
897918638594957854
89201117413185247
108058713706939012
543856006422606420
951380128935846703
224288476148862532
938990822206025604
590528713582210328
700995842473684768
506666535278896456
522437485182912256
857415661278026875
628008204741450084
612461834369854693
877078274820532218
227497026515313840
184597800915319018
551060089609593735
591232547704688125
948620420156063002
715106785705995717
406584680135109975
440761195259901429
645137491638810122
386585068988353385
364151735494152753
66317727565571593
796219799769132274
742837425886767712
66046905904387764
37146895514752410
134536785558656
933083262830040167
322420140092450890
905674204969046814
410481024564990034
871048372135469699
342112240597981676
593303334739432756
812269698662811072
552427146315221088
699069620307464432
904198255544480646
745170149036266754
145194859150067906
256748053461902939
711292174675246041
682902033098800334
429548692996957253
873791236892455528
648690114063583960
179512006050664770
149091781418652440
540244400703793689
376660438381047537
44772898419344066
972997819539437509
239175006490004077
940854613960582340
112628662102430748
450541336533988429
793029388879131437
562463647987191773
997236307270604115
797437793090492033
270018199219548578
304175265271256402
973661195918588921
455920731601649721
263128390426655081
456091484684744084
221721797297157049
242305065060392262
470582725188821124
737859862082551777
84650030481222619
316180470719761201
56045398649958281
132490322372471363
382143681919068663
43906931135722413
338460423642621858
31548171494034249
335755253898665101
208542500201582173
325974488611130448
612812222849775754
956651437230025476
569893271241375667
28809130618799155
953673767813279197
980746484112635855
944633925171052950
459378247733761288
106182427406697207
302488029422051370
640186617681065061
482106463625637914
372654740615192132
846748975353865966
809294858743636936
674351623328866846
690666204405358514
733921082865640851
199427549965099787
502136065646324718
380781692860608160
79231992159679130
239081572207283198
954936543745045622
757865205080342652
447149971675786449
827405559036956798
297214352950675074
873769446470589419
359392571842338014
145574934371970183
112430143845968619
299751057678132567
53593998166558532
423346031200505440
776598257542461974
999641770925590805
749748783530244521
876031039234201134
677364495950852105
176999877533124491
308881100859836296
678187043152301424
842388051771087858
206489015586512816
718387705349174290
580006159142361837
102697240080482050
162035307288276489
361892853687579727
732813217260892567
102134007757507298
147311105833057899
608346038571319084
747037636401293314
737810531594741988
138324996111632042
792925340815764004
265996284043915265
221715055076520573
38503630579135108
324433045970146500
378438220226775246
6130965206741764
755124315879920630
370764777108061372
898306601474135525
632680876908567354
333254169600103319
240370409718951282
790861723340759174
170104520461924789
667141954364783915
113311059685362842
327763598889668008
779395460699806881
482128235330089939
51922366498599072
945459135066641455
470673175628986230
540477794335027505
803562304673180293
17769837383367559
254175515163171740
17930948752081583
958105379040578227
529590375938019539
245556198653337840
138191701294173530
814100427724568418
946773781999028020
775037946410374443
417384270213074670
692652398536614893
237731255681770088
687325297486982086
548009650254562624
89508688412454667
446098124741373890
855166905519549447
727117219919480653
33677886720671571
617969008740136072
67962781982657825
240552120362833534
321792001130531310
570266851263007937
281614797241087708
310225514341141072
684196018152919002
235984549415713881
148778167457195201
623084661178863981
938308498147139844
747482580460701385
906369945206454747
120154049272405302
352320592134278128
933644657639100343
906895160865966971
4005713207022495
770318269076002818
374739617607142176
658611589145726697
538180463882935528
965279566585758579
960382863351038361
930319143647229254
46835797008656841
142321830874885197
515906369065829036
232884475021556072
526033427098162586
575603680507295798
444075769401980944
273619441063242639
156811939304528679
470562600367027831
477229104473126141
23886816232968127
955854399180142801
178405423410067735
36085581572957885
726753193832572545
723605591401694707
155371903682347272
611151783405872281
194924433085521593
936692424825770505
552878995963452556
567023140125965712
916773389257007801
544777664557871505
265864702067412477
425315944841208931
128354394470306052
446329920717071301
547036165012237298
909609712473778835
109984997246711068
327008691514487914
833162337267894968
640351326324049504
955090384967910586
607360544630975701
755111078998367608
909256097425890589
60723433011187949
411101338240390583
580202612091945354
884533611099691431
234178521220774197
323896048403855646
72360641033307074
484321652372603863
649666511355207488
599995040299190338
106372015308789044
153878551183026696
544910690911188140
740738113940386177
118755826456193477
664171212858233554
308928874444665035
918984161101286087
233433665268404089
65521940121919053
711571290833248085
607922576056600393
408136942306014283
196455320422999952
377156007768267964
991284529928920566
989299013334648928
597182781378259460
463904176226225010
614516447703955038
665039591764296697
288783421800825187
208302918341831116
101357142988742762
771073092014511143
251078871673356444
579859670034125189
964458079727100514
756897350228237600
163803289654124833
16137637179452690
365899583594703680
64134954764289080
213472912275953025
441224850943506662
240785733798081265
672133931226316993
981576224679081978
929685204354425293
59846712394854029
313381756770191629
145805682965261478
292436921605326362
602290860628017258
934862327579429523
606462569633489807
983026339437473256
410380640819679531
368528585789431449
364009391518175860
315696474061660069
527137605215576247
411701859621281808
285800054332886272
524291874669058858
540019683534612452
507427442113166386
199683834377653915
109157164464531073
41818116112973043
440534428314954621
652015090602072553
727702007780002168
307750879047755700
454290293240462083
200956212229452739
593819417695070270
829360591041066678
924803830973467812
272677767443362912
356861120718818518
874602543841467957
173967128988190233
225055536710153273
771362217495998465
501261249279467196
53681781338140750
377094103358019793
377014183456620497
308874152331164581
255495761582209988
75603641750410917
78997429008280100
453216940374862276
550997234990573541
441837179887101749
131452982023366109
503548900178854506
600026360208347936
543148357721846395
6399948542465150
213415222405255580
821361462417864088
725070335169713501
856269211393226756
94178608056685691
99092891448125064
440499443380006267
652114967074411305
890445381542067691
42646148016633160
517446305682314661
917777471771808723
471385978591629061
539045856802158500
615079297365746458
25341496440524914
923463078777055684
602018609469255722
92290936936576088
854844131630949329
676703203222430594
426076926792748474
786885356851102761
836648114936625724
318723528613991679
108728287214269197
630836858875603867
415792320938924995
509850992145391945
48502233796561295
154532785403853670
692505560566925165
913443409741917015
316781790221853553
502916316504609033
551409160447858759
361491895446267656
971833268350365319
331813532097049899
915679851762542496
469823120015273331
56169867978418946
500603344336632277
187843627364125475
45654741961194370
612524853148093421
660295103186685472
184281405437810052
79986267991091961
429692134995327905
518665659952895134
423587893691442451
246000093494256589
908879628171250519
882565454712304078
78058197810397385
833616960917336144
739421541653957954
174968377075538540
326996022960279939
906487920053520378
254396069590439469
769866763299970102
927125367645621925
391352279314787342
63990032852762930
194212806013425473
152889547989444906
551828444828318094
871579844861089444
879635180298210955
194202616904645798
909497087565145718
558898236556712767
289487390941088276
234709713833154800
829911032368091977
908839454297961038
47037407823632239
153189799835249479
34568045251388092
609409298609650851
884750921022137242
953957200095330402
668135476383217379
759733023888576771
697453258668147150
690634570907456848
751751758318321034
201961676054290108
372786441237238656
142502464809991122
707579410293034682
717994369660874852
494182973134652567
853176843619805932
483149251176487765
615754590746926537
312455455316209970
660980867697182127
966040228098557227
899045188425834771
18037607298528788
66228778957704445
627397891774577970
960118019089335371
869140340184908589
198560152146274013
297201464826886673
930654787149722339
152078871030618207
737670937944323635
25435938734246854
409864703671007274
111183166641427285
356004664188151222
864044372331345207
249015879734445937
317235565710810190
791418332041971253
623415034569708091
826749797406181573
79751597889332005
221657846821486637
844682192716665521
884064369704268271
56479121578189686
394633342574084227
616845363411561507
58036751060302266
205970380208910021
81488061444812523
322239192103654339
505743612905842498
313155081735679197
275517491173445759
369195404682252048
916337783296130745
674125114246788793
783644681914391826
953329114657708291
485855739981662466
385697565655290187
644797763372799908
880125474114947189
840640030293931622
547156140426172825
292674513637832884
4032899752856125
987447084842070900
696130975725974701
28287473110293442
205959568089567568
496112509873902524
276586946234520447
257441996720729679
257055721125488992
732284244187816505
457580629839023816
853774050170327724
787412580617703415
915537364561373013
131904948603530481
947916579117104003
27968236071049001
627866974786852022
483318483322928590
340066686959975006
325829353799417854
570938031514513002
196593878994879550
973032298646478592
619106591936741639
902925697383526126
485184303289624653
623343385894245514
50399899321786739
927594572102130528
621494753549264225
935508078199177814
443109949177842446
894012280846161723
852123697753146784
383939839795914581
442588243477338115
283296190117371552
751248613355062020
169000986713551190
764896535289432996
656194212077466315
375400303345105727
311306488273369152
150862942189450351
905207175583655178
546170598115524118
811359452992374501
276753946616983391
597934181886318295
488133349216328745
215018608211962488
441992499174393012
194237863239133563
233708739605258755
803673190897857414
288402498918975317
235204765753332308
300586077128962701
846356465465708716
470232515659021420
924432130876087154
557318038064581175
269424599506341991
385674611196054282
68567523282763732
669873982281775757
598861201329090245
716396515557801457
915410554111881356
340757199482916336
54106912138330964
379518137951924990
831822737734764403
842437766747817314
370192699801578313
920072053296920779
776741428326528058
684346173985129132
170090541620774976
937343707170127305
429708444135532566
483857201001193304
682691685332243649
948043091085933529
465950528933966481
650431365185453261
268407641591548144
904176077558220586
50980943161551966
290132217076822952
990394034323104062
212723577108098656
509620638071986303
137148357877090184
18853948230983645
306276694611087547
758953531275729699
89031518366993986
529217355666484437
105741828528786173
10633355784455879
646585149825517927
631519020662685383
875265457454423344
155006846345220734
942460684981051207
133886919827015976
417759836826905857
132583420185508503
237572254389829222
596689877343493458
685323631276597531
923945493353525780
559632416812407417
162035489675664292
977791437723110342
289366410809104560
105599286750676614
27934262697991169
694005730853522856
176936972692607727
832950677231261256
730787259294589780
556848802996691058
576828267609048304
439610509586243853
881538428141273502
305763662825454692
688664847755817
549069834762086073
923675264090867359
609193172219295916
743118965304285760
925893539930587862
591254043183100590
161741607996910251
545241588992039323
431882688933218661
280779703027673442
378521591611352596
301459753862881436
367981047495693000
702161695134114840
843616850960295196
911578303840997171
166034729674321245
224744496683171662
465321842638243858
379512324264253704
947521106029175370
574781282616782469
414276151709615162
795882065327863832
371282348792985203
740819218297992898
314426998510448412
101087982674674378
626736394617091891
246192633447663721
384800683108635877
474919097741758611
772650467857341573
406838276145460173
617576532842640807
491137471325268582
917582958846232579
830834876618794148
69522127185573696
476604204224236408
476339523272665155
673695343207268299
57954994542538590
964031245729876397
131903386876628830
420708151259897574
187023038366848878
477472100312196272
317451813186409339
776052765559848082
964191611878305658
405614943515977475
239520935471684926
334693139674488958
186210311718902112
101648702467378203
507407484268999916
572712990014233608
519278905928083008
802440602088112638
478288674945240391
643514280037430465
373504485454753403
926759397860649803
276694259007017942
506331511726562061
654945847252512036
239657772479109449
515236168025513431
959376259938942209
970452398464344528
251142679114836762
780962981543957112
929144088490453308
743702893105938094
488018768794664886
771459389567776705
176230608354313142
553660397612218530
6102896370199355
608265233169747985
297691217291878389
975365606532047035
731254889116869255
991023295160466840
887041793983131062
461229389219890582
785850993343546114
441568077753553644
69154154482500312
594977175816572193
240681227275736328
331507217493175757
314865482780044111
629113668360718036
877301704010214399
532302763742898016
940281253838691938
864085693986102316
596815611577869373
26089292021254800
735492473581091900
405519716755962700
595616878682359787
54409251676307926
792969543937106863
805486063688834203
363224339478211711
670171003120735056
853072138898667489
114080964721978354
920375165412867741
475036937148332076
815323099497174734
153079700927237792
705068290155443733
137618657272950243
394675090394271060
170575553629724878
498063882876505900
955664453171824337
236465171798935581
582198755415377397
241156887750946769
821634675455544911
409252464396665928
729559052154650677
282032841193617022
675254883130930897
589833134855137912
433218783904179039
469129062523006325
167069285943268421
739988950492354352
144697356827555698
3402861110606844
54768591182816579
151000775119870157
660164739800024161
184046833353486143
665274375561724112
9730554676920771
580147264124919910
228250599561151754
745140445596260891
904240879412889140
243501728895649625
400809130853151062
242880783811145857
98941085604414664
840987752116265764
806301266064275448
943223441117372366
166960311632824806
192268756096875150
417921045703967737
319877256051657656
662530732916062730
446544829037907326
442935978024364210
921414036590300998
911626684014896221
830676127051459047
304271037104655076
572079082892835082
919820938292383483
347168349131724295
752646993665720907
680123500031449795
870416138584323509
506592233644573749
334232624308373385
395569590977051253
520051049183086162
102082871015324609
899146795603646334
364635597984724156
57716282487009504
357161461660467178
186270710753211212
930240449050657716
542178887978610941
986652023338653187
368621321842826924
826236076208817566
401838817311646929
64264212248315759
6933878023889467
466846950336284264
431968335995045653
987296829601544833
531035235203411512
898945850909016014
671610779096422648
131730660167209269
665446466461179085
627930277205365733
60824778668147423
915211420942611392
758985897599738036
859595652005852018
706968612694268470
120805830947015831
300220922968484201
791499112867880155
942027142092626043
386341572402694214
415080351583227896
753641669709960760
715539363039783362
492203348665913532
409357783055452266
47444350985896977
926219361618754443
452713587417122113
206825442270522460
833760442185070491
839177289726612434
126114913601039939
426343254288051648
222101577480824368
138765739860555842
400929024346002415
4222595960364867
263670203040280767
326658289326300983
978432680171240366
456985679600800408
597818079391969366
497435652763682622
274485882632385902
34204343953051859
398216890065752066
720167015708663485
570127803793428824
278362326270933686
860825345277387479
29683684559676711
298743426576797314
269389567088841455
756621147053197621
652456209207788940
149454261351496862
426940080323020248
886446695420062920
341001592710323074
92022384665068295
539436777607819888
717206516151626757
715786111083637446
672059204656875712
410329177772798798
182450512718623830
950107961060914719
186196876165426561
694174991893470739
341166143566088113
619968361782112293
158515209819011178
628015209504155969
61809281083628419
629996295042800714
455439976324957320
136003271373484689
619969083933963240
536569677920871975
665964770629359935
305941452121553073
712330662789895405
362500704430183932
570431780953102061
282143850789499029
754867826330248777
133636191977573594
613126619679535917
237962442116507416
955457885079444473
937742452649813649
793923439189445704
161694754402022344
330556672820390992
690629141459513127
83901868770475709
508400240980191932
392640810988452076
281104421715286479
133714277473244399
695710435283665390
505037932040372051
189921362170935068
17681745372630850
881786903309372602
24431801262737161
513755726563208863
605897825527734910
652736996473797952
56919657394203291
434669336592158926
809058191170549156
783432752566716442
869676091760480720
139631691670474200
245565570529308971
338326911479805353
739813018202610457
680819224350292466
21980641387323540
795250696673481040
559142224519851341
807535085509430426
54856359220160385
930452232577532748
208724534435869510
654255900757562264
201357138491583905
760026521315456096
83425003731965013
131796416294238457
210472282781162186
339853143920230752
192363696269371708
623133016877800550
360516843204991887
909066485912626426
24720499382633
72018905935020664
984613092632077827
313054046705370139
941533045168580232
902394582649454265
555446513206361372
963137352686948546
193131673128750399
527475032431162534
780823808242645753
257159137939368868
302172448444449138
222721160198860238
650883272911683743
362853140924134935
63335873129564123
331472902945204544
978242993784405126
938575589886103753
340554963362236744
296233030640102627
527632218519227647
121684775761680910
968009215585547610
360013821172631388
279671845418242316
260180550280386776
747417694875172916
951274522420617429
622319705139174195
194436519296921160
620140564050835788
90452358537045322
910768195397567531
460388177427386922
962365000166887112
900745488554884413
194764352596762962
95917359417991065
378658130987464896
972871542233294155
448874944424762249
958238514003487838
878391611230830828
345645964582345800
816569762366212712
545066477895645810
295611393700432421
432927439461484600
817965936506797508
905527855415945598
43911571444404265
360585653008919218
639750281977604174
246741008154082180
170088662400178913
424522491026310934
125643310347706683
151713596946813368
211050349130681802
919146875748246101
353319789168188686
200565113892696711
369048181293568848
246716794804205694
586640025721892821
47408988109226195
176864737101095808
480806985893002114
875990507928792712
920557570713227958
252044025141215255
707581398628320554
622061268537838118
263855965245482895
67638251594925482
295834576351029853
219586797898684966
554533518449003714
800010011023559290
420414578837404532
938374267494933614
481811363142459919
988848175989948218
850522538563034829
260624457413722160
910216620459647761
193409184689718765
459945655547802606
608829729701107066
727666891417257277
447969867536792161
6597407037807179
194907691092221889
650642828945774822
933056912823560930
920412962915213034
992205156165342496
237041690032598164
972493964101585620
318713272415933969
175552669361060506
644570328541149400
725382086666043375
806763270887836839
344007666263534000
695183684666907408
581827514642807680
565066371318793278
715980454292122707
538801600016299908
318860163701389894
208378654252297259
847000398443719092
994057504580887326
475313298719445502
746787531538811848
379611779915414969
365669638208133654
115617794149153446
532842468332390049
859731785615898886
652001931142210875
202958523525603490
211635201435539485
65562308226648567
186770469455968231
191917626497808363
496899607859269417
833036836396457439
239789348277012675
187565237880802722
970471476997988177
810588273215897623
915036254593772849
770043849406901621
718866523758642833
403975566144221210
262302334834317665
628007671215570148
687760499123962795
557962387633147104
826005359772872950
97957283006266541
428354447745179864
633044839697649227
144361525977587440
523679417243995359
114069281882255504
320008630134457174
808290197129115436
558288213394831768
773197542761609434
769350054139581939
738500696457924268
674032997991972478
474789677414493912
320906755521639143
110985626188558492
562197309013682539
396181938376086203
941319107546637036
934665015668362621
723447502771317465
88720947807255187
545652265111611449
219698363612874062
180916468259129639
487190420332093427
692642878928663881
160925792994754807
161227780584927243
696782065618955822
13732353362943084
966174033636596900
550334487033597402
977011292545456836
315731158593852551
514116463358980229
712950036842425732
439417486514097776
434504240072580666
713656176546897964
832453033721792526
36915187996598138
584469443767144184
248008737180905016
748423537006476612
301389518632171265
379058657192347336
26695442031219362
944963205054113567
215182493448664233
583176848387215504
287726583542036487
335653074532170862
851671262254305255
770798584254023134
232468265185452427
271482955012539569
102389566650033006
3813200328151804
329353332980791608
182718359786342493
696981562408847414
341926264344638189
89655873506562633
532916051901053443
570966233201267233
818693080624544978
255533152129097934
750386071542880847
902192283238938447
467221456352994627
954757034260718450
16877090977632675
346117876354081023
532885604855313472
77031381471688595
762127171369605434
181627144906953164
594893292577279611
595790554672266841
970231670863582275
409649201623134185
879945761780825620
771151688623583007
603894247671737155
415226741151228462
213032875717874904
494897199917230233
249631706048709389
875179803069746607
295881284313086895
345429482585277067
884062225773308195
734155400094297266
334077572473931350
346392146613975966
161068924753341891
246939794565483749
101175568681482554
53736343219270316
169138112970089375
987350929743039541
849154526648375202
99365904576435450
932395300686097731
62512680751809213
770254585024066071
100365280208487190
215309280015428866
964175754884556496
901887786399825347
607480985476550696
955375534906034047
620645370527021913
411179311881541964
533715634029691013
190053210973011054
941674583031226847
853709012776297257
532858619878994837
916712166169865400
604913193713675349
460158605114277037
439656534451914447
527401263808948848
369406044482989771
101890368451174920
275016012313041256
143599385302629497
202409515025487815
299557546434493672
470865522192588095
823033957980695257
733318754393387372
261560610006656298
855017218673057515
759874877237014440
15762687843961442
456003484225144883
626253225195860190
411355799713090562
923978585499137370
940982988327896520
55318598018817363
245112424923309445
106591096653875883
856780816929724897
785707232919360489
718492183502528340
766559544616120906
444483142621840356
40545882730682112
447591215448456498
684044656138938057
257147616875883007
350365372363169243
122123494506849855
847972535239554851
884576737988464202
470147479637138691
127556593894678105
545784672260267688
103824568904766181
145389226256231560
823438752285504484
491273572426751229
583190895754186743
472602007795642870
56193551078511381
767965384766249853
445940565353248573
60810503114640899
758544831421645848
479336146081549034
244475798200900054
338102635741346905
35209850866326568
382027777333256022
939327641908231239
583382916283043180
207632385009550101
681914882787179641
939488250008820911
46745440211136385
649637687807864934
34181140330294489
627915992339274088
281021478645715291
520142319287418716
242989398947329010
810666519882374359
193034870184686237
168932946785277527
668563684991275034
33080028333478768
75367995715450801
945599918101514877
681628650116258937
140351167576048025
838958849016671856
956348170746976281
868368648340452704
303008785064656109
474149616990630361
144711844646803866
966504108885449820
757553523061436778
302385704477690689
70381582512543348
198823917344574341
452813384297730870
38254820067654261
490150881886565021
321041494826779824
880393829370650016
190438247619519004
640509979344974501
227712368984917094
540715592061801481
889884527543051840
169910396036235106
561320774606902457
343267955558106310
586645268866279381
790969014893607927
493478385743565047
373056994396595914
391584933613366919
769595004945166506
510139627309997183
576649117374646449
373665918830043199
242899847687594471
43543210295233211
203221164631048728
459926747782473874
852253778349149598
967987440403819211
568722165298583497
920861458604029996
103462397340959150
654767830739343758
492197243604339479
772314377532398277
321670974506285875
846614808823197434
261328396955473380
681977897313665922
857909430930268063
33256276837392288
132723012499764302
181353119108758879
832334072624602986
605570102763348975
668070636983654149
812575587583853971
642662909405884548
572170010964500040
838861346434165139
377625516172511067
329140425651611203
576882968288867274
484871727794216350
478567929334598388
719081014312300978
463099535570360713
402148951854581873
19785978423580290
251146266276938655
430084452278747425
852961116637934865
516578012798444000
298812277771012795
485277338800030081
160866124266854431
442099774336607239
767501498408577461
725674242463274438
50690330219993953
93830274784368137
849819202026831997
533869818095531281
13278294092212122
456925835654797974
58572366013497596
736296040494621941
219858657666118259
371111474328655543
963173174007402115
317093073984954789
350457374434308151
241678979669011065
124387434269772996
208960224317837706
21471886366369692
191049922354240123
59911285640365657
274537606408267591
815745325858810615
795952379637047384
35504665283803110
339251459910863483
384468580169604527
192354686811314683
49155826285236677
565920219582114828
822972213739123031
433355688423583587
553293504867827174
64228882272911795
592524626457999994
362308776187766872
605778103229107510
824147201382098006
740463848123015212
1303404487404382
529770687835480431
871708658264293770
741235152155828100
87928783381087151
51205611086604136
100627335657855223
549295326291842548
539998055667323087
745069231292108105
428029096946670958
637830882134169889
538874262120711611
983680667675829625
587165503857333257
804823284940919508
43057153817077693
686158788242447472
704480988287982048
992522494410000632
561306857973425772
976547407760336380
223271943202828676
646628639729305487
540255643746270980
964087140218427969
300836811213005404
293677146078958995
917370548787679109
667868922758459391
914386086881410545
640482444353469214
990290066563199042
544526620771086927
611770212041053499
476739545082247626
192755131596974340
1877022892238986
233808182171505635
318392468031525176
160040991623391381
840304206212890074
926393492735046312
90379082511207252
543555084786464187
314204511459433981
692070673736457631
152449773581810207
765231620958697167
361959096580038192
751885566910570274
51736648196132897
674138172820162696
203041154119315985
137632050917043459
554043205434000819
87587204217513984
183799780555799945
83493931954051579
522402588796373664
589382121967081678
932821619842624210
824813475513970328
643744003184032670
114233715663623110
853954215790828033
683459721874481702
8725698254156461
109003237173549478
407888161245467256
979092080390694579
65147819539584403
314064187584774847
273858702790789714
254345200111731003
642382755811482156
224066155045537389
749172386727243640
900519902095358763
872135456870037710
615969448786351177
260110091318001615
630105681195558014
837872415290931188
4167523104538340
306143021585200052
962440200426082941
645448359572905901
364441154616720507
239802166667833716
557920492408154211
305089800139546710
92315456900234225
922476487670150209
712960759649870585
547025645453830887
312828179136231880
951892470384503247
435399405181356292
124759406805109063
850549254664921770
708020264260231740
264687398401974263
985145243832381516
845456250550114425
414189332638158521
529744513101366389
884042934192962871
743359595517445604
958361754781447831
268359895519729650
793102999690082838
24960647977916413
43561796103894750
628022502005750520
335595964389249488
465194113417838926
508248147064776270
755151201520910317
664109456548247033
407257459642409663
323280176856235759
150284114540458002
871315766188780621
199308301681912043
482372937149854986
726915643002141388
580211741799576695
678241963036927991
947339493862550432
862156707981875336
507205139644002885
14048506122127555
404714933130445015
229797601902104711
637857347540997403
507530562976891595
289508887256085781
150428678483886788
631863389931892413
708070347963012386
967903004691082006
256396168083229622
96954736739010749
85721046660711717
303805415839350815
666445089651143534
197053065085058770
642094627511454105
333880508975781745
936230243388943487
5583995011411275
567429704048032206
212720100326579995
104099850987678185
480492039299332527
878439900377054285
949617706442570930
712068375047422634
956758117035505483
190681380857525640
48084547720334426
344184539600619309
37132145506648539
610752554169469148
339785747160034247
828703487215916674
139701625916328190
252680997692700647
253893350035175515
935324192105782479
649514382196843470
880631083472194911
293299863506923867
135410093366508856
848518602619563051
773691128925518846
907063673577153305
726718350577961704
599263179135159844
387952057326582862
297478199736059965
521875308899538362
250927016795748962
355429360925965397
99453483940346876
651060480598329947
167229911834850223
739929656383059874
47785204626979183
424326215877336668
826663077193957606
49888921762141053
483801191314858882
394500771219900097
822360387577091484
648584659069369520
741177323502124900
146120817211463528
936514111960147608
837535194874029315
38297030948414393
454520434604642546
654764904336468063
923827170667352893
965329774922228794
896402530796690393
389596372204832289
838115393428452193
983466639250598660
271688743731618135
700497937007687578
593608443300281004
108585140963889691
250190693754217222
780140686570499753
394375081208318851
42820823875815288
360531228323667531
796323946995263388
58356110276569632
589583309253698270
608960949538429626
513075587996375555
651326118357172082
645564654918973283
398371146341506379
264968108598054260
666059365590486095
200885199619544213
526096698355699534
129501768950178319
802324281704282849
225216250838520795
240822685269789070
557380895644292591
82585681008233983
639477416901285192
51709607395441415
53299555516073234
428928213515518765
80131644438793208
534074833371488088
664588311141325890
637423393462355520
925140200669731533
198591810975970013
935025284556556223
310402698064400005
746978254976503546
757155421760706250
402330539307508928
39688648409728771
134337196984070176
829008176113147341
171550651620218517
42908851056608114
235271264129593517
663706463301656453
700658033543046299
811993309631723334
69966696691855401
669123065655650280
268673372807658820
747728712743103909
219843194725899520
165393017255015958
545833355357589047
160482743299139476
369293343338406771
291677652854302971
256938576246966825
314575049369308173
540436710545310664
705625252391981581
512605500064839243
840580881533497168
591501478138664777
683471258968138713
336864098856825944
575076223070042242
240511849622694840
280561383589977385
879324962364515010
576356324332256515
107617621959814264
495412512055317825
516705297165872017
658548870829684998
747481753772837136
460575638433945729
941485631666078737
723056558098462844
956982213419674934
62683304300781467
752319332937198786
693783430033010427
159494646298619561
994456274900545385
882533953860020587
173085906991363079
731856524946716126
901287555865706570
396168282141562338
170092910781621452
359331616367699980
695945282669590481
770566586697940355
588142558297322291
472047403460248845
274128047509495450
482439341578606756
311779928562224060
398653420663140111
388917043197841437
376618748422374249
511183588728345876
949123881640787250
256337039181588243
168576494903651634
148937954649564084
976778597341619150
314942688275573362
719220448274809071
34104188771750121
917348661071025780
597734529570470060
422169389179880228
251457552595846967
759946004148877196
82248950828926252
310976505965471093
747207791276972893
315044868173250205
128276061413381292
975919400093304286
337356865334423298
765474168012563338
215669593061705997
858668558269702494
273320809452234384
596697517103558283
351821935524587610
379504570372733987
462438599468751882
488139092277972253
80847517797897667
14859730134689334
530579782627608743
76881358909826793
447604755236416199
805258104362861815
94190455464067994
939533971982660217
210603787610976509
890823976524639890
912334903953530380
103471157420085011
881047841855121974
455904822482939913
9565407118283116
43996031180016707
167617908473265952
873285132341633688
432965518231837460
29262285564273005
168661203824497565
270528800398405679
79793007478911684
363348288068421604
190947760083631823
419584745077640029
337666309287611235
993237945561634667
510342876341140518
580606836417434357
445656538101138062
210539384925264369
565058826217502075
954202997197922537
867798742244232471
863737573512158134
728023758173028973
85586304967908431
785391208536049724
310636794587189026
863823000139580653
989067558220504716
145518095684613893
394183014583182279
363494834242786530
703094884101001298
597306364472087806
654773800770924433
184234847411683494
685860835464231979
193725049363472004
532124923000670004
803805420588722982
810674725255585718
749989112988896489
710269984629024229
27495937392697736
832382995916112571
497828169450745506
967526314652165081
227956327795056177
4873189840158965
444714449931604593
504184334490736728
743201906260135149
426769207580359550
199601575399803567
502489744047794395
661649965486089719
386824959261727533
638442828321422284
428805338818265101
385448350298893001
415328655409575135
521330763149486749
965458021076695365
276037374016491308
301301303423296515
691057718583629644
646990530650073847
214701479629186799
612673136461242461
296831770725816400
932319749031753173
472378585864491307
22195898717397819
830344337004378276
535398172609665078
442428315961778136
783664439627326416
185008106806187592
998364188723317987
727894529100496979
960178719821632575
271262492278241049
620062253153436269
101269860777732923
760607973824231868
925802029975326088
445312631740251675
500619411477369983
309214442249442595
206884235537156687
703422763566667117
793666141350693878
949317301277202552
111099597184097205
425858175084222866
906251402977664544
632344411781950912
122214716323320769
646904984334083813
150710577884387139
177865581444577182
681447321093401813
248606932293365511
208090161277124333
310231643748638249
687483436695058537
857429094148528281
697220639760872496
355424995980588865
426976496968133459
112994958347719071
712017241804276372
73443298729276636
426974777870143162
495091146042981307
731163685443029344
697705325781767229
633598291291742114
259713447198455160
129509209309881472
762738122144069295
442957885037622753
689329040551307784
970797508276736582
28198589215572047
553177940674302583
244109504553454687
196298052505567513
605106357325761500
419440287902688980
5740486114341735
606382747550964065
532159369252583360
53915783890396868
610858106682932427
878840440479382049
503283389040814927
966637419397344982
550284905256937693
213355489547522057
475997329413988410
812320672053161103
154922491615961646
299595483800612692
343487199905830211
26965354656862170
830736621166155789
995063108674965936
990007148254895653
