2499561
48260809
25180324
8767521
38900169
2393209
41306329
68062500
40780996
88566921
58201641
62188996
97259044
21557449
11256025
128164
81974916
797449
5080516
36409156
48902049
56040196
65367225
104060401
17397241
12229009
19377604
19053225
26594649
42458256
38130625
4809249
29539225
92968164
64240225
31136400
15178816
42523441
13191424
25796241
94984516
35414401
91623184
222784
329476
7458361
59613841
2056356
41139396
7006609
28111204
27123264
1932100
21427641
51466276
3960100
9941409
10278436
42994249
32993536
52432081
105740089
58690921
34058896
18809569
70476025
88021924
89605156
11458225
5546025
6677056
8579041
52301824
28047616
2073600
1776889
13184161
90801841
45724644
31741956
10355524
16573041
5750404
3305124
33884041
7480225
2340900
41744521
80982001
30536676
52027369
103754596
16016004
4532641
255025
37736449
7823209
52388644
28132416
2673225
53421481
42849
3920400
34892649
31460881
3265249
15848361
96100
10484644
1800964
100
57600
2122849
24542116
26112100
33616804
3556996
19600
18249984
55875625
247009
46444225
99840064
101103025
72795024
1263376
27888961
70997476
23902321
65885689
5184729
18318400
46253601
11215801
72114064
640000
22240656
2253001
1517824
20666116
32251041
56715961
31214569
19088161
16892100
33895684
9247681
104673361
443556
55517401
5041
5143824
54287424
66765241
71385601
20548089
695556
77898276
90345025
58844241
90668484
76545001
22410756
16160400
302500
14822500
99940009
30085225
4141225
80353296
74442384
73960000
87853129
48944016
20757136
350464
14356521
14976900
33454656
136161
95413824
13271449
46703556
2108304
1471369
29975625
881721
100040004
1306449
18198756
36578304
1085764
14884164
1
28654609
68525284
3381921
59151481
59120721
86620249
95902849
34327881
582169
113569
74149321
73650724
739600
28334329
82011136
80838081
106337344
102819600
56761156
3849444
69239041
101929216
410881
23561316
102758769
44502241
66585600
51840000
7845601
11262736
72709729
38266596
20295025
6340324
29648025
34456900
11675889
81938704
5253264
64705936
82369
39841344
70610409
26728900
2196324
35533521
72726784
91757241
364816
60109009
22648081
52272900
84456100
18662400
6760000
101566084
3247204
902500
60559524
616225
1493284
92236816
69923044
74597769
16679056
105226564
11135569
97535376
12559936
7452900
34987225
23853456
10316944
101787921
10738729
6350400
25654225
40018276
95335696
13060996
4481689
11553201
89699841
43705321
28037025
97219600
29052100
43125489
552049
101747569
2699449
119716
1628176
2286144
36312676
6061444
10791225
13118884
4545424
3538161
55800900
7840000
21418384
654481
2220100
3648100
62173225
21650409
48678529
10374841
18139081
38291344
101002500
64448784
1201216
11383876
23357889
37222201
87534736
1857769
67716441
77845329
12496225
87909376
72012196
86044176
1612900
5410276
73564929
7890481
99920016
1040400
32821441
1782225
42968025
92891044
14288400
21399876
6095961
21169201
51681721
50737129
204304
4519876
7856809
80174116
31304025
68923204
81595089
32764176
30891364
96530625
48818169
24373969
65270241
67881121
22972849
19793601
72931600
77827684
8514724
2280100
55249489
35307364
50651689
49603849
78747876
4609609
27185796
100520676
15784729
39866596
2890000
95481
786769
21501769
64080025
35856144
1132096
91527489
68574961
9241600
9048064
95160025
50282281
12383361
8265625
23174596
762129
80964004
64016001
13155129
1373584
4853209
1151329
80928016
31438449
91049764
77070841
4787344
891136
97344
15824484
99261369
300304
68194564
20079361
2223081
28622500
43349056
37210000
80089
21613201
13126129
98168464
92428996
11235904
29203216
51322896
96628900
75603025
71588521
7834401
105760656
44395569
18429849
31832164
6874884
15241216
29430625
7150276
76038400
36192256
15233409
44944
73342096
68773849
64850809
499849
7921
1567504
30276
70526404
12744900
1456849
44970436
50481025
90973444
48469444
40132225
48553024
61669609
105431824
427716
36216324
18335524
90421081
4717584
6046681
87025
49042009
477481
1157776
94245264
35545444
88153321
5531904
14447601
32421636
20394256
986049
66945124
4334724
30591961
32982049
45468049
3496900
929296
55935441
28665316
2719201
88604569
90725625
17205904
2598544
11122225
89113600
43494025
74632321
43612816
12404484
11162281
1000000
50922496
89340304
29669809
5175625
81793936
99700225
1595169
62204769
6110784
5841889
93702400
15792676
86452804
66161956
26563716
33074001
3598609
19009600
9566649
10608049
13024881
14070001
16120225
3853369
729316
12033961
14784025
18957316
93993025
36084049
976144
47997184
58583716
2835856
38937600
90193009
5541316
11410884
3193369
28601104
3441025
30880249
81072016
78943225
3189796
21473956
93412225
13046544
91809
38180041
57744801
44689225
14714896
70107129
72182016
105185536
51696100
48441600
37185604
59907600
44582329
100620961
80820100
4169764
30371121
54612100
54804409
53846244
7491169
30338064
3594816
103042801
85821696
18232900
2656900
51337225
89908324
13220496
52041796
101989801
370881
28515600
104980516
9235521
1461681
25664356
469225
419904
6325225
65173329
104939536
77316849
104329
426409
2022084
4280761
23030401
14212900
33443089
103449241
58155876
85784644
26388769
13468900
15054400
88981489
6651241
68508729
9
3564544
13660416
7080921
93026025
52475536
100681156
61402896
39450961
52461049
78411025
7772944
11209104
37112464
53802225
100741369
34164025
141376
16136289
94322944
3055504
39425841
99680256
42029289
8520561
92544400
24830289
38626225
6692569
19412836
11102224
1418481
26988025
50268100
45819361
32524209
43480836
527076
105513984
3481956
48972004
6180196
87516025
50808384
60996100
62110161
77422401
36457444
7918596
6477025
42211009
8643600
84621601
72403081
30758116
36566209
462400
84713616
105625
96471684
67502656
16200625
72522256
99002500
39112516
26522500
2380849
670761
15342889
1185921
216225
24098281
33547264
75047569
37002889
1974025
13432225
4605316
11792356
61183684
2268036
12538681
9809424
59351616
25452025
23912100
69973225
58277956
20493729
38950081
22934521
79602084
1238769
5837056
23280625
64032004
7322436
77668969
17405584
3936256
28224
23261329
83704201
26378496
9653449
40284409
13950225
15665764
2166784
3636649
1731856
5022081
75759616
48497296
14152644
25000000
315844
11957764
267289
3101121
68492176
82301184
74097664
179776
20557156
60202081
1988100
35010889
1387684
26275876
1440000
13490929
13410244
83868964
1697809
41409225
81649296
14273284
14160169
41499364
35569296
2033476
18258529
4198401
44342281
21335161
106090000
20313049
3964081
2102500
19044
37711881
20322064
20164
12061729
68973025
46226401
1096209
98010000
15657849
25633969
25775929
83174400
7645225
394384
101485476
4380649
570025
8071281
78004224
1784896
77686596
66830625
121
61496964
12100
60357361
18284176
50623225
1411344
10381284
2650384
73102500
19430464
31775769
5354596
51883209
4060225
43204329
57760000
28355625
57093136
87422500
34093921
34374769
46076944
2518569
78961
94458961
38601369
87347716
45369
39879225
1225
27867841
24275329
75951225
49182169
110889
51811204
59830225
35058241
6796449
49575681
25755625
466489
60031504
45549001
77841
49956624
58798224
21270544
12996025
42471289
86322681
25030009
2601769
571536
8649
46881409
6270016
55442916
32626944
36529936
6687396
22886656
15171025
105308644
77598481
2414916
4888521
27321529
54420129
69956496
25583364
34105600
49885969
26214400
13801225
68260644
88322404
6543364
2304324
21013056
89000356
368449
102576384
82355625
75307684
16056049
37773316
91910569
84681
70174129
62805625
42640900
61121124
6890625
357604
2322576
2116
54834025
5513104
15960025
33097009
1016064
5035536
46498761
27573001
17288964
33108516
33872400
63282025
37859409
1996569
47900241
56169
2160900
60093504
25281
106275481
4447881
74805201
100580841
52186176
98525476
75777025
1129969
30360100
478864
32809984
96393124
1695204
11236
5929225
27657081
44100
74183769
87291649
49674304
7463824
20620681
72233001
82609921
10817521
13505625
13890529
52983841
4618201
24970009
36168196
25351225
874225
18412681
41616
88078225
26132544
58537801
15760900
88830625
76877824
12215025
5130225
74857104
79941481
7579009
46362481
58752225
21316
51624225
73719396
3118756
23892544
86136961
24740676
9734400
10214416
98863249
14145121
73942801
97871449
50452609
21520321
98049604
4739329
30250000
77739489
52490025
31854736
13424896
74960964
3426201
25472209
8328996
91240704
133225
36844900
10942864
810000
51998521
23746129
24850225
41473600
4272489
105616729
2143296
92717641
95550625
4231249
53363025
29615364
49900096
38850289
72880369
81577024
28708164
90136036
39300361
42941809
7551504
2924100
53348416
15303744
8970025
84897796
10176100
39538944
1885129
56625625
81522841
83832336
52171729
2663424
51955264
103022500
10816
20958084
4941729
9954025
158404
21799561
767376
1651225
59892121
4322241
58564
82955664
22496049
94031809
36978561
94575625
11035684
13498276
33315984
8236900
45778756
85932900
33698025
28068804
9006001
1162084
64160100
40424164
72641529
90744676
16859236
375769
98505625
18275625
37945600
7371225
17825284
14424804
75359761
51294244
24324624
67782289
28561
8820900
25482304
30294016
6838225
39564100
19448100
10653696
105842944
186624
82192356
7214596
22562500
20967241
3721
2229049
58247424
116281
32330596
4648336
94187025
19545241
29484900
66292164
295936
74459641
2782224
17313921
45427600
27825625
73891216
8862529
76317696
83612736
63218401
298116
63808144
77123524
90003169
19342404
35450116
57881664
71673156
46949904
2624400
52070656
12873744
2524921
1920996
5900041
67914081
15358561
5112121
2550409
38502025
9517225
21464689
45981961
51984100
35772361
10562500
3481
93721761
68409441
62773929
34210801
32604100
20736
68310225
60949249
37197801
22297284
9928801
6400900
44129449
77721856
37527876
4133089
46294416
92160000
38738176
78304801
13616100
50523664
61873956
13286025
6426225
6115729
56295009
15147664
71368704
12852225
38340864
935089
50140561
11296321
96746896
13682601
51122500
29192409
28015849
83905600
37173409
4435236
34928100
18887716
96236100
6801664
8958049
8410000
8456464
50225569
4588164
10784656
11950849
29822521
78730129
17372224
102535876
9628609
108241
63441225
9066121
10000
83283876
33304441
401956
29929
18714276
92121604
47775744
86285521
81486729
18344089
638401
102394161
63107136
876096
4040100
12581209
43681
7667361
79334649
43917129
61811044
92698384
294849
8590761
90079081
5669161
26811684
16362025
22014864
64770304
65431921
56430144
76457536
440896
33466225
395641
6817321
4562496
28430224
18352656
3136441
78375609
40259025
98446084
12285025
3940225
3297856
2226064
52113961
9199089
43811161
42562576
53655625
46977316
95452900
8898289
78234025
485809
42016324
21279769
26081449
16670889
29419776
60233121
6822544
2265025
6210064
30503529
43784689
8300161
63123025
89889361
28547649
101828281
77792400
799236
29268100
13053769
1115136
64384576
7761796
4800481
425104
915849
45616516
50041476
5625
84364225
16621929
12974404
13586596
21307456
30713764
4678569
18464209
22829284
51179716
14814801
11923209
5329
7064964
142884
73856836
5400976
102400
13995081
44675856
74649600
17833729
5438224
14722569
61009
4186116
2295225
60264169
81703521
66536649
44249104
18088009
81848209
48427681
2096704
34351321
85636516
26553409
10517049
1849
74080449
87254281
7409284
1766241
58721569
30272004
68724100
2917264
101606400
72437121
7056
29888089
61089856
72420100
14592400
74701449
6375625
14493249
28026436
13912900
2067844
13987600
68013009
101243844
75064896
9610000
2458624
29560969
40360609
89965225
67617729
99082116
33350625
98287396
594441
34597924
17505856
30835809
87403801
5593225
17480761
10246401
9604
67815225
22391824
2301289
641601
68790436
30173049
4708900
101707225
7502121
43099225
89434849
95570176
3090564
15673681
4293184
1510441
22896225
176400
34386496
22325625
5442889
77862976
13329801
21864976
336400
6832996
20520900
15100996
3094081
25725184
63345681
78712384
1127844
11634921
57395776
756900
21483225
98743969
2025
74529
15366400
17338896
4906225
36433296
71318025
27447121
3261636
55145476
1106704
40170244
51365889
81432576
38750625
5089536
67141636
14341369
6105841
25806400
67256401
58614336
3337929
2105401
3690241
6466849
18037009
97772544
76176
57441241
42081169
6405961
54508689
93876721
46635241
1747684
82555396
5461569
743044
3508129
74511424
66373609
4068289
39175081
5784025
3900625
1329409
6791236
26050816
24186724
98188281
4968441
17023876
83631025
714025
40119556
30846916
63648484
17422276
173056
22202944
13512976
63728289
49252324
26842761
104366656
6948496
59845696
8667136
56791296
53699584
1261129
3348900
41075281
31843449
62047129
2992900
26625600
11703241
83411689
10227204
29582721
97022500
77018176
157609
41190724
97101316
66846976
1535121
908209
47524
11471769
2319529
100489
12588304
20647936
12489156
4761124
28408900
2722500
64272289
65577604
45914176
19811401
37429924
10093329
22819729
84676804
31945104
71723961
1247689
46212804
26936100
2601
6310144
10342656
589824
13225
26904969
15936064
11546404
81198121
17986081
6482116
23386896
98883136
18913801
19474569
1545049
89529444
35605089
23697424
16128256
1369
1882384
13483584
4422609
104019601
83356900
2873025
15007876
24561936
3104644
7706176
678976
7524049
37380996
1172889
46430596
32205625
60481729
1042441
62125924
51194025
64000000
38663524
8982009
1144900
39627025
535824
59768361
83722500
9821956
19509889
62615569
7789681
70056900
2442969
20286016
62995969
6937956
127449
57426084
2390116
2402500
553536
7717284
15108769
65286400
55323844
68293696
106151809
14707225
4368100
19918369
676
51279921
19722481
39690000
1669264
74132100
9443329
33281361
2640625
9474084
61418569
31158724
33907329
1203409
91259809
92486689
7569
45360225
32959081
6370576
2446096
32761
103815721
83046769
10797796
98089216
5616900
2013561
57259489
19740249
22591009
10876804
85192900
13205956
104960025
58140625
50822641
27815076
12027024
710649
2907025
281961
9333025
155236
27311076
50438404
58905625
20439441
228484
30448324
98386561
24137569
3034564
55428025
102799321
55368481
23474025
48246916
73290721
68541841
56535361
78552769
26440164
38229489
40271716
962361
5230369
17698849
83028544
737881
103327225
23512801
18156121
60388441
95707089
21902400
69438889
51451929
16793604
5958481
14577124
105698961
9859600
25421764
43138624
92736900
37161216
67010596
100320256
67519089
45144961
74787904
45603009
51136801
69789316
93624976
16818201
7584516
55666521
106069401
268324
4076361
17816841
33085504
6880129
41886784
95961616
10692900
18224361
70879561
61905424
94420089
78393316
33177600
25190361
48958009
22420225
75463969
70073641
14175225
71301136
62500
87778161
64818601
82773604
37625956
25260676
95101504
1420864
64577296
8791225
4704561
40896025
63616576
58400164
50424201
63600625
68989636
4665600
50552100
9162729
95316169
291600
22448644
101364624
831744
87216921
94109401
73547776
93219025
60808804
29931841
62001
52881984
7958041
61355889
64899136
47210641
8809024
4652649
6553600
17073424
30052324
8213956
40322500
17766225
528529
4950625
574564
19518724
90992521
16499844
1285956
79174404
31764496
16851025
50055625
10478169
34421689
47554816
85100625
100180081
958441
8922169
91412721
45859984
5331481
25897921
22071204
39325441
81757764
25502500
76003524
50893956
6697744
70207641
7795264
1048576
1577536
25959025
22500
8048569
7086244
96727225
93470224
32410249
37564641
29376400
49787136
67076100
83192641
84033889
1684804
12630916
64979721
76632516
46240000
18147600
44849809
69422224
1340964
10530025
938961
105390756
154449
2862864
72488196
98406400
2886601
4330561
3283344
6081156
14265729
102657424
66210769
23716900
42850116
1020100
145924
35868121
65141041
16426809
32924644
40475044
32558436
7474756
38651089
12222016
600625
522729
61889689
5678689
21669025
53275401
32400
326041
64995844
5924356
2181529
53114944
86378436
102880449
35700625
21780889
9272025
57592921
10445824
177241
72097081
93683041
64609444
8065600
89245809
1871424
12166144
1468944
43414921
7070281
27793984
4397409
770884
30547729
192721
52012944
3790809
1582564
11068929
18584721
121104
104346225
72829156
25240576
18071001
5470921
12859396
27699169
60062500
100761444
78659161
25542916
73633561
11229201
27290176
20539024
27931225
75076
8317456
4247721
62362609
53465344
47748100
28398241
3892729
100902025
14455204
624100
79709184
105987025
207936
30393169
25462116
1600225
801025
37136836
41370624
5396329
8254129
57032704
36445369
90706576
11478544
30118144
34609689
2869636
62346816
48762289
2553604
83448225
30239001
18939904
33535681
62694724
506944
9156676
64641600
97515625
72777961
81396484
71910400
27678121
99281296
10426441
1605289
4177936
13957696
7295401
100120036
83960569
73273600
54745201
15515721
2053489
31606884
73530625
30580900
12334144
67338436
622521
1540081
29550096
65593801
8242641
91853056
4528384
64513024
87104889
51351556
103652761
8684809
19201924
21977344
92332881
42055225
97456384
65820769
2082249
103408561
61168041
95863681
9585216
35343025
85377600
1838736
39992976
27227524
22467600
12787776
60078001
57942544
87272964
36060025
54582544
88491649
7392961
2050624
39501225
58644964
59923081
96040000
1671849
5793649
80766169
2193361
77774761
11276164
36180225
70627216
29257281
20784481
80245764
11799225
10883401
53231616
46580625
63266116
83010321
729
73441
184900
49350625
8340544
37124649
43560000
515524
7425625
42981136
34070569
38217124
49196196
59336209
52215076
14100025
8450649
94167616
44116164
49000000
42653961
62220544
13645636
3686400
1089
21594609
37994896
10169721
31069476
22705225
76737600
26822041
2343961
20484676
430336
1336336
32787076
8743849
3825936
21436900
15499969
20232004
8602489
8874441
717409
93257649
3515625
37761025
23931664
34904464
37589161
20358144
3572100
81812025
23011209
1452025
7263025
44715969
28270489
2062096
202500
18164644
32684089
43930384
14062500
20985561
38875225
3632836
19070689
96412761
47499664
65934400
74494161
17222500
26894596
7171684
27646564
14470416
75255625
55636681
64754209
19527561
79441569
97752769
1521
7333264
13690000
128881
6864400
44195904
10368400
8832784
17514225
288369
67765824
60840000
88868329
71774784
3504384
6656400
42588676
90782784
6071296
62900761
418609
98327056
37271025
45657049
51308569
3968064
21409129
14161
71808676
66113161
8346321
14107536
102981904
18225
48916036
23049601
14868736
89756676
105657841
41319184
15888196
92256025
6708100
78836641
101123136
9853321
73874025
49056016
29844369
103184964
9897316
66564
2948089
12694969
90916225
6235009
18207289
48860100
62331025
63552784
39162564
30647296
42928704
59197636
38638656
34152336
6895876
44555625
40347904
4223025
8369449
96079204
10297681
101304225
14807104
87329025
47306884
8755681
85008400
54199044
10857025
2588881
29713401
73462041
19624900
44796249
88623396
15468489
36264484
9461776
15217801
69572281
656100
80892036
19651489
16152361
17305600
41654116
1050625
60621796
27175369
83210884
21818241
2637376
20187049
27217089
99361024
19105641
40793769
19909444
15507844
10497600
4363921
1597696
514089
99321156
25816561
78481881
7963684
11580409
9541921
50765625
15023376
52925625
12425625
43375396
80604484
24980004
37699600
101586241
9634816
41203561
10614564
6594624
42758521
55100929
25938649
72675625
96098809
3912484
8702500
63075364
44756100
49378729
88059456
24226084
30603024
43046721
83265625
2399401
14776336
73984
384400
98565184
62141689
17884441
65108761
64963600
87984400
91489225
4761
101525776
1478656
18386944
919681
51165409
12531600
100500625
25050025
55995289
769129
21641104
14333796
784996
58081
4401604
26863489
4866436
53260804
59799289
31114084
51782416
65626201
5569600
2540836
5527201
70761744
59382436
2883204
94517284
12809241
12830724
450241
635209
4743684
206116
9759376
72216004
100600900
24571849
3873024
99201600
21077281
6265009
403225
38887696
60886809
57668836
4721929
63664441
69505569
77193796
17977600
39488656
28751044
103632400
19210689
31753225
24890121
27478564
343396
13242321
168921
42250000
10956100
221841
162409
72539289
683929
29626249
5313025
78127921
1447209
11451456
56927025
36784225
47665216
1014049
97160449
78110244
23270976
4048144
32649796
1507984
11895601
44622400
97574884
63202500
32547025
1149184
29138404
72352036
10627600
56340036
70677649
42575625
1234321
100160064
8904256
67453369
44089600
60715264
305809
45306361
14205361
15618304
29214025
92409769
102252544
13140625
102495376
67568400
13017664
1681
4515625
28933641
12173121
51051025
12996
37601424
22752900
327184
49589764
53246209
1425636
45900625
24700900
27889
630436
444889
4553956
212521
51236964
2547216
46335249
90117049
27762361
4124961
2371600
18627856
24990001
58599025
1774224
4774225
31719424
36469521
99480676
149769
9622404
78340201
62568100
2471184
25979409
34810000
44515584
18309841
22733824
65092624
91374481
37552384
1236544
93238336
5026564
97278769
4008004
10029889
708964
2411809
47761921
71216721
82737216
44462224
855625
276676
5267025
2768896
93354244
251001
22043025
63840100
17952169
8655364
549081
14661241
3286969
65561409
89586225
6579225
25715041
79834225
3663396
27164944
13307904
7268416
102272769
1026169
16654561
65529025
79085449
29019769
79156609
2163841
379456
43335889
55457809
34304449
59089969
24710841
78400
67420521
74545956
92813956
31326409
12902464
84787264
48664576
16443025
12013156
2298256
55204900
83978896
7496644
64931364
45670564
89264704
34269316
29735209
69696
29584
73051209
26739241
71622369
13697401
3125824
76440049
32001649
835396
50168889
68277169
29095236
64915249
31047184
3526884
16248961
5550736
97713225
15594601
61105489
96864964
36397089
51222649
59474944
9991921
11316496
78216336
63186601
17774656
79727041
26677225
15776784
49928356
92448225
49084036
38763076
18948609
62457409
13920361
5861241
22686169
61074225
76947984
1058841
11778624
26708224
77404804
74770609
2125764
74356129
82319329
1168561
14137600
96216481
57244356
103856481
10465225
70257924
22667121
97318225
36626704
72131049
37478884
40960000
30096196
6165289
17682025
69605649
99341089
720801
65999376
47196900
11662225
94303521
48846121
8543929
78145600
4901796
312481
60171049
100480576
2430481
3755844
31684
2819041
41280625
11812969
1476225
17842176
80389156
104468841
13249600
72148036
7139584
32535616
35796289
38353249
3108169
9784384
104530176
50625
2190400
41602500
933156
87759424
96707556
15280281
84143929
13897984
106048804
12737761
1032256
48288601
2128681
78464164
34222500
59985025
7144929
11840481
74476900
38452401
76860289
6041764
73513476
1907161
765625
27196225
70442449
180625
84198976
75272976
4431025
66618244
2047761
5098564
45927729
71436304
3682561
105083001
29877156
31360000
78180964
25300900
30305025
101203600
41912676
86062729
87459904
4182025
104714289
2729104
29062881
8219689
3250809
2930944
57153600
19166884
17589636
7750656
95844100
15912121
36929929
39917124
1819801
20133169
29528356
2572816
94478400
18421264
42693156
32216976
95004009
1943236
1868689
18438436
102030201
94070601
5812921
1481089
59721984
37015056
27102436
19324816
351649
9709456
94090000
29767936
22944100
87441201
55696
105493441
44262409
63457156
4813636
2798929
2515396
8988004
1428025
712336
50779876
14969161
27144100
100360324
87928129
28121809
27751824
85914361
29833444
11964681
41088100
148225
61324561
4748041
4173849
23001616
7562500
103510276
101465329
2630884
53993104
101626561
58568409
19571776
46689889
16990884
104325796
40487769
88887184
38328481
26543104
64192144
13227769
62536464
66797929
2954961
87385104
3932289
217156
106234249
3326976
1557504
15864289
78765625
1658944
45535504
21855625
84070561
100080016
14753281
16000000
54066609
46785600
7935489
6300100
34727449
106296100
103225600
58507201
40602384
76685049
412164
12313081
8649481
34821801
94711824
91891396
61544025
4426816
54922921
79995136
71048041
15896169
74943649
56550400
87815641
3076516
15476356
33246756
74978281
16008001
27846729
29387241
6017209
30747025
4726276
11424400
6889
16104169
23088025
126736
25280784
1361889
6395841
55071241
30813601
5180176
97969
33570436
105925264
196249
74011609
21724921
76265289
84860944
9972964
82391929
49364676
1320201
74304400
10837264
84732025
80460900
980100
76983076
69705801
94012416
21288996
2202256
65189476
5280804
473344
2256004
28504921
61559716
1267876
17181025
114244
21771556
52533504
92640625
3833764
87703225
38303721
4932841
978121
60497284
69755904
46036225
103897249
160000
348100
54213769
87647044
6002500
388129
60326289
50395801
13667809
7557001
13838400
47720464
24552025
4343056
96294969
3385600
43956900
9966649
2913849
22477081
4024036
15876
50495236
67240000
4622500
1679616
31248100
96275344
33373729
850084
93276964
16728100
39075001
27373824
636804
11710084
43270084
5134756
1550025
60516
103713856
18905104
4096576
49238289
33663204
734449
2184484
30625
22848400
4511376
80263681
85766121
76422564
12124324
42120100
20214016
339889
5764801
446224
18241441
63760225
11771761
95687524
42706225
74874409
12802084
94692361
3429904
15444900
8105409
104489284
43890625
188356
4214809
90440100
27237961
190096
80138304
2019241
63489024
16024009
10582009
20638849
90478144
76143076
57912100
6561
3356224
95726656
63138916
45064369
95374756
27941796
3059001
13039321
1183744
3583449
87497316
11055625
76230361
24354225
40157569
4104676
41486481
927369
73599241
28143025
71132356
14250625
21967969
47293129
3225616
67272804
7991929
91164304
92217609
2715904
25220484
57017601
1123600
7360369
23668225
95667961
70913241
28483569
43388569
39601849
32592681
41667025
558009
95121009
8910225
57168721
21696964
63059481
4892944
88435216
505521
79477225
26368225
591361
400689
49392784
320356
76405081
13630864
45589504
52157284
62964225
1006009
74390625
30658369
5938969
80442961
38044224
91317136
26091664
6195121
21196816
6558721
43507216
38576521
5040025
54760000
101022601
23232400
50993881
104509729
53963716
56115081
60124516
49688401
68823616
15405625
140625
21808900
8596624
3857296
98664489
35497764
90155025
102616900
39000025
35402500
60777616
93006736
2979076
23609881
50013184
40934404
6724
47844889
46895104
1067089
42771600
6630625
5875776
826281
82646281
3876961
74338884
94225849
94672900
66422500
3301489
97298496
7252249
28536964
5726449
97653924
43573201
56010256
72658576
73616400
9217296
11155600
38118276
18966025
61214976
28611801
47265625
74926336
83795716
69122596
103684
105165025
103144336
30514576
33166081
283024
99820081
178929
2016400
6682225
7767369
6150400
70224400
49308484
304704
79530724
5049009
55681444
10601536
289
64516
48344209
65772100
42289009
781456
47789569
33362176
4946176
7862416
105781225
677329
15547249
16402500
68591524
2149156
1156
58736896
10061584
256
66814276
32467204
1572516
28079401
21538881
28313041
68046001
3579664
62884900
84879369
90269001
26925721
98267569
101124
18576100
77616100
100260169
219024
19027044
6411024
2449225
32741284
77986561
35964009
9828225
5588496
13764100
9529569
9351364
46744569
23068809
74063236
49505296
57988225
12369289
90364036
92679129
32296489
66031876
85747600
1089936
8737936
75864100
290521
94864
246016
872356
34633225
134689
82373776
6522916
29909961
4494400
4477456
17598025
47541025
20250000
60047001
96687889
1406596
8614225
10394176
87310336
80030916
56445169
65853225
57972996
14876449
8392609
11350161
2334784
39740416
29116816
90954369
31629376
9771876
98307225
685584
67930564
36638809
41938576
20043529
3575881
12967201
3010225
319225
40576900
22657600
6056521
195364
24025
17455684
69355584
79192201
1423249
13373649
23716
26832400
74615044
15210000
54037201
83667609
76912900
1638400
529
17189316
13689
57820816
13638249
26687556
58859584
703921
67996516
58079641
31292836
6640929
89510521
190969
92083216
6702921
54952569
31911201
12552849
64112049
90649441
833569
55413136
8678916
17732521
2829124
258064
57304900
2866249
21141604
103673124
104611984
4359744
3613801
31651876
48372025
2604996
9801
20748025
5755201
2155024
385641
1054729
6241
39614436
1803649
4227136
1038361
66227044
55577025
27405225
67043344
54848836
70946929
94809169
100962304
37100281
36012001
34562641
41589601
106254864
2433600
1464100
17264025
5982916
62647225
150544
12236004
36252441
51022449
82246761
64304361
896809
81613156
28826161
35105625
87871876
85063729
15689521
1909924
63043600
47238129
30184036
2502724
42328036
2941225
3129361
10491121
13571856
45239076
1729225
1159929
52374169
25391521
42549529
4326400
35724529
34257609
63696361
3243601
5308416
22791076
89415936
12895281
48066489
13010449
79619929
245025
142129
11269449
85266756
47169424
13395600
35022724
82428241
16459249
5239521
39050001
3080025
28472896
90231001
27973521
7225
7317025
8128201
58491904
105472900
75498721
208849
3908529
11664
31058329
58706244
19219456
55815841
41525136
47403225
7059649
11303044
23687689
51538041
32913169
84548025
70291456
1380625
19131876
61465600
912025
32798529
12110400
1814409
13601344
56400100
24206400
82937449
1954404
42627841
18705625
37748736
2805625
21622500
15264649
32341969
64657681
1915456
54257956
579121
2788900
40729924
80712256
20848356
8398404
44235801
10042561
54700816
11916304
36144144
40513225
19456921
4020025
9211225
984064
23648769
41332041
35820225
61653904
59428681
7879249
461041
7628644
55741156
11607649
66243321
1036324
25600
136900
64048009
5776
57183844
46308025
6671889
79566400
3452164
38019556
9406489
71199844
2689600
86564416
42224004
78960996
95257600
25623844
35153041
99760144
11730625
69022864
42146064
14197824
18653761
68956416
166464
14531344
35117476
34433424
56972304
76177984
30283009
9278116
94439524
17740944
56070144
43264
3744225
47472100
77968900
1960000
20884900
8850625
1530169
13111641
14653584
51494976
20097289
48539089
31990336
2958400
26884225
7695076
54228496
1745041
102900736
56821444
23242041
306916
7054336
8288641
94264681
314721
19228225
70694464
106193025
31618129
19289664
78801129
67667076
55160329
1887876
3003289
62094400
40947201
9985600
66928761
99960004
29800681
21846276
44568976
8994001
54464400
2775556
67174416
87198244
91450969
42315025
22714756
26532801
50708641
69588964
66748900
41229241
2732409
3818116
3841600
82464561
22221796
47886400
20412324
3334276
40832100
45077796
77651344
7672900
38962564
3478225
79049881
52316289
19998784
54523456
56670784
24601600
4691556
84217329
301401
77810041
46908801
57410929
161604
57274624
14641
7529536
38415204
56957209
36917776
46144849
57851236
39012516
32035600
19963024
1827904
8844676
21224449
32160241
47089
11594025
26030404
20421361
47334400
32182929
1726596
74909025
2377764
17791524
37724164
6441444
4558225
1833316
66048129
89094721
65302561
37234404
77704225
5382400
28912129
4347225
784
37834801
484
675684
65788321
23658496
14737921
15421329
104898564
34245904
8726116
8191044
748225
34527376
47927929
44023225
102921025
72760900
30481441
88698724
98982601
58476609
9424900
100881936
100540729
3316041
23765625
69388900
78517321
30824704
10660225
18783556
96000804
17438976
20866624
15570916
29127609
11819844
9746884
5447556
100641024
35081929
63872064
6076225
102596641
79138816
84640000
23136100
97357689
32319225
3463321
32387481
27008809
9523396
105001009
1147041
103205281
86007076
48233025
3308761
65415744
5148361
1313316
14538969
3992004
63154809
732736
34012224
85264
69072721
17926756
97416900
80658361
3062500
85414564
35688676
36796356
49434961
33814225
19096900
20793600
19900521
23193856
56987401
76125625
101545929
90535225
18122049
5943844
51609856
2076481
57577744
13476241
76562500
4579600
33790969
82047364
44836416
19140625
952576
8139609
1716100
81884401
14326225
8561476
3229209
4695889
414736
35426304
36036009
14899600
1024144
12257001
3736489
43191184
287296
10949481
931225
34833604
23736384
22118209
36300625
96668224
26584336
87179569
16564900
34739236
69639025
10387729
3732624
27133681
63824121
5494336
8248384
31505769
68690944
79014321
61340224
23775376
25361296
9150625
74218225
14025025
16703569
59861169
28858384
2653641
3794704
3455881
6155361
49154121
19193161
2262016
71267364
54051904
28419561
33849124
20921476
20693401
74528689
6749604
15389929
28238596
97495876
44528929
103938025
44930209
21585316
187489
521284
52838361
34480384
46656
86601636
49098049
101143249
62410000
61199329
75082225
76370121
24383844
1690000
2996361
3136
99380961
15539364
2748964
33732864
77880625
5340721
2999824
51581124
94750756
31270464
51208336
4756761
23639044
81866304
1366561
33258289
11669056
49702500
13461561
82992100
407044
34680321
70543201
7447441
75916369
93644329
90516196
2205225
81225
90935296
58262689
1194649
79121025
49266361
30902481
36
83484769
644809
9114361
5503716
91604041
2712609
1034289
45711121
24088464
16273156
42341049
70930084
1968409
72965764
57805609
54789604
707281
18769
96353856
25270729
70408881
23707161
24820324
64288324
1065024
105904681
80856064
48177481
62916624
6528025
91584900
14984641
92044836
66275881
5555449
21261321
7279204
51394561
702244
30151081
14409616
40691641
20349121
59552089
4460544
10725625
40883236
4301476
92352100
49984900
35473936
51595489
23409
1442401
37908649
48594841
1375929
7091569
52345225
7851204
5257849
53290000
15069924
13875625
89946256
73770921
75116889
124609
35676729
1879641
61027344
80784144
49758916
68740681
8334769
75968656
86211225
13278736
10549504
5740816
38056561
1677025
16630084
86341264
13082689
7118224
85488516
27394756
86843761
879844
33756100
28366276
42068196
25826724
2812329
30074256
36542025
4490161
26718561
2534464
1602756
10778089
33744481
99420841
5475600
44435556
17867529
21003889
7311616
6610041
9891025
50353216
102212100
37246609
48080356
34409956
38700841
6360484
15085456
9597604
25020004
1207801
17547721
14676561
25492401
1630729
6775609
49406841
23367556
79905721
24216241
60699681
88003161
28196100
77457601
53824
54878464
27269284
502681
7590025
13579225
12006225
16112196
37075921
27994681
8156736
4923961
61701025
19598329
36240400
71284249
14243076
57836025
32046921
18671041
620944
69288976
64400625
940900
42810849
8696601
3041536
7941124
4848804
96452041
69039481
38167684
9696996
22638564
40704400
25573249
105103504
135424
19580625
104407524
37687321
52635025
32364721
26255376
242064
7354944
3400336
1865956
24940036
57456400
17969121
1656369
3956121
72505225
106378596
67864644
43243776
3139984
19669225
100000000
38787984
19945156
6295081
416025
16875664
4100625
4276624
104837121
5564881
24059025
45185284
16321600
36864
43151761
23040000
94965025
17464041
33918976
28302400
66049
17956
43850884
544644
15484225
55606849
10975969
42614784
10679824
93045316
4044121
37884025
58323769
33016516
6400
63297936
17489124
7546009
96157636
3459600
311364
632025
33767721
2408704
36614601
14122564
11861136
6589489
85507009
28227969
31877316
27436644
11992369
66096900
58553104
83466496
19175641
72250000
96510976
50680161
13786369
31371201
18020025
89019225
292681
9431041
34774609
5008644
923521
819025
543169
1844164
33558849
98366724
42510400
144400
3218436
11009124
12924025
35721
501264
1214404
70023424
7535025
85119076
85137529
3232804
63744256
11806096
35141184
1713481
1700416
105206049
1721344
80622441
87142225
36096064
95942025
52099524
68459076
84842521
17530969
508369
474721
13089924
83997225
28281124
89643024
28217344
39463524
69989956
23145721
806404
10336225
82664464
4355569
9535744
75986089
171396
32041
23059204
98903025
3568321
19936225
1822500
37258816
19263321
41925625
50865424
12131289
8497225
4149369
62504836
14010049
68657796
38416
358801
41447844
2822400
10640644
59969536
36650916
94284100
63776196
23338561
94249
99520576
34140649
81993025
18028516
17347225
12068676
85969984
40589641
3810304
3519376
31002624
12278016
24900100
7907344
50410000
2765569
3066001
48302500
4064256
7011904
467856
19971961
1946025
5574321
9025
6869641
68906601
22992025
74046025
4566769
75429225
50580544
59320804
14235529
32148900
26173456
3988009
12138256
94361796
7257636
34621456
77528025
49284
104878081
40678884
37027225
4028049
87572164
68178049
25918281
3489424
12264004
35617024
4161600
7722841
6765201
20766249
39087504
27730756
35462025
4524129
94653441
29289744
82944
6780816
484416
86025625
9345249
13845841
103489929
100801600
47527236
61481281
96721
18003049
82410084
75811849
1615441
1004004
84989961
26946481
13823524
2585664
22524516
55905529
45887076
266256
79637776
37650496
5322249
86992929
101062809
68840209
4870849
74407876
49140100
27688644
99620361
8473921
42263001
75446596
14130081
60590656
30228004
53042089
72914521
24255625
1483524
26915344
2325625
68359824
36893476
11902500
20205025
39816100
1073296
80120401
5419584
18636489
51076
76965529
8916196
11560000
14861025
17114769
66406201
5721664
6205081
11505664
85562500
12880921
14440000
37613689
46812964
11655396
30349081
92390544
38987536
64786401
1648656
606841
50098084
6170256
19686969
115600
16
1985281
81000000
37638225
6421156
61293241
53597041
27741289
53978409
30470400
844561
41679936
66994225
99400900
29855296
7290000
17581249
2666689
20124196
13719616
23872996
46963609
39204
19280881
75151561
93547584
11363641
8173881
55234624
900
17172736
3952144
50310649
400
72897444
46485124
39287824
94887081
6718464
47679025
29300569
23104
363609
1498176
8179600
26471025
44823025
41563809
619369
44635761
6985449
103795344
2512225
64480900
97673689
5433561
4468996
16810000
9375844
11195716
46063369
50594769
1192464
36869184
67354849
45765225
92929600
3640464
46104100
11539609
5053504
38551681
52940176
961
9865881
91795561
3415104
39589264
19731364
26998416
38093584
3204100
35916049
31922500
72369049
24790441
1110916
18757561
91508356
25431849
79299025
43586404
58415449
13927824
64545156
49716601
26656569
15840400
27092025
12981609
72301009
38862756
3168400
5166529
512656
272484
79548561
93663684
15555136
5640625
31259281
227529
25877569
1792921
50069776
5963364
68707521
10634121
88585744
77105961
3884841
59028489
10439361
74753316
54375876
33860761
32058244
59059225
6568969
24314761
79103236
1140624
47568609
97140736
99880036
3378244
16475481
7661824
76282756
2274064
61779600
75238276
16826404
98922916
33269824
16711744
26122321
366025
1575025
97377424
2669956
63712324
33942276
2486929
9960336
46758244
9326916
26357956
44863204
69056100
37871716
15288100
5067001
3553225
62062884
23503104
105062500
71757841
41835024
93818596
25130169
10036224
45751696
32376100
42003361
73324969
5953600
19465744
21252100
5621641
91565761
67289209
52852900
23309584
44916804
12103441
23970816
89813529
43692100
28965924
1466521
261121
104448400
70090384
35940025
66015625
84327489
105637284
48888064
1764
12082576
80048809
14791716
41809156
114921
93315600
2634129
74891716
23328900
91546624
31888609
3020644
54626881
8357881
47596201
67897600
201601
35832196
608400
4857616
34339600
7166329
33593616
53728900
72624484
72284004
11512449
87890625
32581264
3330625
70341769
40819321
41126569
5731236
98227921
17380561
3775249
546121
1830609
40666129
67980025
70795396
13756681
29506624
10201636
32936121
89870400
15350724
4016016
5466244
47361924
561001
69305625
61685316
4096
20331081
93103201
693889
8503056
17909824
38155329
66732561
9012004
67749361
3474496
4601025
793881
2903616
80299521
59814756
65545216
14077504
56220004
31281649
1170724
59521225
74321641
509796
75585636
4875264
22353984
1352569
48511225
29224836
37332100
2647129
422500
3587236
35748441
33223696
57486724
4405801
89075844
37454400
2702736
37896336
57289761
9174841
70375321
73136704
308025
8020224
14485636
96432400
30625156
12652249
12355225
57729604
95804944
324
4995225
2745649
53173264
92987449
9641025
52287361
94906564
29343889
2972176
34468641
1240996
77580864
75742209
1142761
73153809
36228361
5326864
21678336
10588516
66194496
80946009
7689529
40857664
85988529
86434209
792100
27804529
99860049
93199716
2208196
97594641
86806489
18472804
6355441
25010001
38514436
20169081
10712529
22581504
52722121
15586704
1449616
11764900
72573361
72743841
47983329
556516
102941316
3728761
75625
99022401
82901025
86397025
498436
23785129
31147561
46172025
99141849
92833225
22600516
18826921
841
23522500
45265984
99241444
1948816
7733961
63329764
19114384
29637136
64176121
93334921
75846681
46416969
30327049
86769225
9672100
602176
16941456
2464900
60000516
6943225
1311025
1750329
2982529
16801801
93586276
921600
34117281
828100
16080100
417316
24413481
34999056
8964036
1520289
28323684
85229824
3523129
72335025
14379264
41977441
1525225
46936201
6140484
38526849
67305616
4502884
94148209
8433216
16257024
17875984
60295225
31787044
35988001
10407076
7756225
28793956
19607184
18369796
10156969
65755881
91431844
65723449
71554681
92621376
1288225
15311569
12888100
31640625
38825361
42133081
56415121
46607929
4990756
66879684
66961489
70241161
42436
71149225
98485776
15976009
16900321
3814209
37039396
54756
98644624
95355225
11833600
25150225
47389456
248004
65901924
8976016
4072324
18922500
3418801
22259524
236196
42797764
87123556
8485569
24423364
84419344
78021889
33686416
10804369
48986001
40449600
58874929
63984001
76772644
3363556
76597504
4782969
8708401
58064400
82537225
38688400
1196836
4120900
156025
1117249
55756089
1218816
9180900
10284849
8928144
18045504
39929761
494209
87366409
102111025
82973881
12602500
16842816
66455104
18130564
78907689
96020401
22108804
26749584
66389904
34762816
102677689
12759184
73170916
50339025
26780625
86899684
101263969
7745089
74200996
2137444
917764
197136
54908100
3844
73119601
101909025
22005481
22137025
405769
92871769
103978809
633616
10903204
3545689
25371369
11498881
5234944
118336
14478025
28090000
32433025
6901129
48413764
61716736
62821476
12475024
16467364
76387600
76702564
88247236
90611361
105124009
5363856
1512900
80407089
5631129
64722025
1315609
35129329
34199104
26569
2387025
3896676
10923025
48205249
46267204
99161764
103083409
102171664
75672601
30869136
11628100
17081689
18326961
24029604
5107600
67223601
10452289
6953769
52200625
5294601
26501904
15031129
525625
45387169
36100
30316036
36905625
988036
89226916
303601
55711296
79067664
33709636
21353641
69856164
3240000
55338721
5161984
21986721
12988816
20277009
54184321
48776256
66520336
5880625
27468081
59567524
900601
79780624
10969344
12117361
46648900
88755241
58293225
106357969
92852496
1710864
14554225
2010724
2579236
58384881
74028816
4012009
1292769
81468676
1413721
3161284
95238081
105329169
29408929
688900
23980609
5683456
33419961
18173169
31169889
361201
19838116
3530641
57214096
10647169
4631104
46854025
60466176
45279441
63504
39601
97555129
5058001
102353689
595984
3798601
86155524
429025
12544
75342400
9357481
87590881
10543009
39262756
53860921
56160036
751689
65157184
12054784
33143049
23882769
21609
1752976
73685056
76090729
53890281
29691601
79816356
52794756
43718544
15186609
198916
1537600
1787569
79744900
105719524
8838729
63584676
66552964
21939856
25
2500
59397849
78198649
28740321
79281216
20738916
35509681
60637369
6225025
22610025
17522596
70006689
9647236
22061809
4056196
20034576
33674809
62837329
69655716
74235456
33327529
59706529
11431161
37344321
13446889
88454025
47375689
28955161
43665664
70756
90897156
38912644
30217009
8025889
58982400
16216729
10195249
14953689
2595321
4549689
90878089
39312900
487204
82810000
20511841
89832484
60762025
41641209
31573161
82719025
100400400
1874161
48316401
51912025
56595529
100701225
6563844
1760929
10074276
1734489
85322169
25170289
97239321
130321
43731769
2474329
97792321
52519009
51739249
851929
2307361
52504516
1755625
29757025
27060804
4796100
41822089
4260096
38564100
2289169
21734244
16281225
64352484
68558400
88811776
13235044
6305121
51753636
52867441
52809289
250000
61842496
15602500
196
88774084
102454884
102515625
28900
70845889
2676496
15397776
568516
5004169
25836889
6927424
12292036
51008164
60341824
19882681
65011969
889249
67322025
18852964
24522304
104550625
61504
57714409
75203584
24472809
28451556
6380676
42107121
1181569
6492304
86192656
100300225
55502500
274576
6240004
46457856
1742400
14311089
8773444
65448100
25250625
48622729
4752400
78623689
89472681
36954241
89491600
45995524
69139225
64464841
3671056
27836176
78570496
75829264
32947600
5221225
39037504
53436100
44422225
25908100
8404201
10304100
40998409
35354916
38588944
62789776
4309776
11088900
61999876
8620096
239121
43652449
6012304
45346756
824464
131769
48734361
103388224
3485689
43520409
20088324
92064025
7507600
8625969
597529
122500
41216400
10810944
13366336
3880900
1836025
8714304
56130064
29170801
67436944
15944049
16581184
2802276
12680721
69472225
43007364
34234201
85155984
53085796
5480281
12938409
28772496
29746116
37283236
70190884
44076321
55026724
3806401
76352644
53479969
86713344
1505529
44662489
85248289
19864849
89359209
88360000
2172676
10989225
79405921
20142144
15713296
47141956
44782864
21233664
34082244
102860164
7246864
23677956
26234884
2762244
864900
103591684
48052624
52678564
22268961
49871844
102292996
22080601
8054244
2209
24840256
101384761
11868025
11444689
2042041
88962624
29322225
53640976
126025
53406864
209764
63250209
5373124
14684224
14546596
78428736
94556176
8892324
25674489
3323329
16394401
2951524
40398736
15768841
15808576
3701776
21687649
667489
1739761
21874329
69222400
337561
5602689
98624761
1444
19404025
57623281
4498641
10609
2090916
28976689
28718881
5076009
14190289
36024004
45050944
1108809
564001
72607441
33431524
14400
72063121
34869025
29398084
62473216
36000000
4791721
102475129
80586529
63409369
11343424
8363664
102070609
309136
7540516
84382596
3157729
95785369
58997761
27552001
20820969
24433249
974169
22193521
59043856
2569609
15256836
77387209
5992704
45576001
73307844
6533136
37822500
64096036
90820900
60512841
6385729
82083600
147456
25735329
28259856
14730244
25381444
66357316
39942400
43599609
1008016
65334889
28174864
45873529
1092025
60793209
59644729
106131204
94633984
68624656
59737441
31393609
2852721
17280649
20711601
39400729
8690704
24860196
23843689
83594449
46225
40411449
32855824
86676100
259081
12453841
27071209
2111209
24880144
32706961
14402025
48580900
9803161
2199289
48720400
10536516
54774801
5285401
69455556
12909649
95746225
105411289
441
10144225
44876601
14303524
41383489
14699556
10719076
11082241
68475625
3493161
105452361
63680400
19616041
1331716
1408969
11978521
970225
57108249
45495025
85525504
1982464
48692484
2531281
8803089
61434244
82137969
72812089
58232161
17430625
18835600
42094144
3143529
21316689
57229225
94128804
183184
15649936
9815689
34187409
14884
91145209
19589476
88115769
1653796
2244004
23290276
576
22553001
1990921
13402921
36132121
27772900
100140049
24661156
5216656
36072036
87665769
51065316
98803600
62583921
27910089
2490084
391876
15952036
42680089
2079364
55771024
36048016
22857961
61638201
6848689
4129024
4999696
6461764
6574096
84272400
26977636
40844881
32239684
57927321
72846225
13535041
10870209
100942209
9096256
398161
78978769
1971216
31024900
98843364
62869041
71825625
3448449
17539344
2778889
101223721
2283121
28987456
4243600
25522704
1083681
538756
8421604
87834384
30019441
16184529
14830201
1798281
67650625
3411409
32478601
84125584
6853924
25090081
91699776
2277081
25411681
52765696
3268864
77369616
95628841
36747844
145161
71031184
3625216
19891600
25110121
45562500
1893376
34786404
15116544
22382361
24964
27457600
184041
7027801
4700224
4835601
13104400
1324801
54081316
10413529
83137924
19829209
108900
18619225
40246336
480249
13097161
9847044
49857721
51151104
14992384
342225
23020804
4644025
13808656
94926049
103917636
6487209
9000000
26296384
996004
82700836
38477209
83887281
91202500
53626329
8673025
47073321
57121
1062961
57684025
4831204
78322500
11847364
83942244
75168900
2686321
354025
96177249
9498724
24532209
38800441
22800625
35200489
74718736
2178576
72318016
760384
14092516
53027524
58782889
9922500
12666481
22439169
3541924
5489649
40462321
534361
70896400
48191364
4840000
71944324
31933801
97990201
38427601
91680625
13351716
68121
27081616
5125696
43401744
76720081
67848169
91470096
54819216
1190281
3374569
12446784
22534009
32273761
14220441
2005056
51523684
8231161
22801
105370225
12040900
277729
8271376
84566416
56190016
4206601
310249
62726400
46539684
1075369
17297281
16176484
592900
10936249
49280400
12709225
36881329
76160529
2493241
1010025
82864609
21455424
10916416
18515809
4541161
16353936
1265625
15642025
38440000
89718784
12616704
87011584
15460624
30724849
79370281
48483369
104427961
2131600
17056900
898704
27510025
32695524
100982401
100240144
59305401
31329
97199881
14930496
41165056
7177041
16168441
16924996
34857216
9418761
78269409
17230801
20775364
15578809
47416996
89851441
7778521
32970564
23454649
47610000
156816
2480625
1338649
49028004
3928324
67600
102738496
39753025
68939809
9765625
83083225
12089529
11437924
61795321
2876416
1795600
30195025
753424
9120400
53158681
28100601
83521321
95824521
9728161
90554256
103876864
95648400
13454224
62980096
83064996
13256881
40806544
33721249
42276004
1758276
65205625
32672656
4639716
35485849
1923769
45319824
45171841
104223681
8836
42406144
111556
84916225
52780225
9108324
34023889
11397376
80640400
5336100
7744
10106041
31899904
12952801
105247081
2735716
25120144
26967249
81450625
93896100
5707321
36675136
1623076
423801
4112784
35892081
6969600
3214849
92505924
19713600
361
86229796
674041
7969329
9715689
106172416
16613776
2030625
75707401
26759929
5085025
18610596
95589729
29942784
17048641
5094049
49561600
57471561
93915481
22486564
21372129
1359556
1515361
75012921
7980625
409600
4004001
87616
17892900
541696
5909761
7344100
9740641
11075584
16072081
15492096
72999936
6451600
34445161
2742336
62267881
65399569
10432900
44983849
14607684
788544
21752896
92275236
23348224
76615009
4080400
4313929
65254084
1254400
585225
163216
79959364
1500625
23590449
54316900
5508409
96589584
22867524
46799281
5368489
103306896
54567769
7160976
75724804
29452329
25563136
7241481
774400
33825856
17123044
8088336
722500
67404100
17156164
29986576
27154521
5866084
42354064
11015761
38675961
87628321
66438801
31685641
87796900
8946081
58522500
5673924
1849600
36517849
26801329
19123129
56520324
36857041
8168164
396900
41990400
13147876
28697449
14417209
6906384
19554084
77352025
79227801
2405601
8526400
89283601
795664
14280841
75898944
36481
28890625
67026969
46553329
10150596
10962721
11002489
97891236
5345344
44729344
4661281
101284096
10310521
11785489
16337764
72267001
12769
5798464
129600
70040161
23990404
10055241
82828201
25331089
107584
2537649
27300625
386884
67831696
8464
1473796
13593969
60186564
6615184
35271721
83302129
4443664
4410000
913936
29997529
7306209
44408896
13068225
92006464
62252100
3861225
1555009
5716881
101324356
61449921
20903184
6885376
9168784
45373696
45198729
98763844
20403289
11519236
12075625
71537764
13527684
5774409
8294400
9042049
44382244
44302336
504100
23203489
73908409
43217476
81540900
74563225
1256641
76212900
456976
18507204
21206025
72165025
11532816
17007376
50979600
54641664
14386849
28847641
5626384
18079504
7420176
13741849
12432676
3290596
54096025
36759969
1562500
66080641
63361600
2271049
40081561
32752729
75933796
434281
3980025
41254929
6345361
17214201
3976036
33837489
37405456
19351201
74822500
68244121
182329
15015625
1687401
10471696
6031936
9878449
101848464
82337476
2683044
15429184
42915601
5536609
52056225
102050404
7986276
3147076
3721041
3045025
39275289
14508481
7219969
278784
1863225
894916
35521600
60140025
8277129
3073009
57047809
495616
18870336
88190881
32398864
9486400
4507129
1399489
19927296
75481344
54449641
34398225
47004736
17673616
2356225
39727809
81721600
104652900
5560164
102373924
2350089
5997601
65480464
77933584
6330256
19333609
20016676
63504961
58767556
2845969
16386304
32012964
12208036
10705984
39513796
78694641
39664804
41049649
19802500
41357761
61763881
35259844
1560001
12250000
8444836
20376196
5712100
36699364
48790225
20025625
67551961
103958416
6932689
49815364
45333289
1912689
88529281
293764
26853124
89680900
95491984
21511044
105555076
88906041
5193841
13734436
46185616
9084196
69939769
63632529
40297104
96648561
15046641
40742689
11621281
1272384
50951044
30008484
12243001
59105344
3024121
86359849
8208225
14055001
144
71182969
53377636
18748900
38031889
77545636
71707024
14348944
42432196
106007616
92467456
63936016
76650025
808201
96609241
12439729
55726225
32069569
49646116
40208281
29030544
19980900
70392100
237169
1646089
102090816
43178041
5522500
2238016
80156209
58430736
1394761
30437289
8100
92025649
90383049
70980625
81270225
43283241
66716224
16378209
7075600
8094025
54272689
39388176
6599761
82919236
27415696
43020481
18931201
7182400
34845409
60310756
17556100
42185025
21362884
95472441
44009956
69622336
390625
18498601
17197609
2036329
104755225
85285225
8225424
37785609
1527696
46676224
44809636
28206721
9409
8785296
2424249
14047504
63568729
11449
90687529
603729
27279729
18215824
20007729
67469796
42536484
7155625
43441281
14668900
284089
11751184
7187761
15382084
84953089
15737089
21040569
77141089
67387681
3944196
6066369
43678881
38775529
20811844
38192400
97081609
45941284
231361
7107556
3948169
220900
2896804
23551609
92294449
7806436
17355556
29920900
73068304
27489049
345744
59243809
540225
93141801
10419984
97930816
92794689
32490000
53450721
103836100
6728836
5914624
91107025
24336
39137536
47100769
13439556
3294225
17707264
37088100
8661249
68343289
12716356
9616201
82065481
5276209
49014001
94789696
116964
1926544
2910436
26460736
13176900
4981824
18533025
97476129
47155689
77440000
88209664
98426241
4713241
8323225
34880836
47637604
93760489
7912969
1252161
7606564
8826841
67947049
72361
143641
4414201
55041561
78163281
164025
74580496
16646400
76195441
44289025
1570009
19989841
31967716
813604
11888704
7398400
16982641
6285049
5808100
12020089
53670276
98724096
14040009
58339044
31315216
842724
16418704
17330569
34503876
5692996
74995600
253009
93973636
63473089
17322244
104976
76825225
81090025
4000000
38007225
84658401
4963984
1703025
613089
59876644
14853316
24453025
436921
80066704
25867396
322624
7678441
87721956
84100
14768649
80425024
5579044
68442529
164836
8282884
2169729
10137856
413449
62489025
71334916
57380625
4624
84934656
55011889
10023556
45158400
38365636
50239744
23299929
4084441
48094225
21086464
1617984
43546801
21958596
31125241
5405625
32307856
8508889
1258884
138384
4844401
11148921
12390400
14799409
7518564
47279376
32103556
53611684
90326016
35331136
22838841
318096
81234169
70644025
51437584
64128064
15745024
90402064
46090521
39250225
43837641
65836996
194481
5290000
13264164
27556
57365476
94867600
3364
8099716
32285124
4959529
34515625
30969225
78092569
52649536
7436529
70358544
8880400
56250000
40538689
53949025
102151449
1249924
12816400
41628304
71166096
48038761
53582400
69538921
83557881
105966436
17388900
84162276
1790244
229441
82482724
41731600
13623481
1081600
241081
33489
17472400
264196
4356
21215236
32615521
63904036
49491225
78605956
67798756
54154881
518400
3667225
12047841
55472704
52664049
38068900
451584
16933225
31080625
1532644
17994564
152881
93934864
1620529
90250000
85026841
73925604
48841
92525161
9138529
54405376
52330756
10758400
146689
50211396
3759721
15832441
700569
19421649
49843600
3179089
100861849
54110736
1138489
56055169
45832900
4108729
3748096
5202961
81739681
81685444
102434641
132496
48930025
26327161
7656289
1012036
54479161
56640676
54140164
89170249
4977361
16048036
93373569
30702681
44609041
11573604
33524100
104734756
2521744
15968016
31192225
49773025
12609601
16032016
37442161
956484
82101721
86583025
25401600
13771521
93450889
24770529
25765776
2368521
51638596
68095504
2002225
18558864
18541636
17131321
29571844
20367169
49
244036
5387041
44903401
79852096
30958096
47018449
89567296
41036836
45037521
7338681
1607824
59413264
41267776
23415921
1297321
6959044
62157456
777924
7924225
20304036
77951241
25644096
1495729
50253921
1635841
7739524
15816529
11696400
34692100
193600
19307236
54997056
21132409
90288004
68161536
23155344
103103716
67535524
53509225
20430400
91183401
80874049
10458756
38390416
84529636
1290496
83101456
1580049
101425041
32092225
22458121
21893041
23600164
609961
21325924
7273809
316969
79032100
41538025
313600
367236
3829849
55294096
10131489
43983424
80084601
4583881
56385081
49168144
21790224
84971524
40144896
38539264
1768900
19272100
12397441
22743361
71289
85581001
1136356
50851161
35628961
46117681
46199209
804609
18378369
87048900
18490000
14945956
42876304
2965284
511225
3724900
25603600
3467044
11048976
78446449
12623809
857476
68873401
21114025
27899524
48804196
83229129
78783376
12730624
992016
73444900
30669444
43086096
1503076
28344976
93064609
17413929
62299449
12659364
77563249
65536
28494244
89321401
2815684
6027025
8381025
13793796
22676644
1674436
64009
51251281
21242881
12271009
16305444
381924
45643536
41344900
1490841
39413284
64738116
185761
103734225
1904400
2039184
13778944
705600
94595076
65512836
226576
43033600
104693824
61528336
13980121
66667225
88736400
20566225
79869969
3175524
20839225
71351809
10400625
26142769
87946884
28836900
48024900
44448889
23824161
65028096
20070400
27531009
47858724
39853969
27384289
69255684
54243225
4765489
45024100
3916441
649636
89984196
62599744
203401
3617604
28761769
21187609
21058921
88717561
628849
1708249
86174089
13344409
57138481
19501056
9504889
399424
24196561
16556761
3500641
70812225
72692676
87965641
438244
5317636
47045881
102010000
263169
19954089
69722500
369664
64256256
1901641
6843456
77211369
1188100
34668544
66569281
3200521
7612081
78676900
16548624
72900
34715664
10686361
18550249
22099401
11881
1965604
40717161
32353344
54863649
40056241
34951744
95394289
76492516
1918225
104571076
72863296
26245129
58110129
46022656
34128964
57608100
47251876
10112400
73427761
7485696
54730404
30913600
80335369
61984129
14922769
175561
62315236
5303809
9947716
7387524
20994724
48525156
15139881
103347556
11189025
24019801
5978025
19298449
67486225
96059601
55225
47114496
73479184
92313664
4575321
33512521
97831881
476100
50637456
6911641
6734025
3972049
11182336
71014329
870489
105534529
1347921
346921
1295044
15610401
5904900
22695696
17447329
16999129
12638025
21548164
96550276
90307009
23251684
27426169
643204
289444
71098624
14961424
9193024
2119936
46526041
31427236
5612161
3031081
43072969
95043001
1454436
13712209
17614809
79798489
92179201
61387225
25999801
13003236
37368769
51509329
33396841
91661476
7700625
299209
23319241
11682724
104121616
24482704
19035769
19360000
46771921
10909809
97180164
652864
3629025
69672409
96569929
56911936
20611600
44049769
44063044
6130576
3083536
24512401
46049796
80209936
97693456
47734281
20151121
63425296
54715609
2427364
4116841
2362369
28462225
30791401
54007801
3771364
50112241
2528100
7952400
73788100
41011216
50566321
10252804
50751376
10830681
51724864
16232841
189225
83393424
66650896
112896
46621584
75099556
90859024
36711481
17424
92775424
81126049
50296464
56025225
18974736
15705369
59954049
15752961
46348864
1334025
56896849
30935844
4218916
4372281
16540489
10699441
53217025
25310961
8076964
75516100
65496649
43428100
93741124
4
36990724
15437041
37662769
1771561
9308601
23435281
389376
68890000
9437184
75030244
75794436
16908544
9400356
7382089
70123876
3013696
5157441
44475561
70324996
96138025
21706281
30691600
51380224
67601284
90839961
74666881
1404225
32890225
64496961
3038049
16695396
32512804
3602404
1416100
71503936
82029249
35390601
70157376
85045284
68211081
2696164
44355600
37466641
18688329
93954249
24147396
9078169
46009089
13653025
39187600
2059225
28783225
68079001
4137156
38142976
2152089
69872881
9054081
58890276
99062209
83338641
5212089
22963264
153664
45292900
529984
2934369
82500889
3751969
4986289
105042001
89132481
10188864
60279696
9102289
169
36772096
37920964
8868484
66912400
7601049
28998225
74425129
16687225
51825601
17065161
37417689
16638241
53304601
9455625
9381969
34000561
178084
36324729
47348161
41242084
4289041
56685841
38378025
9449476
9072144
91718929
15124321
42025
811801
537289
79655625
3717184
94731289
3659569
2304
137641
37319881
11309769
22924944
3407716
20340100
66487716
100781521
95511529
7431076
17918289
18879025
3651921
38837824
14432401
1547536
23726641
9579025
20196036
4919524
331776
57562569
2772225
5583769
54493924
95023504
5973136
24285184
60933636
66504025
3017169
10182481
47969476
51552400
94614529
78925456
49294441
2758921
99440784
698896
61952641
12096484
125316
24068836
42667024
48874081
101949409
16883881
9554281
48163600
101505625
59213025
101888836
29778849
421201
265225
33189121
16483600
61136761
55845729
81342361
5207524
10010896
21095649
74287161
74114881
6160324
98545329
82283041
27562500
92948881
60575089
78889924
2582449
16410601
97397161
90459121
44542276
25969216
102839881
13542400
1216609
4384836
731025
5846724
91087936
665856
39828721
15077689
47831056
47941776
3150625
7901721
1976836
22429696
39025009
10850436
54686025
12845056
4194304
8415801
1071225
54434884
6456681
11356900
64561225
2916
43824400
45010681
16916769
33930625
53934336
1542564
4297329
9840769
3549456
1087849
9259849
5071504
64336441
65124900
990025
69189124
27583504
41024025
44890000
93180409
54331641
25887744
8202496
65610000
84309124
25928464
846400
18404100
7650756
30041361
95199049
3404025
280900
25100100
33062500
14907321
25512601
71402500
77246521
887364
53129521
39212644
15920100
26347689
776161
93161104
10208025
3276100
96825600
78854400
21743569
87609600
6220036
56565441
42497361
57532225
1841449
5650129
100922116
1522756
60372900
31404816
26615281
11202409
24000201
92198404
2785561
97950609
904401
1044484
10361961
52751169
24870169
16736281
355216
56610576
27604516
13133376
8003241
22629049
52258441
40908816
17901361
5152900
42445225
7038409
27040000
4536900
11744329
23464336
61732449
24403600
4897369
92582884
68326756
393129
22543504
18447025
39337984
67732900
100380361
58186384
2704
53100369
2709316
27258841
84254041
19678096
49477156
43758225
1350244
77757124
58094884
3837681
6827769
82174225
1940449
75637809
41899729
200704
5225796
29866225
62631396
19784704
2211169
77035729
101183481
85710564
28249225
6280036
67108864
103245921
41692849
2968729
11417641
36820624
93566929
5017600
24393721
68757264
20449
29246464
9560464
14394436
8082649
86508601
36687249
4264225
4730625
1153476
23629321
815409
60871204
8491396
40500496
35070084
106276
25321024
14032516
83777409
32137561
33028009
102697956
13727025
17799961
82519056
17724100
8468100
20857489
1229881
6084
31528225
65804544
3767481
39576681
38464804
53684929
18096516
1221025
42367081
3779136
5702544
37847104
52606009
123904
29658916
19321
50154724
25060036
54022500
87086224
71995225
28879876
1401856
260100
7873636
71961289
27615025
57653649
5391684
59444100
9492561
60543961
20259001
42902500
459684
97911025
719104
17757796
66896041
9388096
12418576
69689104
19758025
36120100
23532201
11566801
41293476
12823561
5271616
24690961
3236401
19368801
14745600
75325041
47803396
70963776
105945849
1199025
88040689
5803281
139876
2359296
1155625
58675600
4928400
23580736
13162384
15295921
32832900
23097636
64866916
43309561
77633721
69806025
13557124
56655729
4157521
26956864
273529
3845521
10843849
30140100
22810176
6315169
34292736
25553025
67683529
3154176
101666889
106929
56145049
11492100
17015625
11390625
94848121
87740689
10086976
42745444
71842576
73839649
2725801
88804
531441
43744996
22771984
28558336
5244100
31416025
12194064
34969
75220929
77492809
2157961
3171961
47320641
51940849
61575409
9314704
53875600
16719921
40972801
32901696
5424241
1610361
17640000
53523856
1951609
93528241
60016009
83923921
1079521
27541504
104142025
6666724
36288576
69205761
83156161
86694721
87553449
20106256
15856324
72046144
41113744
7203856
73376356
81631225
102414400
100821681
18105025
9036036
57547396
215296
44156025
100420441
9916201
39904489
167281
28291761
88096996
6446521
89208025
19642624
92416
39438400
31561924
91738084
35164900
3511876
97970404
14017536
324900
69522244
36336784
99580441
86918329
54671236
43296400
10272025
91393600
53553124
181476
18593344
1100401
99221521
11999296
27625536
43362225
749956
76475025
34281025
11370384
24364096
14630625
12752041
70660836
524176
21576025
59629284
9363600
3122289
11029041
15928081
23078416
26512201
6100900
26101881
77088400
452929
45212176
17859076
5248681
3822025
31181056
24245776
3341584
4202500
103124025
35952016
10621081
22316176
6859161
37503376
15800625
21298225
70308225
20602521
40030929
21104836
25341156
62015625
6502500
5760000
50537881
33489369
78039556
48108096
14600041
6175225
17935225
99740169
24295041
1437601
4571044
67371264
31091776
14085009
26010000
16370116
63377521
95082001
29680704
33408400
84235684
76527504
24930049
26429881
68112009
8608356
3694084
80802121
16589329
8427409
69338929
275625
22024249
64883025
54893281
3591025
11641744
22165264
57350329
35593156
27331984
24581764
79388100
1825201
6806881
76729
57123364
59582961
3655744
34656769
39237696
69155856
53772889
59074596
9223369
5597956
21904
33651601
44102881
1060900
83429956
70492816
95062500
3006756
1587600
57335184
100661089
1205604
2093809
40401
1809025
66634569
54538225
213444
944784
104284944
88303609
98783721
13293316
159201
30107169
55920484
16957924
2085136
2316484
817216
77334436
52085089
98148649
41396356
3705625
95883264
7193124
22619536
4456321
96805921
40525956
53831569
21762225
680625
6436369
76300225
24750625
90000
32126224
431649
88792929
599076
32024281
24720784
34550884
75533481
9903609
89624089
18267076
53758224
57790404
100841764
81306289
80910025
79524
1098304
13675204
12780625
33500944
91776400
68392900
84511249
32455809
19439281
36108081
80694289
1175056
97732996
16769025
9979281
17715681
11062276
3444736
4972900
30525625
88397604
481636
174724
7134241
16289296
2418025
81360400
85544001
45441081
26481316
7997584
20223009
48636676
31956409
9290304
91204
14516100
59536656
30162064
53787556
55175184
36590401
48274704
33640000
95531076
19881
35976004
60824401
46389721
19775809
1385329
7403841
1345600
65658609
14638276
81956809
30976
465124
1459264
20629764
46512400
21827584
3802500
102556129
374544
660969
92602129
12517444
17497489
59459521
49730704
58003456
3222025
101042704
4674244
3783025
9284209
1327104
24950025
7022500
72454144
12567025
59783824
45481536
88510464
33779344
1343281
27720225
9572836
16949689
93779856
10004569
2353156
11587216
23794884
65674816
29073664
76580001
61921161
35438209
2920681
1304164
89453764
34539129
41757444
86436
11689561
49420900
20684304
58461316
22344529
55398249
3869089
40804
103550976
76842756
948676
31730689
26635921
2937796
5349969
101163364
31696900
15272464
81054009
79887844
29278921
1936
43970161
48608784
49533444
18496
31036041
9548100
80550625
47623801
64144081
17572864
21529600
33292900
29354724
5779216
4376464
8779369
40373316
95277121
205209
93799225
40386025
2313441
30802500
7595536
31203396
7946761
100280196
21068100
9296401
68641225
1322500
105267600
30030400
80656
61622500
297025
66064384
84805681
21996100
96786244
24176889
70140625
54361129
32661225
60902416
50367409
52243984
39476089
39200121
59938564
5635876
96314596
17690436
61261929
27520516
10863616
82573569
5452225
63856081
106316721
31102929
73256481
99720196
20948929
2809
40627876
9229444
44222500
58951684
26163225
70274689
1723969
19695844
47651409
42042256
86118400
60606225
45454564
24649
19079424
44036496
3433609
1640961
23951236
83814025
24462916
2483776
69322276
11323225
51667344
1232100
39967684
36481600
11042329
94051204
4818025
60964864
10233601
29474041
102232321
66145689
625681
25948836
80532676
43230625
105021504
71605444
52446564
5948721
87067561
4669921
104182849
47224384
29241
21446161
73034116
112225
30991489
56280004
50879689
80676324
52736644
101727396
104244100
254016
56836521
27363361
91355364
3254416
9998244
1592644
46717225
28440889
1896129
84107241
964324
10323369
17255716
47513449
37576900
2795584
5895184
17631601
23755876
98029801
893025
19492225
98128836
588289
13749264
91068849
5484964
16524225
24591681
2627641
90041121
2509056
4318084
24611521
8031556
48400
10080625
19766916
25200400
19245769
20894041
6723649
12766329
9090225
7225344
31494544
69889600
71115489
73359225
172225
52896529
4305625
90630400
103571329
59228416
52954729
40921609
7623121
270400
23804641
67207204
105863521
1633284
73205136
32444416
53538489
12306064
3560769
16834609
10220809
88642225
19660356
1134225
81252196
74839801
12348196
22090000
16088121
30858025
11485321
15413476
10404
1999396
76755121
64593369
100560784
1056784
4822416
104305369
70593604
56700900
46566976
47961
5607424
36723600
8555625
8352100
78818884
67158025
868624
10764961
34175716
14837904
44742721
3111696
2755600
44769481
26020201
65966884
727609
71824
3674889
1682209
46594276
80371225
48706441
24078649
35928036
33120025
36348841
6091024
11854249
103286569
23444964
101082916
55830784
36276529
15225604
3132900
4092529
9684544
6744409
1368900
11648569
59660176
48748324
39980329
2692881
86638864
2214144
91814724
3052009
5827396
94400656
24641296
1002001
16491721
75620416
12503296
133956
81504784
20702500
58828900
2944656
3370896
998001
173889
1957201
207025
17656804
2064969
455625
38105929
1030225
84750436
11377129
8059921
21031396
3258025
23107249
8479744
71791729
16760836
8637721
32638369
21949225
79352464
59691076
12187081
85895824
85359121
46730896
13337104
18181696
64368529
249001
44275716
25070049
65076489
41434969
58446025
906304
15904144
11336689
2421136
49617936
91833889
5769604
57957769
89302500
33477796
5062500
79263409
31550689
23921881
38402809
35808256
49336576
72386064
46662561
48399849
13456
56085121
91011600
11175649
32262400
13935289
1779556
30924721
86657481
32844361
35283600
74166544
3888784
48011041
45968400
614656
22231225
30129121
20268004
19061956
356409
88924900
562500
17147881
89038096
7001316
859329
8133904
5745609
376996
65025
38713284
725904
2985984
50965321
50027329
92659876
51108201
23184225
736164
77000625
29084449
36554116
17564481
1270129
83740801
18818244
5116644
97337956
41783296
23833924
105349696
1177225
36156169
41796225
24049216
31539456
3345241
44488900
12723489
2556801
2839225
84492864
78057225
50608996
3025
22174681
40335201
148996
28869129
18645124
62378404
25593481
6416089
27248400
28901376
35736484
56355049
27499536
39150049
262144
20930625
2331729
98704225
31013761
53202436
71656225
33131536
1028196
15202201
105822369
49729
1024
88416409
1590121
10929636
25290841
57002500
26604964
53012961
34586161
51768025
9186961
6620329
44182609
5499025
28164249
32080896
18992164
61246276
22287841
52693081
435600
34047225
52417600
7711729
27984100
532900
34644996
46280809
6007401
6471936
4879681
11115556
68644
14500864
85729081
83119689
13924
104040000
55279225
22278400
103693489
62394201
48385936
45091225
25613721
2383936
62932489
33628401
58125376
60746436
102637161
35176761
19044496
8549776
50936769
95179536
63091249
26224641
1392400
93636
47458321
60684100
60918025
58629649
57062916
52969284
232324
2140369
2468041
30769209
66977856
576081
23863225
99856
96943716
25160256
41177889
9320809
71081761
5517801
1210000
7817616
15681600
4439449
33154564
6964321
30636225
52128400
18800896
5476
45630025
35378704
94206436
49547521
24235929
9253764
57866449
4826809
8386816
39062500
10523536
26399044
4613904
9030025
85451536
24960016
2117025
783225
16040025
7017201
3969
84345856
33212169
2114116
49224256
78535044
1898884
82628100
829921
41615401
37063744
10575504
81216144
85211361
3678724
29441476
1364224
32569849
13905441
46922500
16129
78996544
34363044
35224225
62710561
4210704
43797924
86415616
6517809
7349521
47914084
344569
30946969
22953681
1281424
22306729
9339136
2347024
497025
77475204
657721
2617924
71690089
19847025
6250000
47817225
99800100
38613796
7414729
19536400
85877289
14462809
43322724
28804689
1664100
39765636
39639616
52998400
199809
73410624
37675044
75550864
88679889
76247824
61606801
55532304
11242609
99640324
77510416
10569001
1625625
2989441
66259600
73188025
84180625
7112889
91968100
35904064
41951529
69906321
24502500
2621161
21930489
25989604
13032100
4687225
8162449
75655204
63234304
29964676
30382144
33605209
35366809
6255001
77228944
30415225
56942116
63011844
9678321
40000
10048900
66863329
24631369
99460729
78074896
11249316
18774889
21921124
15452761
22915369
252004
8952064
25040016
1018081
53494596
74252689
60652944
21025
80102500
103063104
37810201
13169641
22724289
6980164
52229529
13853284
16224784
10201
46991025
5189284
659344
15194404
33124
352836
4804864
35295481
48358116
75411856
68128516
17098225
95433361
69488896
23571025
8111104
746496
6125625
334084
51480625
79495056
885481
4165681
28590409
15697444
1212201
47444544
55591936
102131236
14258176
63952009
85951441
20875761
23493409
38081241
73753744
191844
43771456
7396
4239481
51566761
21123216
4489
7198489
11716929
30569841
64064016
20802721
2217121
23483716
37051569
37970244
848241
20457529
565504
15992001
17089956
27594009
34975396
45118089
51529
93857344
24117921
79923600
66178225
6996025
35046400
13608721
669124
17623204
580644
1371241
47692836
87235600
46826649
81324324
5377761
13883076
11282881
66601921
45697600
6190144
8014561
58033924
55860676
50197225
37982569
73702225
6604900
34035556
35344
39125025
21160000
44595684
5428900
44957025
60528400
62425801
105144516
61308900
2961841
6538249
99600400
49463089
104919049
224676
8008900
23619600
2975625
70560000
48650625
31595641
1397124
4284900
18861649
18679684
82791801
101404900
20584369
37540129
94497841
2560000
56490256
79459396
85303696
4251844
46158436
50381604
6135529
3027600
85858756
10163344
3272481
63888049
101761
12482089
30614089
93296281
17665209
31483321
73496329
3048516
5870929
64529089
96983104
33039504
20466576
8814961
79762761
5659641
1164241
91221601
17783089
14915044
17106496
68227600
214369
2024929
72471169
877969
10751841
55086084
27857284
4153444
87030241
8797156
1929321
13315201
68376361
27783441
56205009
47872561
516961
74269924
82755409
3600
38025
40615129
37356544
30492484
47087044
44169316
98604900
96904336
471969
74684164
103469584
15634116
32171584
41460721
2566404
83649316
18740241
41860900
4682896
30206016
7441984
62283664
54302161
48330304
6230016
490000
8940100
697225
28922884
56505289
26646244
65383396
27636049
3196944
6335289
28526281
51710481
98585041
93508900
22401289
77158656
86974276
71893441
20720704
12960000
36808489
6635776
1661521
7812025
20529961
16516096
223729
59598400
53567761
97042201
2007889
51984
11404129
57320041
98942809
8116801
1378276
2259009
30063289
39702601
59367025
3097600
1223236
5788836
80192025
25786084
21492496
31820881
45954841
79673476
9935104
12467961
2792241
12460900
1666681
2452356
105801796
81920601
14691889
78499600
56475225
40220964
3697929
68674369
42380100
64416676
35093776
86731969
2044900
15327225
5885476
2365444
24167056
97812100
49829481
5688225
71639296
7128900
2879809
34916281
16966161
41062464
58308496
24780484
31449664
67190809
47430769
86862400
93431556
2099601
19386409
39363076
3312400
61748164
23116864
555025
586756
2070721
72199009
741321
39955041
3610000
30459361
383161
104162436
26491609
15880225
27952369
86545809
1430416
8856576
67092481
53071225
101969604
1243225
19254544
20830096
36385024
6507601
10982596
10118761
1600
28376929
16785409
662596
45846441
42159049
35034561
101767744
40551424
64224196
2477476
9144576
48149721
103266244
218089
88228449
853776
18567481
483025
35247969
1102500
85803169
40755456
18792225
13322500
49112064
12945604
62441604
5919489
41152225
97851664
2250000
840889
90174016
7974976
12545764
64947481
13564489
65983129
10017225
25847056
21631801
36204289
235225
1299600
13868176
88172100
29235649
16605625
1301881
90592324
12794929
54967396
29702500
62853184
43943641
9753129
55980324
3164841
49126081
20675209
5856400
573049
4910656
75186241
20593444
50183056
7617600
1763584
76895361
86471401
2859481
646416
67634176
19562929
1852321
12595401
85082176
101687056
83539600
13704804
99660289
80281600
20939776
58813561
86825124
4778596
51969681
63520900
32867289
90022144
72982849
269361
19018321
85692049
5103081
16974400
23396569
101808100
68425984
79423744
65464281
69772609
57078025
54390625
25532809
99980001
53919649
651249
63170704
80317444
53743561
17272336
1855044
26204161
57198969
83320384
14002564
22372900
18054001
52620516
71487025
13816089
972196
77281681
24920064
81036004
60450625
35664784
2611456
60248644
71520849
60855601
68608089
102779044
3352561
104591529
86081284
91030681
86248369
605284
16662724
28633201
16096144
15319396
14645929
96334225
36602500
28944400
39803481
40106889
341056
20160100
44209201
49632025
15531481
81558961
8573184
29517489
234256
12916836
56866681
11142244
4485924
6215049
100440484
4734976
1317904
439569
285156
89737729
32501401
96766569
3470769
80496784
946729
51926436
69105969
26419600
30404196
40564161
75290329
151321
16434916
88472836
2900209
7096896
84768849
519841
84015556
47485881
2706025
45414121
3389281
21603904
13388281
10995856
28569025
3279721
77915929
19000881
18455616
46131264
37249
55219761
97121025
21659716
6770404
38925121
12524521
7929856
28643904
20657025
41576704
2232036
82119844
39715204
15062161
373321
29106025
18766224
50694400
6625476
2187441
91642329
6548481
93122500
101445184
432964
61968384
71233600
53144100
51408900
11758041
4393216
33005025
6086089
61371556
84437721
105575625
26306641
6431296
26574025
20178064
100721296
35760400
44521
24681024
24304900
85433049
54169600
98069409
99500625
29181604
24492601
100060009
80514729
1860496
10890000
16329681
66471409
65691025
53187849
25857225
96255721
99900025
27878400
4626801
86266944
1876900
3392964
1643524
2856100
1354896
27206656
966289
73393489
49970761
13965169
83247376
7634169
24157225
50509449
31584400
99540529
86490000
2592100
89378116
67125249
837225
8042896
88943761
19184400
243049
33802596
76020961
25080064
83850649
6120676
24621444
2396304
21049744
27962944
11985444
38812900
40195600
9665881
45738169
1077444
4464769
26244
2544025
20052484
34798201
60435076
99121936
442225
60403984
53816896
50908225
15129
92140801
14561856
31337604
67081
13860729
3606201
910116
13417569
33965584
90497169
65237929
225625
88266025
31516996
1390041
29811600
9659664
69272329
46471489
3207681
56325025
98465929
11909401
80748196
59290000
43164900
15625
105884100
42601729
23377225
58018689
22982436
10510564
53056656
73994404
76790169
7043716
744769
97614400
22146436
12645136
43112356
61858225
37295449
1052676
50836900
102961609
93025
66781584
74736025
29789764
58171129
47706649
6145441
35844169
55785961
18292729
690561
82156096
42393121
45796
625
1119364
2088025
152100
15374241
19633761
26183689
87684496
30261001
2241009
9703225
63920025
71740900
11826721
29149201
7884864
1283689
103999204
22877089
15249025
9216
2401
5031049
40005625
362404
109561
56175025
12510369
13520329
40233649
6786025
1225449
12376324
9205156
33988900
1022121
97061904
86936976
70829056
2247001
11025
42823936
34574400
86527204
50324836
18722929
39100009
38241856
47032164
7102225
1179396
29365561
470596
43256929
92910321
577600
23126481
56776225
6661561
25704900
54125449
13942756
24334489
18896409
16384
9721924
1962801
16064064
71419401
1937664
96196864
2849344
27352900
84474481
60730849
22052416
11971600
84052224
20061441
65739664
16507969
88134544
682276
123201
71927361
20729809
98247744
279841
5171076
38204761
40768225
5139289
2374681
54552996
25745476
92756161
3984016
84290761
80013025
37393225
19483396
62758084
63313849
34596
93837969
44328964
102333456
19158129
27342441
39225169
11464996
672400
121801
24039409
19316025
14523721
45225625
6051600
7284601
31708161
55950400
54982225
7828804
36832761
14891881
20448484
1166400
60980481
103164649
52403121
13380964
99181681
6320196
2679769
12574116
328329
46840336
94828644
10595025
1585081
3996001
2496400
58936329
25921
21178404
24127744
61152400
30426256
22201
42784681
31236921
90060100
24344356
64320400
19149376
27050401
11937025
9018009
26193924
76667536
94381225
65221776
16597476
1113025
15984004
79977249
99780121
48219136
38278969
13213225
2643876
7568001
62520649
74373376
73085401
54597321
42954916
62742241
1444804
62552281
18301284
64689849
1692601
84088900
44315649
12341169
139129
36966400
26770276
26316900
78872161
75881521
104632441
14182756
36493681
98962704
321489
9265936
17161
41718681
80478841
41512249
88284816
4036081
2436721
39375625
42302016
2808976
40182921
54346384
4225
59505796
31382404
56746089
18524416
22505536
46321636
50126400
9603801
802816
22127616
11723776
8532241
30735936
52823824
4955076
45805824
22033636
238144
18601969
5890329
53361
10673289
68856804
38254225
46867716
59166864
16265089
65869456
86304100
950625
18361225
71453209
4915089
5968249
43903876
67963536
90098064
60217600
105678400
26409321
103002201
54656449
84603204
22250089
24810361
3924361
28387584
31348801
9126441
24108100
89794576
65642404
664225
5987809
94536729
40640625
11128896
12773476
97436641
96491329
3437316
1488400
53319204
3621409
4255969
627264
106110601
1274641
617796
15155449
12159169
233289
91872225
45522009
20385225
86955625
1718721
59013124
45131524
51423241
28005264
39891856
78251716
13300609
61512649
81902500
23541904
16208676
51079609
6922161
23222761
21911761
58967041
104857600
62031376
25684624
81162081
6245001
22212369
16900
14622976
8934121
35640900
3319684
1296
33235225
13830961
1245456
95609284
1737124
20976400
9796900
22155849
42837025
17648401
2175625
20475625
44368921
1485961
42719296
79245604
16641
31866025
71876484
100460529
925444
37957921
6365529
37797904
42889401
56460196
28815424
82591744
4473225
49322529
58216900
41422096
63968004
65060356
335241
43533604
3865156
25230529
24265476
15093225
53333809
59675625
66699889
16144324
65351056
72590400
43877376
954529
79316836
66683556
8761600
15132100
4769856
83521
17943696
93083904
9132484
24651225
286225
59490369
66341025
103612041
18731584
43996689
59752900
5456896
29463184
1705636
7728400
16240900
39526369
559504
55115776
861184
17164449
120409
25140196
2505889
60668521
447561
94945536
91948921
93605625
408321
3740356
56310016
56731024
56580484
70728100
55890576
17808400
8259876
17363889
323761
10240000
31674384
16451136
5817744
27112849
55264356
9480241
34939921
86750596
78357904
37149025
6290064
20115225
1565001
22781529
21715600
70576801
24730729
90601
68029504
34703881
458329
97002801
99560484
15523600
55383364
39778249
71859529
14845609
33200644
14318656
22515025
4884100
1104601
463761
104203264
10349089
790321
89401
70862724
75568249
10265616
45104656
3359889
27920656
6200100
29953729
101646724
85396081
82446400
10824100
69089344
1890625
715716
27029601
19704721
7513081
49801249
5299204
48455521
76108176
22905796
86881041
61230625
10067929
48135844
169744
7365796
11289600
4592449
6036849
488601
33856
3534400
17032129
12673600
26286129
2146225
26450449
211600
81378441
96118416
3087049
84400969
77284
45400644
6275025
7123561
21150801
6754801
16345849
71064900
81
10329796
45508516
49519369
65707236
39652209
81108036
81830116
9872164
2337841
76055841
66308449
51036736
7300804
822649
9369721
100340289
26697889
73736569
55696369
5934096
82228624
88209
35581225
56265001
1382976
349281
168100
63393444
52359696
2328676
101868649
59274601
88849476
77053284
17606416
43639236
56881764
91278916
547600
5262436
96373489
4389025
17040384
44142736
26071236
99102025
70744921
103367889
29160000
10556001
49210225
9467929
583696
104816644
52441
43626025
60419529
4635409
58369600
22184100
65044225
70778569
17749369
22363441
27667600
1979649
33339076
7376656
10099684
61277584
6185169
4145296
69372241
45792289
103428900
81796
95140516
10504081
21836929
77176225
2292196
79512889
160801
12411529
9302500
3186225
12362256
91126116
65950641
8732025
59536
43864129
404496
104080804
22762441
8185321
52548001
4351396
29008996
73222249
29593600
1806336
20241001
85174441
24010000
36735721
55308969
38316100
77264100
55056400
89661961
55651600
131044
687241
19749136
81414529
1308736
62236321
1817104
28579716
15721225
5697769
54937744
10732176
55965361
38489616
7573504
9834496
79210000
69839449
38975049
35212356
65318724
15626209
4268356
6512704
40985604
7469289
47955625
30980356
64673764
11108889
17139600
89189136
8305924
85840225
2842596
13075456
2461761
89548369
104775696
4596736
69739201
16192576
51652969
16532356
77299264
2608225
1993744
51854401
83576164
20575296
7230721
105596176
47582404
91336249
5851561
71978256
61058596
101344489
72080100
11022400
75377124
57775201
11881809
14760964
3069504
491401
83685904
98684356
96845281
73239364
55562116
61011721
76335169
2563201
68145025
18696976
2825761
7327849
58660281
29604481
41847961
24760576
25210441
40653376
11222500
36360900
1227664
3367225
47128225
88341201
23941449
44702596
30680521
15335056
99042304
39677401
89056969
49942489
91987281
29311396
9024016
43059844
42484324
26337424
92371321
6974881
8439025
5654884
198025
30558784
6260004
2752281
89397025
91929744
38809
117649
70459236
33582025
85849
47183161
50722884
11737476
14615329
51868804
81144064
59182249
15163236
11874916
81288256
52577001
11930116
2134521
35236096
64834704
19236996
39790864
758641
73667889
28058209
14364100
16777216
52591504
1934881
81775849
23425600
41550916
3786916
45684081
27019204
2614689
95218564
3763600
12702096
42198016
16867449
55487601
3709476
82682649
763876
14227984
11600836
40309801
866761
1094116
16313521
18113536
19395216
56235001
36663025
32114889
99225
772641
78287104
31663129
89927289
19855936
4052169
34751025
18011536
18395521
10771524
18190225
75690000
11614464
6584356
7639696
7683984
994009
10291264
80227849
40094224
72029169
14295961
55130625
33051001
8151025
26896
12180100
36421225
21566736
42863209
61826769
41873841
29899024
82846404
230400
92563641
18844281
97634161
50083929
110224
60155536
52900
84824100
56806369
11526025
35188624
10125124
33385284
17850625
380689
90573289
1069156
2027776
8538084
5359225
102191881
24910081
55353600
42419169
942841
31798321
82264900
1279161
66129424
5832225
36372961
28153636
98346889
49660209
41209
44997264
43454464
50794129
21390625
70509609
63001
100020001
15038884
6916900
17960644
36505764
28686736
2455489
13972644
95922436
51265600
5664400
937024
35652841
64
95765796
42172036
8311689
102313225
37933281
58354321
49744809
2439844
52707600
35880100
6739216
69405561
106028209
11943936
33977241
73822464
56644
256036
98109025
37307664
9778129
29041321
35319249
12321
62678889
16744464
87160896
87478609
71250481
2893401
80568576
567009
5645376
99301225
4032064
46403344
24443136
338724
82882816
22335076
25694761
330625
40436881
240100
29333056
5929
13359025
2576025
52562500
3115225
12687844
41964484
7049025
69172489
50176
72556324
4235364
12299049
65918161
12866569
1811716
271441
332929
8720209
6022116
103530625
9511056
1276900
11095561
35784324
72948681
64208169
36942084
32729841
8145316
51796809
57501889
6646084
92102409
106213636
41770369
85340644
62078641
42732369
26790976
52142841
86787856
32194276
85470025
56100100
48566961
85655025
26666896
48121969
31809600
90763729
225
67699984
960400
2235025
8375236
7868025
64802500
24671089
76510009
53392249
58049161
1125721
84695209
31979025
839056
79691329
5121169
26152996
492804
69169
3249
1046529
55190041
94770225
44943616
13549761
7236100
20912329
69555600
18481401
95296644
75134224
51093904
56851600
93489561
23213124
8196769
1357225
15376
96924025
34963569
76807696
2660161
4937284
29495761
85618009
5736025
59259204
63792169
17689
7033104
10896601
43467649
8749764
7896100
26061025
257049
45252529
5013121
63027721
55547209
88378801
1846881
69006249
611524
6990736
85673536
360000
81180100
67059721
104387089
37491129
35712576
83503044
41100921
6812100
21381376
7800849
170569
9790641
4088484
34225
8584900
19820304
10745284
5044516
70711281
96884649
13198689
5198400
53714241
7209225
4418404
104264521
550564
26873856
61591104
9690769
3904576
8886361
63536841
26265625
3182656
968256
75394489
40043584
12327121
37636
39350529
78588225
81667369
62948356
23961025
49449024
41705764
95981209
40068900
31225744
12931216
9060100
71470116
70225
15563025
57896881
27225
10666756
86099841
820836
32878756
14167696
19873764
4900
30780304
73582084
2739025
32718400
85599504
57699216
6390784
15872256
883600
23814400
14938225
1121481
26040609
863041
31472100
28676025
2832489
11168964
8631844
73805281
28729600
58920976
60025
2927521
69822736
5414929
48832144
73017025
779689
51897616
23406244
982081
6713281
648025
17247409
9591409
90212004
6497401
55621764
34316164
12152196
14115049
64625521
104796169
18983449
15000129
59136100
119025
83375161
66324736
21883684
100100025
27709696
103774969
4452100
12201049
35557369
76073284
94342369
33953929
70425664
83759104
2310400
4862025
96963409
59049
21022225
9412624
84584809
4338889
89775625
29724304
102718225
104101209
46376100
44649124
64432729
34492129
49914225
14584761
42237001
692224
372100
81018001
8122500
12145225
9884736
61042969
56370064
28185481
32228329
100220121
4656964
98823481
3422500
78641424
10259209
67584841
8037225
105288121
49999041
378225
11329956
68807025
3211264
3713329
18062500
448900
9909904
50665924
40870449
24800400
39551521
16752649
15729156
25441936
82210489
88661056
8462281
79584241
210681
57517056
88548100
9394225
8281
21344400
47059600
454276
1435204
73977201
17239104
62663056
71571600
38725729
91298025
53904964
16297369
724201
37515625
57638464
76930441
98208100
23164969
1432809
93392896
7784100
219961
4190209
12320100
80730225
5184
32775625
49070025
98596
12837889
165649
3396649
52911076
755161
20502784
1552516
100200100
54289
14371681
61936900
89151364
14569489
8567329
103041
5822569
50466816
22572001
3644281
